# energy grid [eV]  eels components [arbitrary units]
#
    0.000000000    0.000000000    0.000000000    0.000000000
    0.015015015    0.000010877    0.000010877    0.000010877
    0.030030030    0.000021758    0.000021758    0.000021758
    0.045045045    0.000032645    0.000032645    0.000032645
    0.060060060    0.000043542    0.000043542    0.000043542
    0.075075075    0.000054453    0.000054453    0.000054453
    0.090090090    0.000065380    0.000065380    0.000065380
    0.105105105    0.000076329    0.000076329    0.000076329
    0.120120120    0.000087301    0.000087301    0.000087301
    0.135135135    0.000098301    0.000098301    0.000098301
    0.150150150    0.000109332    0.000109332    0.000109332
    0.165165165    0.000120399    0.000120399    0.000120399
    0.180180180    0.000131505    0.000131505    0.000131505
    0.195195195    0.000142654    0.000142654    0.000142654
    0.210210210    0.000153851    0.000153851    0.000153851
    0.225225225    0.000165100    0.000165100    0.000165100
    0.240240240    0.000176405    0.000176405    0.000176405
    0.255255255    0.000187772    0.000187772    0.000187772
    0.270270270    0.000199205    0.000199205    0.000199205
    0.285285285    0.000210710    0.000210710    0.000210710
    0.300300300    0.000222293    0.000222293    0.000222293
    0.315315315    0.000233958    0.000233958    0.000233958
    0.330330330    0.000245713    0.000245713    0.000245713
    0.345345345    0.000257564    0.000257564    0.000257564
    0.360360360    0.000269518    0.000269518    0.000269518
    0.375375375    0.000281583    0.000281583    0.000281583
    0.390390390    0.000293767    0.000293767    0.000293767
    0.405405405    0.000306078    0.000306078    0.000306078
    0.420420420    0.000318526    0.000318526    0.000318526
    0.435435435    0.000331121    0.000331121    0.000331121
    0.450450450    0.000343874    0.000343874    0.000343874
    0.465465465    0.000356797    0.000356797    0.000356797
    0.480480480    0.000369902    0.000369902    0.000369902
    0.495495495    0.000383204    0.000383204    0.000383204
    0.510510511    0.000396719    0.000396719    0.000396719
    0.525525526    0.000410463    0.000410463    0.000410463
    0.540540541    0.000424456    0.000424456    0.000424456
    0.555555556    0.000438717    0.000438717    0.000438717
    0.570570571    0.000453271    0.000453271    0.000453271
    0.585585586    0.000468143    0.000468143    0.000468143
    0.600600601    0.000483363    0.000483363    0.000483363
    0.615615616    0.000498963    0.000498963    0.000498963
    0.630630631    0.000514979    0.000514979    0.000514979
    0.645645646    0.000531455    0.000531455    0.000531455
    0.660660661    0.000548437    0.000548437    0.000548437
    0.675675676    0.000565980    0.000565980    0.000565980
    0.690690691    0.000584149    0.000584149    0.000584149
    0.705705706    0.000603016    0.000603016    0.000603016
    0.720720721    0.000622667    0.000622667    0.000622667
    0.735735736    0.000643204    0.000643204    0.000643204
    0.750750751    0.000664746    0.000664746    0.000664746
    0.765765766    0.000687436    0.000687436    0.000687436
    0.780780781    0.000711447    0.000711447    0.000711447
    0.795795796    0.000736988    0.000736988    0.000736988
    0.810810811    0.000764316    0.000764316    0.000764316
    0.825825826    0.000793753    0.000793753    0.000793753
    0.840840841    0.000825700    0.000825700    0.000825700
    0.855855856    0.000860670    0.000860670    0.000860670
    0.870870871    0.000899328    0.000899328    0.000899328
    0.885885886    0.000942545    0.000942545    0.000942545
    0.900900901    0.000991486    0.000991486    0.000991486
    0.915915916    0.001047742    0.001047742    0.001047742
    0.930930931    0.001113522    0.001113522    0.001113522
    0.945945946    0.001191966    0.001191966    0.001191966
    0.960960961    0.001287636    0.001287636    0.001287636
    0.975975976    0.001407287    0.001407287    0.001407287
    0.990990991    0.001561063    0.001561063    0.001561063
    1.006006006    0.001764124    0.001764124    0.001764124
    1.021021021    0.002037994    0.002037994    0.002037994
    1.036036036    0.002407758    0.002407758    0.002407758
    1.051051051    0.002882013    0.002882013    0.002882013
    1.066066066    0.003394030    0.003394030    0.003394030
    1.081081081    0.003750961    0.003750961    0.003750961
    1.096096096    0.003797605    0.003797605    0.003797605
    1.111111111    0.003657396    0.003657396    0.003657396
    1.126126126    0.003554782    0.003554782    0.003554782
    1.141141141    0.003568077    0.003568077    0.003568077
    1.156156156    0.003650150    0.003650150    0.003650150
    1.171171171    0.003780590    0.003780590    0.003780590
    1.186186186    0.004040796    0.004040796    0.004040796
    1.201201201    0.004523213    0.004523213    0.004523213
    1.216216216    0.005233827    0.005233827    0.005233827
    1.231231231    0.005993866    0.005993866    0.005993866
    1.246246246    0.006420819    0.006420819    0.006420819
    1.261261261    0.006289570    0.006289570    0.006289570
    1.276276276    0.005865352    0.005865352    0.005865352
    1.291291291    0.005554603    0.005554603    0.005554603
    1.306306306    0.005521481    0.005521481    0.005521481
    1.321321321    0.005671101    0.005671101    0.005671101
    1.336336336    0.005782462    0.005782462    0.005782462
    1.351351351    0.005774366    0.005774366    0.005774366
    1.366366366    0.005733869    0.005733869    0.005733869
    1.381381381    0.005664743    0.005664743    0.005664743
    1.396396396    0.005563617    0.005563617    0.005563617
    1.411411411    0.005551243    0.005551243    0.005551243
    1.426426426    0.005680808    0.005680808    0.005680808
    1.441441441    0.005830552    0.005830552    0.005830552
    1.456456456    0.005913290    0.005913290    0.005913290
    1.471471471    0.006067944    0.006067944    0.006067944
    1.486486486    0.006467962    0.006467962    0.006467962
    1.501501502    0.007102089    0.007102089    0.007102089
    1.516516517    0.007742423    0.007742423    0.007742423
    1.531531532    0.008074422    0.008074422    0.008074422
    1.546546547    0.007974849    0.007974849    0.007974849
    1.561561562    0.007713588    0.007713588    0.007713588
    1.576576577    0.007660701    0.007660701    0.007660701
    1.591591592    0.007892606    0.007892606    0.007892606
    1.606606607    0.008175499    0.008175499    0.008175499
    1.621621622    0.008251456    0.008251456    0.008251456
    1.636636637    0.008058550    0.008058550    0.008058550
    1.651651652    0.007624447    0.007624447    0.007624447
    1.666666667    0.007104249    0.007104249    0.007104249
    1.681681682    0.006698456    0.006698456    0.006698456
    1.696696697    0.006409292    0.006409292    0.006409292
    1.711711712    0.006142057    0.006142057    0.006142057
    1.726726727    0.005941986    0.005941986    0.005941986
    1.741741742    0.005942630    0.005942630    0.005942630
    1.756756757    0.006214165    0.006214165    0.006214165
    1.771771772    0.006732301    0.006732301    0.006732301
    1.786786787    0.007409898    0.007409898    0.007409898
    1.801801802    0.008192063    0.008192063    0.008192063
    1.816816817    0.009032210    0.009032210    0.009032210
    1.831831832    0.009747377    0.009747377    0.009747377
    1.846846847    0.010112697    0.010112697    0.010112697
    1.861861862    0.010092471    0.010092471    0.010092471
    1.876876877    0.009850132    0.009850132    0.009850132
    1.891891892    0.009543253    0.009543253    0.009543253
    1.906906907    0.009266258    0.009266258    0.009266258
    1.921921922    0.009023463    0.009023463    0.009023463
    1.936936937    0.008781746    0.008781746    0.008781746
    1.951951952    0.008503815    0.008503815    0.008503815
    1.966966967    0.008235385    0.008235385    0.008235385
    1.981981982    0.008096281    0.008096281    0.008096281
    1.996996997    0.008093440    0.008093440    0.008093440
    2.012012012    0.008062875    0.008062875    0.008062875
    2.027027027    0.007913463    0.007913463    0.007913463
    2.042042042    0.007758758    0.007758758    0.007758758
    2.057057057    0.007787222    0.007787222    0.007787222
    2.072072072    0.008142618    0.008142618    0.008142618
    2.087087087    0.008867357    0.008867357    0.008867357
    2.102102102    0.009858823    0.009858823    0.009858823
    2.117117117    0.010808153    0.010808153    0.010808153
    2.132132132    0.011364539    0.011364539    0.011364539
    2.147147147    0.011460303    0.011460303    0.011460303
    2.162162162    0.011289786    0.011289786    0.011289786
    2.177177177    0.011065530    0.011065530    0.011065530
    2.192192192    0.010846229    0.010846229    0.010846229
    2.207207207    0.010588433    0.010588433    0.010588433
    2.222222222    0.010319110    0.010319110    0.010319110
    2.237237237    0.010148373    0.010148373    0.010148373
    2.252252252    0.010158446    0.010158446    0.010158446
    2.267267267    0.010388666    0.010388666    0.010388666
    2.282282282    0.010866047    0.010866047    0.010866047
    2.297297297    0.011562938    0.011562938    0.011562938
    2.312312312    0.012372352    0.012372352    0.012372352
    2.327327327    0.013204478    0.013204478    0.013204478
    2.342342342    0.014077700    0.014077700    0.014077700
    2.357357357    0.015045138    0.015045138    0.015045138
    2.372372372    0.016168585    0.016168585    0.016168585
    2.387387387    0.017534108    0.017534108    0.017534108
    2.402402402    0.019143036    0.019143036    0.019143036
    2.417417417    0.020854526    0.020854526    0.020854526
    2.432432432    0.022502092    0.022502092    0.022502092
    2.447447447    0.024015499    0.024015499    0.024015499
    2.462462462    0.025441587    0.025441587    0.025441587
    2.477477477    0.026806386    0.026806386    0.026806386
    2.492492492    0.028031441    0.028031441    0.028031441
    2.507507508    0.029007581    0.029007581    0.029007581
    2.522522523    0.029683186    0.029683186    0.029683186
    2.537537538    0.030141113    0.030141113    0.030141113
    2.552552553    0.030591468    0.030591468    0.030591468
    2.567567568    0.031304087    0.031304087    0.031304087
    2.582582583    0.032436279    0.032436279    0.032436279
    2.597597598    0.033897130    0.033897130    0.033897130
    2.612612613    0.035540942    0.035540942    0.035540942
    2.627627628    0.037342829    0.037342829    0.037342829
    2.642642643    0.039141923    0.039141923    0.039141923
    2.657657658    0.040376627    0.040376627    0.040376627
    2.672672673    0.040589644    0.040589644    0.040589644
    2.687687688    0.039967548    0.039967548    0.039967548
    2.702702703    0.039079561    0.039079561    0.039079561
    2.717717718    0.038390563    0.038390563    0.038390563
    2.732732733    0.038042495    0.038042495    0.038042495
    2.747747748    0.038025821    0.038025821    0.038025821
    2.762762763    0.038432242    0.038432242    0.038432242
    2.777777778    0.039314682    0.039314682    0.039314682
    2.792792793    0.040511533    0.040511533    0.040511533
    2.807807808    0.041824164    0.041824164    0.041824164
    2.822822823    0.043212136    0.043212136    0.043212136
    2.837837838    0.044642275    0.044642275    0.044642275
    2.852852853    0.045880748    0.045880748    0.045880748
    2.867867868    0.046620539    0.046620539    0.046620539
    2.882882883    0.046727158    0.046727158    0.046727158
    2.897897898    0.046336696    0.046336696    0.046336696
    2.912912913    0.045777126    0.045777126    0.045777126
    2.927927928    0.045235533    0.045235533    0.045235533
    2.942942943    0.044772866    0.044772866    0.044772866
    2.957957958    0.044541768    0.044541768    0.044541768
    2.972972973    0.044563115    0.044563115    0.044563115
    2.987987988    0.044624365    0.044624365    0.044624365
    3.003003003    0.044507389    0.044507389    0.044507389
    3.018018018    0.044208706    0.044208706    0.044208706
    3.033033033    0.044122450    0.044122450    0.044122450
    3.048048048    0.044620828    0.044620828    0.044620828
    3.063063063    0.045543919    0.045543919    0.045543919
    3.078078078    0.046560970    0.046560970    0.046560970
    3.093093093    0.047589213    0.047589213    0.047589213
    3.108108108    0.048557389    0.048557389    0.048557389
    3.123123123    0.049153633    0.049153633    0.049153633
    3.138138138    0.049119968    0.049119968    0.049119968
    3.153153153    0.048664679    0.048664679    0.048664679
    3.168168168    0.048346828    0.048346828    0.048346828
    3.183183183    0.048319751    0.048319751    0.048319751
    3.198198198    0.048081351    0.048081351    0.048081351
    3.213213213    0.047210976    0.047210976    0.047210976
    3.228228228    0.045860622    0.045860622    0.045860622
    3.243243243    0.044399966    0.044399966    0.044399966
    3.258258258    0.043018555    0.043018555    0.043018555
    3.273273273    0.041928721    0.041928721    0.041928721
    3.288288288    0.041322925    0.041322925    0.041322925
    3.303303303    0.041266881    0.041266881    0.041266881
    3.318318318    0.041810591    0.041810591    0.041810591
    3.333333333    0.042919031    0.042919031    0.042919031
    3.348348348    0.044364598    0.044364598    0.044364598
    3.363363363    0.045797940    0.045797940    0.045797940
    3.378378378    0.046736356    0.046736356    0.046736356
    3.393393393    0.046730168    0.046730168    0.046730168
    3.408408408    0.045855041    0.045855041    0.045855041
    3.423423423    0.044659807    0.044659807    0.044659807
    3.438438438    0.043480253    0.043480253    0.043480253
    3.453453453    0.042329999    0.042329999    0.042329999
    3.468468468    0.041215039    0.041215039    0.041215039
    3.483483483    0.040038676    0.040038676    0.040038676
    3.498498498    0.038784283    0.038784283    0.038784283
    3.513513514    0.037689980    0.037689980    0.037689980
    3.528528529    0.036890808    0.036890808    0.036890808
    3.543543544    0.036367209    0.036367209    0.036367209
    3.558558559    0.036105797    0.036105797    0.036105797
    3.573573574    0.036005152    0.036005152    0.036005152
    3.588588589    0.035902402    0.035902402    0.035902402
    3.603603604    0.035789848    0.035789848    0.035789848
    3.618618619    0.035619152    0.035619152    0.035619152
    3.633633634    0.035226518    0.035226518    0.035226518
    3.648648649    0.034626913    0.034626913    0.034626913
    3.663663664    0.033910724    0.033910724    0.033910724
    3.678678679    0.033150130    0.033150130    0.033150130
    3.693693694    0.032487073    0.032487073    0.032487073
    3.708708709    0.032014062    0.032014062    0.032014062
    3.723723724    0.031712776    0.031712776    0.031712776
    3.738738739    0.031482643    0.031482643    0.031482643
    3.753753754    0.031268030    0.031268030    0.031268030
    3.768768769    0.031162442    0.031162442    0.031162442
    3.783783784    0.031298605    0.031298605    0.031298605
    3.798798799    0.031660918    0.031660918    0.031660918
    3.813813814    0.032108161    0.032108161    0.032108161
    3.828828829    0.032534168    0.032534168    0.032534168
    3.843843844    0.032924243    0.032924243    0.032924243
    3.858858859    0.033268849    0.033268849    0.033268849
    3.873873874    0.033545163    0.033545163    0.033545163
    3.888888889    0.033776592    0.033776592    0.033776592
    3.903903904    0.034021082    0.034021082    0.034021082
    3.918918919    0.034274838    0.034274838    0.034274838
    3.933933934    0.034425936    0.034425936    0.034425936
    3.948948949    0.034433715    0.034433715    0.034433715
    3.963963964    0.034385089    0.034385089    0.034385089
    3.978978979    0.034303145    0.034303145    0.034303145
    3.993993994    0.034183731    0.034183731    0.034183731
    4.009009009    0.034143030    0.034143030    0.034143030
    4.024024024    0.034287604    0.034287604    0.034287604
    4.039039039    0.034564399    0.034564399    0.034564399
    4.054054054    0.034820002    0.034820002    0.034820002
    4.069069069    0.034931345    0.034931345    0.034931345
    4.084084084    0.034817111    0.034817111    0.034817111
    4.099099099    0.034447789    0.034447789    0.034447789
    4.114114114    0.033908881    0.033908881    0.033908881
    4.129129129    0.033306007    0.033306007    0.033306007
    4.144144144    0.032677441    0.032677441    0.032677441
    4.159159159    0.032047199    0.032047199    0.032047199
    4.174174174    0.031448423    0.031448423    0.031448423
    4.189189189    0.030875902    0.030875902    0.030875902
    4.204204204    0.030329288    0.030329288    0.030329288
    4.219219219    0.029855730    0.029855730    0.029855730
    4.234234234    0.029494875    0.029494875    0.029494875
    4.249249249    0.029190218    0.029190218    0.029190218
    4.264264264    0.028845037    0.028845037    0.028845037
    4.279279279    0.028422414    0.028422414    0.028422414
    4.294294294    0.027961779    0.027961779    0.027961779
    4.309309309    0.027556429    0.027556429    0.027556429
    4.324324324    0.027289061    0.027289061    0.027289061
    4.339339339    0.027215457    0.027215457    0.027215457
    4.354354354    0.027398971    0.027398971    0.027398971
    4.369369369    0.027894225    0.027894225    0.027894225
    4.384384384    0.028652294    0.028652294    0.028652294
    4.399399399    0.029529009    0.029529009    0.029529009
    4.414414414    0.030377708    0.030377708    0.030377708
    4.429429429    0.031075970    0.031075970    0.031075970
    4.444444444    0.031631536    0.031631536    0.031631536
    4.459459459    0.032306036    0.032306036    0.032306036
    4.474474474    0.033434555    0.033434555    0.033434555
    4.489489489    0.035129120    0.035129120    0.035129120
    4.504504505    0.037162586    0.037162586    0.037162586
    4.519519520    0.039061073    0.039061073    0.039061073
    4.534534535    0.040419877    0.040419877    0.040419877
    4.549549550    0.041075191    0.041075191    0.041075191
    4.564564565    0.041017284    0.041017284    0.041017284
    4.579579580    0.040431385    0.040431385    0.040431385
    4.594594595    0.039772417    0.039772417    0.039772417
    4.609609610    0.039671016    0.039671016    0.039671016
    4.624624625    0.040629821    0.040629821    0.040629821
    4.639639640    0.042721574    0.042721574    0.042721574
    4.654654655    0.045602644    0.045602644    0.045602644
    4.669669670    0.048723601    0.048723601    0.048723601
    4.684684685    0.051581321    0.051581321    0.051581321
    4.699699700    0.053795643    0.053795643    0.053795643
    4.714714715    0.055059503    0.055059503    0.055059503
    4.729729730    0.055242552    0.055242552    0.055242552
    4.744744745    0.054534710    0.054534710    0.054534710
    4.759759760    0.053301316    0.053301316    0.053301316
    4.774774775    0.051876759    0.051876759    0.051876759
    4.789789790    0.050627053    0.050627053    0.050627053
    4.804804805    0.050068010    0.050068010    0.050068010
    4.819819820    0.050662657    0.050662657    0.050662657
    4.834834835    0.052401467    0.052401467    0.052401467
    4.849849850    0.054827948    0.054827948    0.054827948
    4.864864865    0.057527681    0.057527681    0.057527681
    4.879879880    0.060331291    0.060331291    0.060331291
    4.894894895    0.063033691    0.063033691    0.063033691
    4.909909910    0.065332441    0.065332441    0.065332441
    4.924924925    0.067221066    0.067221066    0.067221066
    4.939939940    0.068849511    0.068849511    0.068849511
    4.954954955    0.070065763    0.070065763    0.070065763
    4.969969970    0.070556450    0.070556450    0.070556450
    4.984984985    0.070147696    0.070147696    0.070147696
    5.000000000    0.068951194    0.068951194    0.068951194
    5.015015015    0.067360816    0.067360816    0.067360816
    5.030030030    0.065871017    0.065871017    0.065871017
    5.045045045    0.064995669    0.064995669    0.064995669
    5.060060060    0.065257414    0.065257414    0.065257414
    5.075075075    0.066770655    0.066770655    0.066770655
    5.090090090    0.069045776    0.069045776    0.069045776
    5.105105105    0.071511208    0.071511208    0.071511208
    5.120120120    0.074045670    0.074045670    0.074045670
    5.135135135    0.076732759    0.076732759    0.076732759
    5.150150150    0.079254750    0.079254750    0.079254750
    5.165165165    0.081043270    0.081043270    0.081043270
    5.180180180    0.081990655    0.081990655    0.081990655
    5.195195195    0.082482766    0.082482766    0.082482766
    5.210210210    0.082868159    0.082868159    0.082868159
    5.225225225    0.083100679    0.083100679    0.083100679
    5.240240240    0.082830804    0.082830804    0.082830804
    5.255255255    0.081828022    0.081828022    0.081828022
    5.270270270    0.080195903    0.080195903    0.080195903
    5.285285285    0.078287689    0.078287689    0.078287689
    5.300300300    0.076530570    0.076530570    0.076530570
    5.315315315    0.075297526    0.075297526    0.075297526
    5.330330330    0.074930454    0.074930454    0.074930454
    5.345345345    0.075720291    0.075720291    0.075720291
    5.360360360    0.077621569    0.077621569    0.077621569
    5.375375375    0.080060382    0.080060382    0.080060382
    5.390390390    0.082408177    0.082408177    0.082408177
    5.405405405    0.084510109    0.084510109    0.084510109
    5.420420420    0.086394513    0.086394513    0.086394513
    5.435435435    0.087931911    0.087931911    0.087931911
    5.450450450    0.089114213    0.089114213    0.089114213
    5.465465465    0.090219893    0.090219893    0.090219893
    5.480480480    0.091465642    0.091465642    0.091465642
    5.495495495    0.092747059    0.092747059    0.092747059
    5.510510511    0.093847819    0.093847819    0.093847819
    5.525525526    0.094635464    0.094635464    0.094635464
    5.540540541    0.095030626    0.095030626    0.095030626
    5.555555556    0.095268816    0.095268816    0.095268816
    5.570570571    0.095486485    0.095486485    0.095486485
    5.585585586    0.095329292    0.095329292    0.095329292
    5.600600601    0.094601691    0.094601691    0.094601691
    5.615615616    0.093543126    0.093543126    0.093543126
    5.630630631    0.092691453    0.092691453    0.092691453
    5.645645646    0.092593927    0.092593927    0.092593927
    5.660660661    0.093283443    0.093283443    0.093283443
    5.675675676    0.094142157    0.094142157    0.094142157
    5.690690691    0.094691187    0.094691187    0.094691187
    5.705705706    0.094983196    0.094983196    0.094983196
    5.720720721    0.094961122    0.094961122    0.094961122
    5.735735736    0.094234246    0.094234246    0.094234246
    5.750750751    0.092667245    0.092667245    0.092667245
    5.765765766    0.090559312    0.090559312    0.090559312
    5.780780781    0.088194922    0.088194922    0.088194922
    5.795795796    0.085583780    0.085583780    0.085583780
    5.810810811    0.082743902    0.082743902    0.082743902
    5.825825826    0.079915004    0.079915004    0.079915004
    5.840840841    0.077410980    0.077410980    0.077410980
    5.855855856    0.075480248    0.075480248    0.075480248
    5.870870871    0.074243693    0.074243693    0.074243693
    5.885885886    0.073592768    0.073592768    0.073592768
    5.900900901    0.073316545    0.073316545    0.073316545
    5.915915916    0.073251901    0.073251901    0.073251901
    5.930930931    0.073265762    0.073265762    0.073265762
    5.945945946    0.073256203    0.073256203    0.073256203
    5.960960961    0.073279841    0.073279841    0.073279841
    5.975975976    0.073720995    0.073720995    0.073720995
    5.990990991    0.074946692    0.074946692    0.074946692
    6.006006006    0.076670440    0.076670440    0.076670440
    6.021021021    0.078041296    0.078041296    0.078041296
    6.036036036    0.078421254    0.078421254    0.078421254
    6.051051051    0.077904446    0.077904446    0.077904446
    6.066066066    0.077100399    0.077100399    0.077100399
    6.081081081    0.076584446    0.076584446    0.076584446
    6.096096096    0.076648601    0.076648601    0.076648601
    6.111111111    0.077269446    0.077269446    0.077269446
    6.126126126    0.078327134    0.078327134    0.078327134
    6.141141141    0.079761860    0.079761860    0.079761860
    6.156156156    0.081458559    0.081458559    0.081458559
    6.171171171    0.083191907    0.083191907    0.083191907
    6.186186186    0.084608149    0.084608149    0.084608149
    6.201201201    0.085422882    0.085422882    0.085422882
    6.216216216    0.085781668    0.085781668    0.085781668
    6.231231231    0.085994187    0.085994187    0.085994187
    6.246246246    0.086171835    0.086171835    0.086171835
    6.261261261    0.086448781    0.086448781    0.086448781
    6.276276276    0.087019378    0.087019378    0.087019378
    6.291291291    0.087899219    0.087899219    0.087899219
    6.306306306    0.088841295    0.088841295    0.088841295
    6.321321321    0.089600932    0.089600932    0.089600932
    6.336336336    0.090230970    0.090230970    0.090230970
    6.351351351    0.090786632    0.090786632    0.090786632
    6.366366366    0.090967335    0.090967335    0.090967335
    6.381381381    0.090493667    0.090493667    0.090493667
    6.396396396    0.089531812    0.089531812    0.089531812
    6.411411411    0.088527236    0.088527236    0.088527236
    6.426426426    0.087947083    0.087947083    0.087947083
    6.441441441    0.088090633    0.088090633    0.088090633
    6.456456456    0.088997405    0.088997405    0.088997405
    6.471471471    0.090441150    0.090441150    0.090441150
    6.486486486    0.092121706    0.092121706    0.092121706
    6.501501502    0.093770529    0.093770529    0.093770529
    6.516516517    0.095203534    0.095203534    0.095203534
    6.531531532    0.096561408    0.096561408    0.096561408
    6.546546547    0.098051383    0.098051383    0.098051383
    6.561561562    0.099482055    0.099482055    0.099482055
    6.576576577    0.100451143    0.100451143    0.100451143
    6.591591592    0.100786017    0.100786017    0.100786017
    6.606606607    0.100477397    0.100477397    0.100477397
    6.621621622    0.099617536    0.099617536    0.099617536
    6.636636637    0.098588457    0.098588457    0.098588457
    6.651651652    0.097788194    0.097788194    0.097788194
    6.666666667    0.097327539    0.097327539    0.097327539
    6.681681682    0.097325521    0.097325521    0.097325521
    6.696696697    0.097891223    0.097891223    0.097891223
    6.711711712    0.098814605    0.098814605    0.098814605
    6.726726727    0.099594179    0.099594179    0.099594179
    6.741741742    0.099967858    0.099967858    0.099967858
    6.756756757    0.100144447    0.100144447    0.100144447
    6.771771772    0.100333978    0.100333978    0.100333978
    6.786786787    0.100559500    0.100559500    0.100559500
    6.801801802    0.100831115    0.100831115    0.100831115
    6.816816817    0.101148480    0.101148480    0.101148480
    6.831831832    0.101569160    0.101569160    0.101569160
    6.846846847    0.102108724    0.102108724    0.102108724
    6.861861862    0.102543324    0.102543324    0.102543324
    6.876876877    0.102767549    0.102767549    0.102767549
    6.891891892    0.102998563    0.102998563    0.102998563
    6.906906907    0.103536175    0.103536175    0.103536175
    6.921921922    0.104467657    0.104467657    0.104467657
    6.936936937    0.105570770    0.105570770    0.105570770
    6.951951952    0.106462146    0.106462146    0.106462146
    6.966966967    0.106959658    0.106959658    0.106959658
    6.981981982    0.107250472    0.107250472    0.107250472
    6.996996997    0.107605410    0.107605410    0.107605410
    7.012012012    0.108186581    0.108186581    0.108186581
    7.027027027    0.108936579    0.108936579    0.108936579
    7.042042042    0.109700623    0.109700623    0.109700623
    7.057057057    0.110569891    0.110569891    0.110569891
    7.072072072    0.111668481    0.111668481    0.111668481
    7.087087087    0.112780502    0.112780502    0.112780502
    7.102102102    0.113418188    0.113418188    0.113418188
    7.117117117    0.113054816    0.113054816    0.113054816
    7.132132132    0.111735510    0.111735510    0.111735510
    7.147147147    0.110242490    0.110242490    0.110242490
    7.162162162    0.109478291    0.109478291    0.109478291
    7.177177177    0.109754376    0.109754376    0.109754376
    7.192192192    0.110774753    0.110774753    0.110774753
    7.207207207    0.112113620    0.112113620    0.112113620
    7.222222222    0.113487615    0.113487615    0.113487615
    7.237237237    0.114710426    0.114710426    0.114710426
    7.252252252    0.115583450    0.115583450    0.115583450
    7.267267267    0.116011859    0.116011859    0.116011859
    7.282282282    0.116061150    0.116061150    0.116061150
    7.297297297    0.116114276    0.116114276    0.116114276
    7.312312312    0.116730795    0.116730795    0.116730795
    7.327327327    0.118112956    0.118112956    0.118112956
    7.342342342    0.120031281    0.120031281    0.120031281
    7.357357357    0.122090275    0.122090275    0.122090275
    7.372372372    0.124037867    0.124037867    0.124037867
    7.387387387    0.126015751    0.126015751    0.126015751
    7.402402402    0.128120637    0.128120637    0.128120637
    7.417417417    0.129889111    0.129889111    0.129889111
    7.432432432    0.130744762    0.130744762    0.130744762
    7.447447447    0.130749832    0.130749832    0.130749832
    7.462462462    0.130333342    0.130333342    0.130333342
    7.477477477    0.129419707    0.129419707    0.129419707
    7.492492492    0.127628932    0.127628932    0.127628932
    7.507507508    0.125180769    0.125180769    0.125180769
    7.522522523    0.122965716    0.122965716    0.122965716
    7.537537538    0.121906179    0.121906179    0.121906179
    7.552552553    0.122221932    0.122221932    0.122221932
    7.567567568    0.123494462    0.123494462    0.123494462
    7.582582583    0.125187809    0.125187809    0.125187809
    7.597597598    0.126971252    0.126971252    0.126971252
    7.612612613    0.128747287    0.128747287    0.128747287
    7.627627628    0.130607850    0.130607850    0.130607850
    7.642642643    0.132855463    0.132855463    0.132855463
    7.657657658    0.135697337    0.135697337    0.135697337
    7.672672673    0.139019375    0.139019375    0.139019375
    7.687687688    0.142634256    0.142634256    0.142634256
    7.702702703    0.146261893    0.146261893    0.146261893
    7.717717718    0.149136027    0.149136027    0.149136027
    7.732732733    0.150343320    0.150343320    0.150343320
    7.747747748    0.149641496    0.149641496    0.149641496
    7.762762763    0.147857914    0.147857914    0.147857914
    7.777777778    0.146197193    0.146197193    0.146197193
    7.792792793    0.145203019    0.145203019    0.145203019
    7.807807808    0.144708277    0.144708277    0.144708277
    7.822822823    0.144431178    0.144431178    0.144431178
    7.837837838    0.144395812    0.144395812    0.144395812
    7.852852853    0.144573802    0.144573802    0.144573802
    7.867867868    0.144490014    0.144490014    0.144490014
    7.882882883    0.144032617    0.144032617    0.144032617
    7.897897898    0.143708380    0.143708380    0.143708380
    7.912912913    0.143910018    0.143910018    0.143910018
    7.927927928    0.144816572    0.144816572    0.144816572
    7.942942943    0.146579702    0.146579702    0.146579702
    7.957957958    0.149136353    0.149136353    0.149136353
    7.972972973    0.152261415    0.152261415    0.152261415
    7.987987988    0.155896275    0.155896275    0.155896275
    8.003003003    0.159878134    0.159878134    0.159878134
    8.018018018    0.163645718    0.163645718    0.163645718
    8.033033033    0.166683875    0.166683875    0.166683875
    8.048048048    0.168707655    0.168707655    0.168707655
    8.063063063    0.169560910    0.169560910    0.169560910
    8.078078078    0.169246322    0.169246322    0.169246322
    8.093093093    0.168130853    0.168130853    0.168130853
    8.108108108    0.166893445    0.166893445    0.166893445
    8.123123123    0.165965784    0.165965784    0.165965784
    8.138138138    0.165516114    0.165516114    0.165516114
    8.153153153    0.165844960    0.165844960    0.165844960
    8.168168168    0.167107619    0.167107619    0.167107619
    8.183183183    0.168986026    0.168986026    0.168986026
    8.198198198    0.170906977    0.170906977    0.170906977
    8.213213213    0.172283086    0.172283086    0.172283086
    8.228228228    0.172733826    0.172733826    0.172733826
    8.243243243    0.172353055    0.172353055    0.172353055
    8.258258258    0.171688335    0.171688335    0.171688335
    8.273273273    0.171578131    0.171578131    0.171578131
    8.288288288    0.172722963    0.172722963    0.172722963
    8.303303303    0.175311329    0.175311329    0.175311329
    8.318318318    0.179130485    0.179130485    0.179130485
    8.333333333    0.183571290    0.183571290    0.183571290
    8.348348348    0.187803541    0.187803541    0.187803541
    8.363363363    0.191306689    0.191306689    0.191306689
    8.378378378    0.194230369    0.194230369    0.194230369
    8.393393393    0.197024637    0.197024637    0.197024637
    8.408408408    0.199537729    0.199537729    0.199537729
    8.423423423    0.200850356    0.200850356    0.200850356
    8.438438438    0.200637657    0.200637657    0.200637657
    8.453453453    0.199908076    0.199908076    0.199908076
    8.468468468    0.199807283    0.199807283    0.199807283
    8.483483483    0.200638616    0.200638616    0.200638616
    8.498498498    0.202160317    0.202160317    0.202160317
    8.513513514    0.204107848    0.204107848    0.204107848
    8.528528529    0.206225537    0.206225537    0.206225537
    8.543543544    0.208251414    0.208251414    0.208251414
    8.558558559    0.210297620    0.210297620    0.210297620
    8.573573574    0.212846456    0.212846456    0.212846456
    8.588588589    0.216093691    0.216093691    0.216093691
    8.603603604    0.219861299    0.219861299    0.219861299
    8.618618619    0.223782262    0.223782262    0.223782262
    8.633633634    0.227438204    0.227438204    0.227438204
    8.648648649    0.230099055    0.230099055    0.230099055
    8.663663664    0.230959299    0.230959299    0.230959299
    8.678678679    0.230441347    0.230441347    0.230441347
    8.693693694    0.229709749    0.229709749    0.229709749
    8.708708709    0.229395654    0.229395654    0.229395654
    8.723723724    0.229691320    0.229691320    0.229691320
    8.738738739    0.230498782    0.230498782    0.230498782
    8.753753754    0.230891624    0.230891624    0.230891624
    8.768768769    0.229492153    0.229492153    0.229492153
    8.783783784    0.226020550    0.226020550    0.226020550
    8.798798799    0.221387039    0.221387039    0.221387039
    8.813813814    0.216749424    0.216749424    0.216749424
    8.828828829    0.213053506    0.213053506    0.213053506
    8.843843844    0.210690526    0.210690526    0.210690526
    8.858858859    0.209363986    0.209363986    0.209363986
    8.873873874    0.208377301    0.208377301    0.208377301
    8.888888889    0.207048921    0.207048921    0.207048921
    8.903903904    0.204980592    0.204980592    0.204980592
    8.918918919    0.202581118    0.202581118    0.202581118
    8.933933934    0.200686910    0.200686910    0.200686910
    8.948948949    0.199537020    0.199537020    0.199537020
    8.963963964    0.199055021    0.199055021    0.199055021
    8.978978979    0.199334980    0.199334980    0.199334980
    8.993993994    0.200616037    0.200616037    0.200616037
    9.009009009    0.202751687    0.202751687    0.202751687
    9.024024024    0.204700898    0.204700897    0.204700898
    9.039039039    0.205535479    0.205535479    0.205535479
    9.054054054    0.205471024    0.205471024    0.205471024
    9.069069069    0.205401277    0.205401277    0.205401277
    9.084084084    0.205902553    0.205902553    0.205902553
    9.099099099    0.206659247    0.206659247    0.206659247
    9.114114114    0.207001625    0.207001625    0.207001625
    9.129129129    0.206709113    0.206709113    0.206709113
    9.144144144    0.206001967    0.206001967    0.206001967
    9.159159159    0.205214860    0.205214860    0.205214860
    9.174174174    0.204437513    0.204437513    0.204437513
    9.189189189    0.203674603    0.203674603    0.203674603
    9.204204204    0.203338944    0.203338944    0.203338944
    9.219219219    0.203932134    0.203932134    0.203932134
    9.234234234    0.205286244    0.205286244    0.205286244
    9.249249249    0.206623812    0.206623812    0.206623812
    9.264264264    0.207215723    0.207215723    0.207215723
    9.279279279    0.207005501    0.207005501    0.207005501
    9.294294294    0.206565394    0.206565394    0.206565394
    9.309309309    0.206141558    0.206141558    0.206141558
    9.324324324    0.205447307    0.205447307    0.205447307
    9.339339339    0.204662347    0.204662347    0.204662347
    9.354354354    0.204666789    0.204666789    0.204666789
    9.369369369    0.206158053    0.206158053    0.206158053
    9.384384384    0.208888974    0.208888974    0.208888974
    9.399399399    0.211839975    0.211839975    0.211839975
    9.414414414    0.214128779    0.214128779    0.214128779
    9.429429429    0.216043756    0.216043756    0.216043756
    9.444444444    0.218609167    0.218609167    0.218609167
    9.459459459    0.221931414    0.221931414    0.221931414
    9.474474474    0.224930873    0.224930873    0.224930873
    9.489489489    0.226557832    0.226557832    0.226557832
    9.504504505    0.226496042    0.226496041    0.226496041
    9.519519520    0.225023630    0.225023630    0.225023630
    9.534534535    0.222762270    0.222762270    0.222762270
    9.549549550    0.220660294    0.220660294    0.220660294
    9.564564565    0.219616542    0.219616542    0.219616542
    9.579579580    0.219681585    0.219681585    0.219681585
    9.594594595    0.220585654    0.220585654    0.220585654
    9.609609610    0.222351192    0.222351192    0.222351192
    9.624624625    0.224777686    0.224777686    0.224777686
    9.639639640    0.226925389    0.226925389    0.226925389
    9.654654655    0.227849573    0.227849573    0.227849573
    9.669669670    0.227922599    0.227922599    0.227922599
    9.684684685    0.228517997    0.228517997    0.228517997
    9.699699700    0.230485161    0.230485161    0.230485161
    9.714714715    0.233493987    0.233493987    0.233493987
    9.729729730    0.236948680    0.236948680    0.236948680
    9.744744745    0.240902927    0.240902927    0.240902927
    9.759759760    0.245458667    0.245458667    0.245458667
    9.774774775    0.250217393    0.250217393    0.250217393
    9.789789790    0.254464678    0.254464678    0.254464678
    9.804804805    0.257576901    0.257576901    0.257576901
    9.819819820    0.259251378    0.259251378    0.259251378
    9.834834835    0.259432842    0.259432842    0.259432842
    9.849849850    0.258270579    0.258270579    0.258270579
    9.864864865    0.256007240    0.256007240    0.256007240
    9.879879880    0.253316029    0.253316029    0.253316029
    9.894894895    0.251443815    0.251443815    0.251443815
    9.909909910    0.251377570    0.251377570    0.251377570
    9.924924925    0.253317855    0.253317855    0.253317855
    9.939939940    0.256877423    0.256877423    0.256877423
    9.954954955    0.261033191    0.261033191    0.261033191
    9.969969970    0.264538308    0.264538308    0.264538308
    9.984984985    0.267032858    0.267032858    0.267032858
   10.000000000    0.269054456    0.269054456    0.269054456
   10.015015015    0.270986055    0.270986055    0.270986055
   10.030030030    0.272681614    0.272681614    0.272681614
   10.045045045    0.274044482    0.274044482    0.274044482
   10.060060060    0.275324655    0.275324655    0.275324655
   10.075075075    0.276716484    0.276716484    0.276716484
   10.090090090    0.278221987    0.278221987    0.278221987
   10.105105105    0.279730486    0.279730486    0.279730486
   10.120120120    0.281130115    0.281130115    0.281130115
   10.135135135    0.282699219    0.282699219    0.282699219
   10.150150150    0.284927537    0.284927537    0.284927537
   10.165165165    0.287804110    0.287804110    0.287804110
   10.180180180    0.290669388    0.290669388    0.290669388
   10.195195195    0.292900270    0.292900270    0.292900270
   10.210210210    0.294475944    0.294475944    0.294475944
   10.225225225    0.295518373    0.295518373    0.295518373
   10.240240240    0.296048210    0.296048210    0.296048210
   10.255255255    0.296305805    0.296305805    0.296305805
   10.270270270    0.296819366    0.296819365    0.296819365
   10.285285285    0.298114524    0.298114524    0.298114524
   10.300300300    0.299930259    0.299930259    0.299930259
   10.315315315    0.301538639    0.301538639    0.301538639
   10.330330330    0.302757903    0.302757903    0.302757903
   10.345345345    0.303346353    0.303346353    0.303346353
   10.360360360    0.302831886    0.302831886    0.302831886
   10.375375375    0.301368670    0.301368670    0.301368670
   10.390390390    0.299625110    0.299625110    0.299625110
   10.405405405    0.298009123    0.298009123    0.298009123
   10.420420420    0.296291282    0.296291282    0.296291282
   10.435435435    0.294497617    0.294497617    0.294497617
   10.450450450    0.293255851    0.293255851    0.293255851
   10.465465465    0.292772062    0.292772062    0.292772062
   10.480480480    0.292597730    0.292597730    0.292597730
   10.495495495    0.292379023    0.292379023    0.292379023
   10.510510511    0.292126829    0.292126828    0.292126828
   10.525525526    0.291877729    0.291877729    0.291877729
   10.540540541    0.292022963    0.292022962    0.292022962
   10.555555556    0.292982876    0.292982876    0.292982876
   10.570570571    0.294257734    0.294257734    0.294257734
   10.585585586    0.295112763    0.295112763    0.295112763
   10.600600601    0.295145394    0.295145394    0.295145394
   10.615615616    0.294517413    0.294517413    0.294517413
   10.630630631    0.294065921    0.294065920    0.294065920
   10.645645646    0.294206427    0.294206427    0.294206427
   10.660660661    0.294485227    0.294485227    0.294485227
   10.675675676    0.294786190    0.294786190    0.294786190
   10.690690691    0.295439628    0.295439628    0.295439628
   10.705705706    0.296333674    0.296333674    0.296333674
   10.720720721    0.297396863    0.297396863    0.297396863
   10.735735736    0.299166769    0.299166769    0.299166769
   10.750750751    0.301704630    0.301704630    0.301704630
   10.765765766    0.304543644    0.304543644    0.304543644
   10.780780781    0.307246787    0.307246787    0.307246787
   10.795795796    0.309292296    0.309292296    0.309292296
   10.810810811    0.310361921    0.310361921    0.310361921
   10.825825826    0.310501068    0.310501068    0.310501068
   10.840840841    0.309798692    0.309798692    0.309798692
   10.855855856    0.308635770    0.308635770    0.308635770
   10.870870871    0.307872051    0.307872051    0.307872051
   10.885885886    0.308146192    0.308146192    0.308146192
   10.900900901    0.309574934    0.309574934    0.309574934
   10.915915916    0.311996303    0.311996303    0.311996303
   10.930930931    0.314902660    0.314902660    0.314902660
   10.945945946    0.318090921    0.318090921    0.318090921
   10.960960961    0.321769034    0.321769034    0.321769034
   10.975975976    0.325751566    0.325751566    0.325751566
   10.990990991    0.329531687    0.329531687    0.329531687
   11.006006006    0.332553293    0.332553293    0.332553293
   11.021021021    0.334237619    0.334237619    0.334237619
   11.036036036    0.334790922    0.334790922    0.334790922
   11.051051051    0.335319646    0.335319646    0.335319646
   11.066066066    0.336245077    0.336245077    0.336245077
   11.081081081    0.336789276    0.336789275    0.336789276
   11.096096096    0.336504076    0.336504076    0.336504076
   11.111111111    0.335906327    0.335906327    0.335906327
   11.126126126    0.335815237    0.335815237    0.335815237
   11.141141141    0.337020451    0.337020451    0.337020451
   11.156156156    0.339630339    0.339630339    0.339630339
   11.171171171    0.342736306    0.342736306    0.342736306
   11.186186186    0.345369103    0.345369103    0.345369103
   11.201201201    0.347538882    0.347538882    0.347538882
   11.216216216    0.349759932    0.349759932    0.349759932
   11.231231231    0.352497394    0.352497394    0.352497394
   11.246246246    0.355653827    0.355653827    0.355653827
   11.261261261    0.358243201    0.358243201    0.358243201
   11.276276276    0.359561260    0.359561260    0.359561260
   11.291291291    0.359310521    0.359310521    0.359310521
   11.306306306    0.357270939    0.357270939    0.357270939
   11.321321321    0.354008526    0.354008526    0.354008526
   11.336336336    0.351288492    0.351288492    0.351288492
   11.351351351    0.351180199    0.351180199    0.351180199
   11.366366366    0.354301908    0.354301908    0.354301908
   11.381381381    0.359180596    0.359180596    0.359180596
   11.396396396    0.363928400    0.363928400    0.363928400
   11.411411411    0.367534850    0.367534850    0.367534850
   11.426426426    0.369786550    0.369786549    0.369786549
   11.441441441    0.371023965    0.371023965    0.371023965
   11.456456456    0.371755266    0.371755266    0.371755266
   11.471471471    0.372385397    0.372385397    0.372385397
   11.486486486    0.373185048    0.373185048    0.373185048
   11.501501502    0.374419610    0.374419610    0.374419610
   11.516516517    0.376257218    0.376257218    0.376257218
   11.531531532    0.378356669    0.378356669    0.378356669
   11.546546547    0.379882258    0.379882258    0.379882258
   11.561561562    0.380432342    0.380432342    0.380432342
   11.576576577    0.380671462    0.380671462    0.380671462
   11.591591592    0.381961105    0.381961105    0.381961105
   11.606606607    0.384804538    0.384804538    0.384804538
   11.621621622    0.387707163    0.387707163    0.387707163
   11.636636637    0.388543049    0.388543049    0.388543049
   11.651651652    0.387111100    0.387111100    0.387111100
   11.666666667    0.385462376    0.385462376    0.385462376
   11.681681682    0.386055557    0.386055557    0.386055557
   11.696696697    0.389762903    0.389762903    0.389762903
   11.711711712    0.395449157    0.395449157    0.395449157
   11.726726727    0.401725802    0.401725802    0.401725802
   11.741741742    0.408243439    0.408243439    0.408243439
   11.756756757    0.415101954    0.415101953    0.415101954
   11.771771772    0.421586679    0.421586679    0.421586679
   11.786786787    0.426745054    0.426745054    0.426745054
   11.801801802    0.430682500    0.430682499    0.430682500
   11.816816817    0.434161560    0.434161560    0.434161560
   11.831831832    0.437721387    0.437721386    0.437721386
   11.846846847    0.440685626    0.440685626    0.440685626
   11.861861862    0.441573474    0.441573474    0.441573474
   11.876876877    0.440558996    0.440558996    0.440558996
   11.891891892    0.439737989    0.439737989    0.439737989
   11.906906907    0.440662396    0.440662396    0.440662396
   11.921921922    0.442666994    0.442666994    0.442666994
   11.936936937    0.444561661    0.444561661    0.444561661
   11.951951952    0.446781912    0.446781912    0.446781912
   11.966966967    0.450424032    0.450424032    0.450424032
   11.981981982    0.455477205    0.455477205    0.455477205
   11.996996997    0.460355173    0.460355173    0.460355173
   12.012012012    0.462978146    0.462978146    0.462978146
   12.027027027    0.463030229    0.463030229    0.463030229
   12.042042042    0.462306696    0.462306696    0.462306696
   12.057057057    0.462650695    0.462650694    0.462650695
   12.072072072    0.464611482    0.464611482    0.464611482
   12.087087087    0.468238018    0.468238018    0.468238018
   12.102102102    0.473849543    0.473849543    0.473849543
   12.117117117    0.481178750    0.481178750    0.481178750
   12.132132132    0.488959038    0.488959038    0.488959038
   12.147147147    0.495959653    0.495959653    0.495959653
   12.162162162    0.501872932    0.501872932    0.501872932
   12.177177177    0.506936822    0.506936822    0.506936822
   12.192192192    0.511556856    0.511556856    0.511556856
   12.207207207    0.515661878    0.515661878    0.515661878
   12.222222222    0.519153237    0.519153236    0.519153237
   12.237237237    0.522185739    0.522185739    0.522185739
   12.252252252    0.524457995    0.524457995    0.524457995
   12.267267267    0.526340050    0.526340050    0.526340050
   12.282282282    0.528872683    0.528872683    0.528872683
   12.297297297    0.532287293    0.532287292    0.532287293
   12.312312312    0.536262397    0.536262397    0.536262397
   12.327327327    0.541003655    0.541003655    0.541003655
   12.342342342    0.546959042    0.546959042    0.546959042
   12.357357357    0.554055161    0.554055160    0.554055160
   12.372372372    0.561238524    0.561238523    0.561238523
   12.387387387    0.566355253    0.566355253    0.566355253
   12.402402402    0.567652001    0.567652001    0.567652001
   12.417417417    0.566208887    0.566208887    0.566208887
   12.432432432    0.564932321    0.564932321    0.564932321
   12.447447447    0.565180882    0.565180882    0.565180882
   12.462462462    0.566737214    0.566737214    0.566737214
   12.477477477    0.570087709    0.570087709    0.570087709
   12.492492492    0.575983779    0.575983779    0.575983779
   12.507507508    0.583621655    0.583621655    0.583621655
   12.522522523    0.591439949    0.591439949    0.591439949
   12.537537538    0.600049652    0.600049652    0.600049652
   12.552552553    0.611027820    0.611027820    0.611027820
   12.567567568    0.622057368    0.622057368    0.622057368
   12.582582583    0.628498865    0.628498864    0.628498864
   12.597597598    0.630204567    0.630204567    0.630204567
   12.612612613    0.630651854    0.630651853    0.630651853
   12.627627628    0.631435778    0.631435778    0.631435778
   12.642642643    0.632216222    0.632216222    0.632216222
   12.657657658    0.633372809    0.633372809    0.633372809
   12.672672673    0.635945519    0.635945518    0.635945518
   12.687687688    0.640702931    0.640702930    0.640702930
   12.702702703    0.646864858    0.646864858    0.646864858
   12.717717718    0.651940628    0.651940628    0.651940628
   12.732732733    0.654725033    0.654725032    0.654725033
   12.747747748    0.656290880    0.656290880    0.656290880
   12.762762763    0.657842945    0.657842945    0.657842945
   12.777777778    0.660168031    0.660168030    0.660168030
   12.792792793    0.664465108    0.664465108    0.664465108
   12.807807808    0.671585692    0.671585692    0.671585692
   12.822822823    0.679718931    0.679718931    0.679718931
   12.837837838    0.685654439    0.685654439    0.685654439
   12.852852853    0.688782061    0.688782061    0.688782061
   12.867867868    0.691404793    0.691404793    0.691404793
   12.882882883    0.695357220    0.695357219    0.695357219
   12.897897898    0.699419598    0.699419598    0.699419598
   12.912912913    0.700185357    0.700185357    0.700185357
   12.927927928    0.697086465    0.697086464    0.697086465
   12.942942943    0.693432650    0.693432650    0.693432650
   12.957957958    0.693044983    0.693044983    0.693044983
   12.972972973    0.697444681    0.697444681    0.697444681
   12.987987988    0.705328753    0.705328753    0.705328753
   13.003003003    0.715463190    0.715463189    0.715463189
   13.018018018    0.727201804    0.727201804    0.727201804
   13.033033033    0.739424606    0.739424606    0.739424606
   13.048048048    0.751751589    0.751751589    0.751751589
   13.063063063    0.764101172    0.764101171    0.764101171
   13.078078078    0.774565098    0.774565098    0.774565098
   13.093093093    0.781787660    0.781787660    0.781787660
   13.108108108    0.787520193    0.787520192    0.787520193
   13.123123123    0.793815035    0.793815035    0.793815035
   13.138138138    0.799935679    0.799935679    0.799935679
   13.153153153    0.803150445    0.803150445    0.803150445
   13.168168168    0.802375385    0.802375385    0.802375385
   13.183183183    0.799749080    0.799749080    0.799749080
   13.198198198    0.797831003    0.797831003    0.797831003
   13.213213213    0.798095004    0.798095003    0.798095004
   13.228228228    0.800983341    0.800983340    0.800983340
   13.243243243    0.806035763    0.806035763    0.806035763
   13.258258258    0.812560724    0.812560723    0.812560724
   13.273273273    0.821216963    0.821216962    0.821216962
   13.288288288    0.834043940    0.834043939    0.834043939
   13.303303303    0.850585841    0.850585840    0.850585841
   13.318318318    0.866947019    0.866947019    0.866947019
   13.333333333    0.880012820    0.880012819    0.880012820
   13.348348348    0.890589108    0.890589107    0.890589108
   13.363363363    0.902699674    0.902699673    0.902699673
   13.378378378    0.919203605    0.919203605    0.919203605
   13.393393393    0.938657325    0.938657324    0.938657324
   13.408408408    0.957576895    0.957576895    0.957576895
   13.423423423    0.973631586    0.973631585    0.973631586
   13.438438438    0.985989487    0.985989486    0.985989487
   13.453453453    0.994559734    0.994559734    0.994559734
   13.468468468    1.000686897    1.000686896    1.000686897
   13.483483483    1.006725508    1.006725507    1.006725507
   13.498498498    1.013685606    1.013685605    1.013685605
   13.513513514    1.020980265    1.020980264    1.020980265
   13.528528529    1.026976924    1.026976923    1.026976923
   13.543543544    1.030245485    1.030245485    1.030245485
   13.558558559    1.030395022    1.030395022    1.030395022
   13.573573574    1.028228694    1.028228693    1.028228693
   13.588588589    1.025931356    1.025931355    1.025931355
   13.603603604    1.026170727    1.026170726    1.026170727
   13.618618619    1.030485687    1.030485687    1.030485687
   13.633633634    1.036480049    1.036480048    1.036480049
   13.648648649    1.040638675    1.040638675    1.040638675
   13.663663664    1.043529540    1.043529539    1.043529539
   13.678678679    1.047475118    1.047475118    1.047475118
   13.693693694    1.054516639    1.054516638    1.054516638
   13.708708709    1.066542494    1.066542493    1.066542493
   13.723723724    1.082795969    1.082795968    1.082795968
   13.738738739    1.099423690    1.099423689    1.099423690
   13.753753754    1.113248718    1.113248717    1.113248717
   13.768768769    1.124656819    1.124656818    1.124656818
   13.783783784    1.135982676    1.135982675    1.135982675
   13.798798799    1.148019456    1.148019456    1.148019456
   13.813813814    1.160205481    1.160205481    1.160205481
   13.828828829    1.171908761    1.171908760    1.171908760
   13.843843844    1.182289468    1.182289467    1.182289468
   13.858858859    1.189667828    1.189667828    1.189667828
   13.873873874    1.193879943    1.193879943    1.193879943
   13.888888889    1.197521739    1.197521738    1.197521738
   13.903903904    1.202042056    1.202042056    1.202042056
   13.918918919    1.206188090    1.206188089    1.206188089
   13.933933934    1.209419940    1.209419940    1.209419940
   13.948948949    1.212797384    1.212797383    1.212797383
   13.963963964    1.216257812    1.216257812    1.216257812
   13.978978979    1.218108617    1.218108617    1.218108617
   13.993993994    1.217916376    1.217916375    1.217916376
   14.009009009    1.217169530    1.217169529    1.217169529
   14.024024024    1.217660354    1.217660353    1.217660353
   14.039039039    1.221479659    1.221479658    1.221479659
   14.054054054    1.230588237    1.230588236    1.230588236
   14.069069069    1.245022898    1.245022897    1.245022897
   14.084084084    1.264937991    1.264937990    1.264937990
   14.099099099    1.292090925    1.292090924    1.292090924
   14.114114114    1.325645298    1.325645298    1.325645298
   14.129129129    1.360139743    1.360139743    1.360139743
   14.144144144    1.390682363    1.390682362    1.390682363
   14.159159159    1.416032517    1.416032516    1.416032517
   14.174174174    1.435994301    1.435994300    1.435994301
   14.189189189    1.452265982    1.452265981    1.452265982
   14.204204204    1.466425339    1.466425338    1.466425339
   14.219219219    1.476171235    1.476171234    1.476171235
   14.234234234    1.477567040    1.477567039    1.477567039
   14.249249249    1.470089933    1.470089932    1.470089933
   14.264264264    1.458165811    1.458165810    1.458165810
   14.279279279    1.447078613    1.447078612    1.447078612
   14.294294294    1.440404864    1.440404863    1.440404864
   14.309309309    1.441420252    1.441420251    1.441420252
   14.324324324    1.450684551    1.450684550    1.450684550
   14.339339339    1.463656071    1.463656070    1.463656070
   14.354354354    1.476423285    1.476423284    1.476423284
   14.369369369    1.489817088    1.489817087    1.489817087
   14.384384384    1.506353721    1.506353720    1.506353721
   14.399399399    1.526656500    1.526656499    1.526656499
   14.414414414    1.551020507    1.551020506    1.551020506
   14.429429429    1.579789478    1.579789477    1.579789478
   14.444444444    1.609914851    1.609914849    1.609914850
   14.459459459    1.637109383    1.637109382    1.637109382
   14.474474474    1.658508913    1.658508912    1.658508912
   14.489489489    1.673900993    1.673900992    1.673900992
   14.504504505    1.687383303    1.687383302    1.687383303
   14.519519520    1.701706667    1.701706666    1.701706666
   14.534534535    1.715060328    1.715060327    1.715060328
   14.549549550    1.727515255    1.727515254    1.727515255
   14.564564565    1.742343235    1.742343234    1.742343235
   14.579579580    1.759208942    1.759208941    1.759208941
   14.594594595    1.773637365    1.773637364    1.773637364
   14.609609610    1.783245733    1.783245732    1.783245733
   14.624624625    1.788793911    1.788793910    1.788793910
   14.639639640    1.790371468    1.790371466    1.790371467
   14.654654655    1.789543650    1.789543648    1.789543649
   14.669669670    1.792996405    1.792996404    1.792996404
   14.684684685    1.806333597    1.806333596    1.806333596
   14.699699700    1.827807087    1.827807085    1.827807086
   14.714714715    1.852169702    1.852169700    1.852169701
   14.729729730    1.876999711    1.876999710    1.876999710
   14.744744745    1.902869564    1.902869562    1.902869563
   14.759759760    1.929522737    1.929522736    1.929522736
   14.774774775    1.953749060    1.953749059    1.953749059
   14.789789790    1.970999750    1.970999748    1.970999749
   14.804804805    1.982118876    1.982118874    1.982118875
   14.819819820    1.994862016    1.994862015    1.994862015
   14.834834835    2.014435391    2.014435389    2.014435390
   14.849849850    2.042316933    2.042316931    2.042316932
   14.864864865    2.080860783    2.080860782    2.080860782
   14.879879880    2.129019315    2.129019313    2.129019314
   14.894894895    2.178711908    2.178711906    2.178711906
   14.909909910    2.221296927    2.221296925    2.221296926
   14.924924925    2.257866292    2.257866290    2.257866291
   14.939939940    2.291148417    2.291148415    2.291148415
   14.954954955    2.316188043    2.316188041    2.316188042
   14.969969970    2.329597263    2.329597261    2.329597261
   14.984984985    2.335609538    2.335609536    2.335609537
   15.000000000    2.340658216    2.340658214    2.340658215
