# energy grid [eV]     epsi_x  epsi_y  epsi_z
#
    0.000000000    0.000000000    0.000000000    0.000000000
    0.015015015    0.001454447    0.001454447    0.001454447
    0.030030030    0.002909672    0.002909672    0.002909672
    0.045045045    0.004366453    0.004366453    0.004366453
    0.060060060    0.005825575    0.005825575    0.005825575
    0.075075075    0.007287827    0.007287827    0.007287827
    0.090090090    0.008754008    0.008754008    0.008754008
    0.105105105    0.010224926    0.010224926    0.010224926
    0.120120120    0.011701403    0.011701403    0.011701403
    0.135135135    0.013184277    0.013184277    0.013184277
    0.150150150    0.014674403    0.014674403    0.014674403
    0.165165165    0.016172657    0.016172657    0.016172657
    0.180180180    0.017679938    0.017679938    0.017679938
    0.195195195    0.019197172    0.019197172    0.019197172
    0.210210210    0.020725314    0.020725314    0.020725314
    0.225225225    0.022265352    0.022265352    0.022265352
    0.240240240    0.023818312    0.023818312    0.023818312
    0.255255255    0.025385259    0.025385259    0.025385259
    0.270270270    0.026967306    0.026967306    0.026967306
    0.285285285    0.028565614    0.028565614    0.028565614
    0.300300300    0.030181400    0.030181400    0.030181400
    0.315315315    0.031815945    0.031815945    0.031815945
    0.330330330    0.033470596    0.033470596    0.033470596
    0.345345345    0.035146774    0.035146774    0.035146774
    0.360360360    0.036845988    0.036845988    0.036845988
    0.375375375    0.038569836    0.038569836    0.038569836
    0.390390390    0.040320021    0.040320021    0.040320021
    0.405405405    0.042098359    0.042098359    0.042098359
    0.420420420    0.043906796    0.043906796    0.043906796
    0.435435435    0.045747419    0.045747419    0.045747419
    0.450450450    0.047622474    0.047622474    0.047622474
    0.465465465    0.049534386    0.049534386    0.049534386
    0.480480480    0.051485781    0.051485781    0.051485781
    0.495495495    0.053479513    0.053479513    0.053479513
    0.510510511    0.055518689    0.055518689    0.055518689
    0.525525526    0.057606708    0.057606708    0.057606708
    0.540540541    0.059747300    0.059747300    0.059747300
    0.555555556    0.061944570    0.061944570    0.061944570
    0.570570571    0.064203058    0.064203058    0.064203058
    0.585585586    0.066527800    0.066527800    0.066527800
    0.600600601    0.068924409    0.068924409    0.068924409
    0.615615616    0.071399167    0.071399167    0.071399167
    0.630630631    0.073959135    0.073959135    0.073959135
    0.645645646    0.076612294    0.076612294    0.076612294
    0.660660661    0.079367704    0.079367704    0.079367704
    0.675675676    0.082235712    0.082235712    0.082235712
    0.690690691    0.085228201    0.085228201    0.085228201
    0.705705706    0.088358904    0.088358904    0.088358904
    0.720720721    0.091643794    0.091643794    0.091643794
    0.735735736    0.095101589    0.095101589    0.095101589
    0.750750751    0.098754386    0.098754386    0.098754386
    0.765765766    0.102628488    0.102628488    0.102628488
    0.780780781    0.106755487    0.106755487    0.106755487
    0.795795796    0.111173694    0.111173694    0.111173694
    0.810810811    0.115930059    0.115930059    0.115930059
    0.825825826    0.121082775    0.121082775    0.121082775
    0.840840841    0.126704884    0.126704884    0.126704884
    0.855855856    0.132889314    0.132889314    0.132889314
    0.870870871    0.139756070    0.139756070    0.139756070
    0.885885886    0.147462676    0.147462676    0.147462676
    0.900900901    0.156219607    0.156219607    0.156219607
    0.915915916    0.166313580    0.166313580    0.166313580
    0.930930931    0.178143364    0.178143364    0.178143364
    0.945945946    0.192275794    0.192275794    0.192275794
    0.960960961    0.209534438    0.209534438    0.209534438
    0.975975976    0.231139735    0.231139735    0.231139735
    0.990990991    0.258922980    0.258922980    0.258922980
    1.006006006    0.295613312    0.295613312    0.295613312
    1.021021021    0.345047057    0.345047057    0.345047057
    1.036036036    0.411536961    0.411536961    0.411536961
    1.051051051    0.495921532    0.495921532    0.495921532
    1.066066066    0.584757051    0.584757051    0.584757051
    1.081081081    0.643295635    0.643295635    0.643295635
    1.096096096    0.648211811    0.648211811    0.648211811
    1.111111111    0.625061587    0.625061587    0.625061587
    1.126126126    0.611782483    0.611782483    0.611782483
    1.141141141    0.619755108    0.619755108    0.619755108
    1.156156156    0.640181777    0.640181777    0.640181777
    1.171171171    0.670486970    0.670486970    0.670486970
    1.186186186    0.725952752    0.725952752    0.725952752
    1.201201201    0.822435718    0.822435717    0.822435717
    1.216216216    0.957297347    0.957297347    0.957297347
    1.231231231    1.090330620    1.090330620    1.090330619
    1.246246246    1.150116010    1.150116010    1.150116010
    1.261261261    1.111419501    1.111419501    1.111419501
    1.276276276    1.034534318    1.034534318    1.034534318
    1.291291291    0.987779634    0.987779634    0.987779634
    1.306306306    0.992551345    0.992551345    0.992551344
    1.321321321    1.026800330    1.026800330    1.026800329
    1.336336336    1.050187390    1.050187390    1.050187390
    1.351351351    1.052260608    1.052260608    1.052260608
    1.366366366    1.050306351    1.050306351    1.050306351
    1.381381381    1.044101186    1.044101186    1.044101186
    1.396396396    1.034841163    1.034841163    1.034841163
    1.411411411    1.045286451    1.045286451    1.045286451
    1.426426426    1.082297483    1.082297483    1.082297483
    1.441441441    1.121132682    1.121132682    1.121132682
    1.456456456    1.148864104    1.148864104    1.148864104
    1.471471471    1.195798700    1.195798700    1.195798700
    1.486486486    1.293124505    1.293124505    1.293124505
    1.501501502    1.430845191    1.430845191    1.430845191
    1.516516517    1.554931122    1.554931122    1.554931122
    1.531531532    1.604841408    1.604841408    1.604841408
    1.546546547    1.573889086    1.573889086    1.573889086
    1.561561562    1.528031115    1.528031115    1.528031115
    1.576576577    1.533711439    1.533711439    1.533711439
    1.591591592    1.592491213    1.592491213    1.592491213
    1.606606607    1.649093519    1.649093519    1.649093519
    1.621621622    1.656129909    1.656129909    1.656129909
    1.636636637    1.610781672    1.610781672    1.610781672
    1.651651652    1.525718526    1.525718526    1.525718526
    1.666666667    1.435388310    1.435388310    1.435388310
    1.681681682    1.374844916    1.374844916    1.374844916
    1.696696697    1.338661454    1.338661454    1.338661454
    1.711711712    1.308339077    1.308339077    1.308339076
    1.726726727    1.297231222    1.297231222    1.297231222
    1.741741742    1.335091692    1.335091692    1.335091691
    1.756756757    1.437091810    1.437091810    1.437091810
    1.771771772    1.596419637    1.596419637    1.596419637
    1.786786787    1.790460751    1.790460750    1.790460750
    1.801801802    2.003077612    2.003077611    2.003077611
    1.816816817    2.213882900    2.213882900    2.213882900
    1.831831832    2.369621305    2.369621305    2.369621305
    1.846846847    2.425552576    2.425552576    2.425552576
    1.861861862    2.396792120    2.396792120    2.396792120
    1.876876877    2.333881884    2.333881884    2.333881884
    1.891891892    2.271836411    2.271836411    2.271836410
    1.906906907    2.226294354    2.226294354    2.226294354
    1.921921922    2.192838982    2.192838981    2.192838981
    1.936936937    2.161941527    2.161941527    2.161941527
    1.951951952    2.126536145    2.126536145    2.126536145
    1.966966967    2.101975515    2.101975514    2.101975514
    1.981981982    2.116348674    2.116348674    2.116348674
    1.996996997    2.163497126    2.163497126    2.163497126
    2.012012012    2.198828409    2.198828409    2.198828409
    2.027027027    2.208630752    2.208630752    2.208630752
    2.042042042    2.233407384    2.233407384    2.233407384
    2.057057057    2.328642496    2.328642496    2.328642496
    2.072072072    2.534842923    2.534842923    2.534842923
    2.087087087    2.857062900    2.857062900    2.857062900
    2.102102102    3.239461451    3.239461451    3.239461451
    2.117117117    3.555405190    3.555405190    3.555405190
    2.132132132    3.706919057    3.706919057    3.706919057
    2.147147147    3.722648998    3.722648998    3.722648998
    2.162162162    3.692202541    3.692202541    3.692202541
    2.177177177    3.677388513    3.677388513    3.677388513
    2.192192192    3.682336712    3.682336712    3.682336712
    2.207207207    3.692522181    3.692522180    3.692522181
    2.222222222    3.727165749    3.727165749    3.727165749
    2.237237237    3.829188788    3.829188788    3.829188788
    2.252252252    4.028721842    4.028721842    4.028721842
    2.267267267    4.345226450    4.345226450    4.345226450
    2.282282282    4.792014605    4.792014605    4.792014605
    2.297297297    5.349927903    5.349927903    5.349927903
    2.312312312    5.963837215    5.963837215    5.963837215
    2.327327327    6.605121009    6.605121009    6.605121009
    2.342342342    7.299591201    7.299591201    7.299591201
    2.357357357    8.075591454    8.075591454    8.075591454
    2.372372372    8.955205100    8.955205100    8.955205100
    2.387387387    9.932154865    9.932154864    9.932154864
    2.402402402   10.898860354   10.898860354   10.898860354
    2.417417417   11.701515938   11.701515937   11.701515937
    2.432432432   12.275556300   12.275556300   12.275556300
    2.447447447   12.667620445   12.667620445   12.667620445
    2.462462462   12.940071185   12.940071185   12.940071185
    2.477477477   13.092835773   13.092835773   13.092835773
    2.492492492   13.115968670   13.115968670   13.115968670
    2.507507508   13.045205824   13.045205824   13.045205824
    2.522522523   12.960540081   12.960540081   12.960540081
    2.537537538   12.955433826   12.955433826   12.955433826
    2.552552553   13.093832164   13.093832164   13.093832164
    2.567567568   13.369531556   13.369531556   13.369531555
    2.582582583   13.667728220   13.667728220   13.667728220
    2.597597598   13.852592141   13.852592141   13.852592141
    2.612612613   13.882007230   13.882007230   13.882007229
    2.627627628   13.736512079   13.736512079   13.736512079
    2.642642643   13.351709363   13.351709363   13.351709363
    2.657657658   12.767689823   12.767689823   12.767689823
    2.672672673   12.186138900   12.186138900   12.186138900
    2.687687688   11.782970519   11.782970519   11.782970519
    2.702702703   11.612332615   11.612332615   11.612332615
    2.717717718   11.634432178   11.634432178   11.634432179
    2.732732733   11.775683445   11.775683445   11.775683445
    2.747747748   12.000869777   12.000869777   12.000869777
    2.762762763   12.282915017   12.282915017   12.282915017
    2.777777778   12.534368986   12.534368986   12.534368986
    2.792792793   12.669502872   12.669502872   12.669502872
    2.807807808   12.684145052   12.684145052   12.684145053
    2.822822823   12.598152652   12.598152652   12.598152652
    2.837837838   12.393502082   12.393502082   12.393502082
    2.852852853   12.067151288   12.067151288   12.067151288
    2.867867868   11.680854367   11.680854367   11.680854367
    2.882882883   11.320898036   11.320898036   11.320898036
    2.897897898   11.055095243   11.055095243   11.055095243
    2.912912913   10.896372299   10.896372299   10.896372299
    2.927927928   10.813364990   10.813364990   10.813364990
    2.942942943   10.797302359   10.797302359   10.797302359
    2.957957958   10.832569379   10.832569379   10.832569379
    2.972972973   10.861340602   10.861340602   10.861340602
    2.987987988   10.849926218   10.849926218   10.849926218
    3.003003003   10.826214801   10.826214801   10.826214801
    3.018018018   10.866754669   10.866754669   10.866754669
    3.033033033   11.021694744   11.021694744   11.021694744
    3.048048048   11.205410631   11.205410631   11.205410631
    3.063063063   11.294835533   11.294835533   11.294835534
    3.078078078   11.276879980   11.276879980   11.276879980
    3.093093093   11.178603622   11.178603622   11.178603622
    3.108108108   10.986547409   10.986547409   10.986547409
    3.123123123   10.712765591   10.712765591   10.712765591
    3.138138138   10.440177916   10.440177916   10.440177916
    3.153153153   10.258933381   10.258933381   10.258933381
    3.168168168   10.162432330   10.162432330   10.162432330
    3.183183183   10.037621417   10.037621417   10.037621417
    3.198198198    9.826252346    9.826252346    9.826252346
    3.213213213    9.599456695    9.599456695    9.599456695
    3.228228228    9.449089099    9.449089099    9.449089099
    3.243243243    9.400400488    9.400400488    9.400400488
    3.258258258    9.455563952    9.455563952    9.455563952
    3.273273273    9.629266524    9.629266524    9.629266524
    3.288288288    9.904188612    9.904188612    9.904188612
    3.303303303   10.242015468   10.242015468   10.242015468
    3.318318318   10.587429798   10.587429798   10.587429798
    3.333333333   10.844939554   10.844939554   10.844939554
    3.348348348   10.925304865   10.925304864   10.925304865
    3.363363363   10.795055168   10.795055168   10.795055168
    3.378378378   10.485363180   10.485363180   10.485363180
    3.393393393   10.108716229   10.108716229   10.108716229
    3.408408408    9.801273867    9.801273867    9.801273867
    3.423423423    9.610947556    9.610947556    9.610947556
    3.438438438    9.496167753    9.496167753    9.496167753
    3.453453453    9.424541564    9.424541564    9.424541564
    3.468468468    9.382277286    9.382277286    9.382277286
    3.483483483    9.356877145    9.356877145    9.356877145
    3.498498498    9.387560294    9.387560294    9.387560294
    3.513513514    9.508726630    9.508726630    9.508726630
    3.528528529    9.697160374    9.697160374    9.697160374
    3.543543544    9.924668919    9.924668919    9.924668919
    3.558558559   10.164211873   10.164211873   10.164211873
    3.573573574   10.370526141   10.370526141   10.370526141
    3.588588589   10.533411211   10.533411211   10.533411211
    3.603603604   10.669787265   10.669787265   10.669787266
    3.618618619   10.756503584   10.756503584   10.756503584
    3.633633634   10.804007209   10.804007209   10.804007209
    3.648648649   10.867305844   10.867305844   10.867305844
    3.663663664   10.973930418   10.973930418   10.973930418
    3.678678679   11.151723574   11.151723574   11.151723574
    3.693693694   11.423241422   11.423241422   11.423241422
    3.708708709   11.770166483   11.770166483   11.770166483
    3.723723724   12.152722437   12.152722437   12.152722437
    3.738738739   12.546120422   12.546120422   12.546120422
    3.753753754   12.978562567   12.978562567   12.978562567
    3.768768769   13.492636196   13.492636196   13.492636196
    3.783783784   14.063528989   14.063528989   14.063528989
    3.798798799   14.601258447   14.601258447   14.601258447
    3.813813814   15.049585151   15.049585151   15.049585151
    3.828828829   15.421706247   15.421706247   15.421706247
    3.843843844   15.743543172   15.743543172   15.743543172
    3.858858859   16.022115599   16.022115599   16.022115599
    3.873873874   16.276959541   16.276959541   16.276959541
    3.888888889   16.531973366   16.531973366   16.531973366
    3.903903904   16.780384588   16.780384588   16.780384588
    3.918918919   16.982955103   16.982955103   16.982955103
    3.933933934   17.143824301   17.143824301   17.143824301
    3.948948949   17.329191991   17.329191991   17.329191991
    3.963963964   17.561009422   17.561009422   17.561009422
    3.978978979   17.823584543   17.823584543   17.823584543
    3.993993994   18.144776100   18.144776100   18.144776100
    4.009009009   18.529835629   18.529835629   18.529835629
    4.024024024   18.894663963   18.894663963   18.894663963
    4.039039039   19.150292374   19.150292374   19.150292374
    4.054054054   19.290312816   19.290312816   19.290312816
    4.069069069   19.367527688   19.367527688   19.367527688
    4.084084084   19.444581033   19.444581033   19.444581033
    4.099099099   19.601340971   19.601340971   19.601340971
    4.114114114   19.887169082   19.887169082   19.887169082
    4.129129129   20.293876512   20.293876512   20.293876512
    4.144144144   20.808246036   20.808246036   20.808246036
    4.159159159   21.435254732   21.435254732   21.435254732
    4.174174174   22.164611275   22.164611275   22.164611275
    4.189189189   22.990711991   22.990711991   22.990711991
    4.204204204   23.932769251   23.932769251   23.932769251
    4.219219219   24.983143519   24.983143519   24.983143519
    4.234234234   26.070657010   26.070657010   26.070657010
    4.249249249   27.146383899   27.146383899   27.146383899
    4.264264264   28.268738941   28.268738941   28.268738941
    4.279279279   29.534943725   29.534943725   29.534943725
    4.294294294   30.995838106   30.995838106   30.995838106
    4.309309309   32.582355158   32.582355158   32.582355158
    4.324324324   34.110277678   34.110277678   34.110277678
    4.339339339   35.334470789   35.334470789   35.334470789
    4.354354354   35.965418779   35.965418779   35.965418779
    4.369369369   35.778428814   35.778428814   35.778428814
    4.384384384   34.881762853   34.881762853   34.881762853
    4.399399399   33.650158113   33.650158113   33.650158113
    4.414414414   32.403491192   32.403491192   32.403491192
    4.429429429   31.298553710   31.298553710   31.298553710
    4.444444444   30.240984769   30.240984769   30.240984769
    4.459459459   28.916080593   28.916080593   28.916080593
    4.474474474   27.189838280   27.189838280   27.189838280
    4.489489489   25.340176964   25.340176964   25.340176964
    4.504504505   23.780513146   23.780513146   23.780513146
    4.519519520   22.733196843   22.733196843   22.733196843
    4.534534535   22.171020431   22.171020431   22.171020431
    4.549549550   21.971351506   21.971351506   21.971351506
    4.564564565   22.002270262   22.002270262   22.002270262
    4.579579580   22.046572314   22.046572314   22.046572314
    4.594594595   21.757958076   21.757958076   21.757958076
    4.609609610   20.840001199   20.840001199   20.840001199
    4.624624625   19.403398565   19.403398565   19.403398565
    4.639639640   17.911833065   17.911833065   17.911833065
    4.654654655   16.725375487   16.725375487   16.725375487
    4.669669670   15.940453323   15.940453323   15.940453323
    4.684684685   15.505156504   15.505156504   15.505156504
    4.699699700   15.353869904   15.353869904   15.353869904
    4.714714715   15.439981792   15.439981792   15.439981792
    4.729729730   15.703098580   15.703098580   15.703098580
    4.744744745   16.044894273   16.044894273   16.044894273
    4.759759760   16.354710855   16.354710855   16.354710855
    4.774774775   16.517269797   16.517269797   16.517269797
    4.789789790   16.382699900   16.382699900   16.382699900
    4.804804805   15.825183187   15.825183187   15.825183187
    4.819819820   14.934705610   14.934705610   14.934705610
    4.834834835   14.008454306   14.008454306   14.008454306
    4.849849850   13.252774519   13.252774519   13.252774519
    4.864864865   12.686641785   12.686641785   12.686641785
    4.879879880   12.273959773   12.273959773   12.273959773
    4.894894895   12.007158075   12.007158075   12.007158075
    4.909909910   11.863251129   11.863251129   11.863251129
    4.924924925   11.784611432   11.784611432   11.784611432
    4.939939940   11.753947842   11.753947842   11.753947842
    4.954954955   11.802568187   11.802568187   11.802568187
    4.969969970   11.948875701   11.948875701   11.948875701
    4.984984985   12.176143574   12.176143574   12.176143574
    5.000000000   12.427356300   12.427356300   12.427356300
    5.015015015   12.610263744   12.610263744   12.610263745
    5.030030030   12.627232128   12.627232128   12.627232128
    5.045045045   12.401718104   12.401718104   12.401718104
    5.060060060   11.944405094   11.944405094   11.944405094
    5.075075075   11.409381871   11.409381871   11.409381871
    5.090090090   10.955466225   10.955466225   10.955466225
    5.105105105   10.616637087   10.616637087   10.616637087
    5.120120120   10.351494863   10.351494863   10.351494863
    5.135135135   10.151911223   10.151911223   10.151911223
    5.150150150   10.055144092   10.055144092   10.055144092
    5.165165165   10.067377805   10.067377805   10.067377805
    5.180180180   10.136965468   10.136965468   10.136965468
    5.195195195   10.208662660   10.208662660   10.208662660
    5.210210210   10.270469819   10.270469819   10.270469819
    5.225225225   10.354589147   10.354589147   10.354589147
    5.240240240   10.496161886   10.496161886   10.496161885
    5.255255255   10.692805519   10.692805519   10.692805519
    5.270270270   10.903831113   10.903831113   10.903831113
    5.285285285   11.065344708   11.065344708   11.065344708
    5.300300300   11.113014608   11.113014608   11.113014608
    5.315315315   11.002781155   11.002781155   11.002781155
    5.330330330   10.724340972   10.724340972   10.724340972
    5.345345345   10.325249878   10.325249878   10.325249878
    5.360360360    9.917716662    9.917716662    9.917716662
    5.375375375    9.602362370    9.602362370    9.602362370
    5.390390390    9.391396732    9.391396732    9.391396732
    5.405405405    9.245581012    9.245581012    9.245581012
    5.420420420    9.146534000    9.146534000    9.146534000
    5.435435435    9.090609917    9.090609917    9.090609917
    5.450450450    9.053381888    9.053381888    9.053381888
    5.465465465    9.007167179    9.007167179    9.007167179
    5.480480480    8.954428516    8.954428516    8.954428516
    5.495495495    8.919416866    8.919416866    8.919416866
    5.510510511    8.914255135    8.914255135    8.914255135
    5.525525526    8.939885043    8.939885043    8.939885043
    5.540540541    8.987563899    8.987563899    8.987563899
    5.555555556    9.031800030    9.031800030    9.031800030
    5.570570571    9.081779835    9.081779835    9.081779835
    5.585585586    9.168639722    9.168639722    9.168639722
    5.600600601    9.283794265    9.283794265    9.283794265
    5.615615616    9.385322735    9.385322735    9.385322735
    5.630630631    9.422167974    9.422167974    9.422167974
    5.645645646    9.374807790    9.374807790    9.374807790
    5.660660661    9.294259965    9.294259965    9.294259965
    5.675675676    9.254009128    9.254009128    9.254009128
    5.690690691    9.267695104    9.267695104    9.267695104
    5.705705706    9.314880280    9.314880280    9.314880280
    5.720720721    9.408260473    9.408260473    9.408260473
    5.735735736    9.574307220    9.574307220    9.574307220
    5.750750751    9.802050776    9.802050776    9.802050776
    5.765765766   10.053848727   10.053848727   10.053848727
    5.780780781   10.309389309   10.309389309   10.309389309
    5.795795796   10.570406297   10.570406297   10.570406297
    5.810810811   10.818598992   10.818598992   10.818598992
    5.825825826   11.002514840   11.002514840   11.002514840
    5.840840841   11.069279413   11.069279413   11.069279413
    5.855855856   10.992764956   10.992764956   10.992764956
    5.870870871   10.793460650   10.793460650   10.793460650
    5.885885886   10.531192686   10.531192686   10.531192686
    5.900900901   10.254218933   10.254218933   10.254218933
    5.915915916    9.985750279    9.985750279    9.985750278
    5.930930931    9.733858114    9.733858114    9.733858114
    5.945945946    9.490605538    9.490605538    9.490605538
    5.960960961    9.225442627    9.225442627    9.225442627
    5.975975976    8.915799743    8.915799743    8.915799743
    5.990990991    8.610388525    8.610388525    8.610388525
    6.006006006    8.398780688    8.398780688    8.398780688
    6.021021021    8.312376763    8.312376763    8.312376763
    6.036036036    8.299866068    8.299866068    8.299866068
    6.051051051    8.272372918    8.272372918    8.272372918
    6.066066066    8.166910902    8.166910902    8.166910902
    6.081081081    7.978011587    7.978011587    7.978011587
    6.096096096    7.742961871    7.742961871    7.742961871
    6.111111111    7.506049623    7.506049623    7.506049623
    6.126126126    7.288725839    7.288725839    7.288725839
    6.141141141    7.103060583    7.103060583    7.103060583
    6.156156156    6.961551147    6.961551147    6.961551147
    6.171171171    6.872271430    6.872271430    6.872271430
    6.186186186    6.832858655    6.832858655    6.832858655
    6.201201201    6.816769684    6.816769684    6.816769684
    6.216216216    6.788808102    6.788808102    6.788808102
    6.231231231    6.740233445    6.740233445    6.740233445
    6.246246246    6.674109339    6.674109339    6.674109339
    6.261261261    6.588220708    6.588220708    6.588220708
    6.276276276    6.491783512    6.491783512    6.491783512
    6.291291291    6.406794986    6.406794986    6.406794986
    6.306306306    6.348057477    6.348057477    6.348057477
    6.321321321    6.307663344    6.307663344    6.307663344
    6.336336336    6.272884089    6.272884089    6.272884089
    6.351351351    6.251946577    6.251946577    6.251946577
    6.366366366    6.252563053    6.252563053    6.252563053
    6.381381381    6.252333849    6.252333849    6.252333849
    6.396396396    6.215420481    6.215420481    6.215420481
    6.411411411    6.121671377    6.121671377    6.121671377
    6.426426426    5.976690669    5.976690669    5.976690669
    6.441441441    5.808331290    5.808331290    5.808331290
    6.456456456    5.650539445    5.650539445    5.650539445
    6.471471471    5.525523329    5.525523329    5.525523329
    6.486486486    5.436821110    5.436821110    5.436821110
    6.501501502    5.379278464    5.379278464    5.379278464
    6.516516517    5.338312162    5.338312162    5.338312162
    6.531531532    5.300903252    5.300903252    5.300903252
    6.546546547    5.275271749    5.275271749    5.275271749
    6.561561562    5.276635021    5.276635021    5.276635021
    6.576576577    5.301821388    5.301821388    5.301821388
    6.591591592    5.335637841    5.335637841    5.335637841
    6.606606607    5.364261593    5.364261593    5.364261593
    6.621621622    5.369535217    5.369535217    5.369535217
    6.636636637    5.335709815    5.335709815    5.335709815
    6.651651652    5.269049119    5.269049119    5.269049119
    6.666666667    5.182258091    5.182258091    5.182258091
    6.681681682    5.084058215    5.084058215    5.084058215
    6.696696697    4.992194734    4.992194734    4.992194734
    6.711711712    4.926499492    4.926499492    4.926499492
    6.726726727    4.887275416    4.887275416    4.887275416
    6.741741742    4.853408380    4.853408380    4.853408380
    6.756756757    4.810066007    4.810066007    4.810066007
    6.771771772    4.760134113    4.760134113    4.760134113
    6.786786787    4.707327037    4.707327037    4.707327037
    6.801801802    4.652920585    4.652920585    4.652920585
    6.816816817    4.597397770    4.597397770    4.597397770
    6.831831832    4.541275896    4.541275896    4.541275896
    6.846846847    4.491243930    4.491243930    4.491243930
    6.861861862    4.448345081    4.448345081    4.448345081
    6.876876877    4.400987061    4.400987061    4.400987061
    6.891891892    4.341675384    4.341675384    4.341675384
    6.906906907    4.276597685    4.276597685    4.276597685
    6.921921922    4.219906505    4.219906505    4.219906505
    6.936936937    4.181216679    4.181216679    4.181216679
    6.951951952    4.157030394    4.157030394    4.157030394
    6.966966967    4.132734346    4.132734346    4.132734346
    6.981981982    4.098205631    4.098205631    4.098205631
    6.996996997    4.054531153    4.054531153    4.054531153
    7.012012012    4.009208258    4.009208258    4.009208258
    7.027027027    3.969625774    3.969625774    3.969625774
    7.042042042    3.934220298    3.934220298    3.934220298
    7.057057057    3.900144987    3.900144987    3.900144987
    7.072072072    3.875372623    3.875372623    3.875372623
    7.087087087    3.868672121    3.868672121    3.868672121
    7.102102102    3.879460413    3.879460413    3.879460413
    7.117117117    3.890662424    3.890662424    3.890662424
    7.132132132    3.872490078    3.872490078    3.872490078
    7.147147147    3.809000541    3.809000541    3.809000541
    7.162162162    3.715806511    3.715806511    3.715806511
    7.177177177    3.624253875    3.624253875    3.624253875
    7.192192192    3.552431861    3.552431861    3.552431861
    7.207207207    3.501438478    3.501438478    3.501438478
    7.222222222    3.466100768    3.466100768    3.466100768
    7.237237237    3.442096547    3.442096547    3.442096547
    7.252252252    3.423257755    3.423257755    3.423257755
    7.267267267    3.401103326    3.401103326    3.401103326
    7.282282282    3.366350089    3.366350089    3.366350089
    7.297297297    3.313621367    3.313621367    3.313621367
    7.312312312    3.251948736    3.251948736    3.251948736
    7.327327327    3.197998715    3.197998715    3.197998715
    7.342342342    3.161042553    3.161042553    3.161042553
    7.357357357    3.140343082    3.140343082    3.140343082
    7.372372372    3.128266087    3.128266087    3.128266087
    7.387387387    3.121466150    3.121466150    3.121466150
    7.402402402    3.127242210    3.127242210    3.127242210
    7.417417417    3.149743258    3.149743258    3.149743258
    7.432432432    3.178043390    3.178043390    3.178043390
    7.447447447    3.197612761    3.197612761    3.197612761
    7.462462462    3.207756256    3.207756256    3.207756256
    7.477477477    3.213583064    3.213583064    3.213583064
    7.492492492    3.204677992    3.204677992    3.204677992
    7.507507508    3.161930991    3.161930991    3.161930991
    7.522522523    3.080598535    3.080598535    3.080598535
    7.537537538    2.980636039    2.980636039    2.980636039
    7.552552553    2.889324668    2.889324668    2.889324668
    7.567567568    2.818858798    2.818858798    2.818858798
    7.582582583    2.767033328    2.767033328    2.767033328
    7.597597598    2.726454427    2.726454427    2.726454427
    7.612612613    2.690995799    2.690995799    2.690995799
    7.627627628    2.656575258    2.656575258    2.656575258
    7.642642643    2.624458200    2.624458200    2.624458200
    7.657657658    2.601330894    2.601330894    2.601330894
    7.672672673    2.591948828    2.591948828    2.591948828
    7.687687688    2.597863290    2.597863290    2.597863290
    7.702702703    2.622648639    2.622648639    2.622648639
    7.717717718    2.666313255    2.666313255    2.666313255
    7.732732733    2.717204532    2.717204532    2.717204532
    7.747747748    2.754363478    2.754363478    2.754363478
    7.762762763    2.761447195    2.761447195    2.761447195
    7.777777778    2.741660814    2.741660814    2.741660814
    7.792792793    2.710782067    2.710782067    2.710782067
    7.807807808    2.679102973    2.679102973    2.679102973
    7.822822823    2.647267793    2.647267793    2.647267793
    7.837837838    2.614721851    2.614721851    2.614721851
    7.852852853    2.586111336    2.586111336    2.586111336
    7.867867868    2.559196680    2.559196680    2.559196680
    7.882882883    2.523399280    2.523399280    2.523399280
    7.897897898    2.476547831    2.476547831    2.476547831
    7.912912913    2.424593636    2.424593636    2.424593636
    7.927927928    2.372797551    2.372797551    2.372797551
    7.942942943    2.326783938    2.326783938    2.326783938
    7.957957958    2.291557455    2.291557455    2.291557455
    7.972972973    2.267648056    2.267648056    2.267648056
    7.987987988    2.255188025    2.255188025    2.255188025
    8.003003003    2.257237631    2.257237631    2.257237631
    8.018018018    2.273163495    2.273163495    2.273163495
    8.033033033    2.297828065    2.297828065    2.297828065
    8.048048048    2.325911108    2.325911108    2.325911108
    8.063063063    2.351990837    2.351990837    2.351990837
    8.078078078    2.369222162    2.369222162    2.369222162
    8.093093093    2.370897154    2.370897154    2.370897154
    8.108108108    2.356525482    2.356525482    2.356525482
    8.123123123    2.331387741    2.331387741    2.331387741
    8.138138138    2.299039200    2.299039200    2.299039200
    8.153153153    2.263905703    2.263905703    2.263905703
    8.168168168    2.234099463    2.234099463    2.234099463
    8.183183183    2.215279171    2.215279171    2.215279171
    8.198198198    2.207408270    2.207408270    2.207408270
    8.213213213    2.205983207    2.205983207    2.205983207
    8.228228228    2.202870778    2.202870778    2.202870778
    8.243243243    2.189500797    2.189500797    2.189500797
    8.258258258    2.161174603    2.161174603    2.161174603
    8.273273273    2.120203250    2.120203250    2.120203250
    8.288288288    2.076327654    2.076327654    2.076327654
    8.303303303    2.039655800    2.039655800    2.039655800
    8.318318318    2.016801501    2.016801501    2.016801501
    8.333333333    2.010067767    2.010067767    2.010067767
    8.348348348    2.015887325    2.015887325    2.015887325
    8.363363363    2.026786519    2.026786519    2.026786519
    8.378378378    2.037265834    2.037265834    2.037265834
    8.393393393    2.048795226    2.048795226    2.048795226
    8.408408408    2.066521247    2.066521247    2.066521247
    8.423423423    2.087885729    2.087885729    2.087885729
    8.438438438    2.100317178    2.100317178    2.100317178
    8.453453453    2.096089618    2.096089618    2.096089618
    8.468468468    2.080600091    2.080600091    2.080600091
    8.483483483    2.063204905    2.063204905    2.063204905
    8.498498498    2.048592409    2.048592409    2.048592409
    8.513513514    2.037957320    2.037957320    2.037957320
    8.528528529    2.031279039    2.031279039    2.031279039
    8.543543544    2.026370417    2.026370417    2.026370417
    8.558558559    2.019791210    2.019791210    2.019791210
    8.573573574    2.012559591    2.012559591    2.012559591
    8.588588589    2.009216718    2.009216718    2.009216718
    8.603603604    2.013178473    2.013178473    2.013178473
    8.618618619    2.026074323    2.026074323    2.026074323
    8.633633634    2.048591782    2.048591782    2.048591782
    8.648648649    2.080835340    2.080835340    2.080835340
    8.663663664    2.115543664    2.115543664    2.115543664
    8.678678679    2.141708655    2.141708655    2.141708655
    8.693693694    2.157247410    2.157247410    2.157247410
    8.708708709    2.167031718    2.167031718    2.167031718
    8.723723724    2.176392206    2.176392206    2.176392206
    8.738738739    2.192361910    2.192361910    2.192361910
    8.753753754    2.221464298    2.221464298    2.221464298
    8.768768769    2.259439807    2.259439807    2.259439807
    8.783783784    2.291890990    2.291890990    2.291890990
    8.798798799    2.306956675    2.306956675    2.306956675
    8.813813814    2.300753630    2.300753630    2.300753630
    8.828828829    2.277704566    2.277704566    2.277704566
    8.843843844    2.248310338    2.248310338    2.248310338
    8.858858859    2.222414124    2.222414124    2.222414124
    8.873873874    2.203688867    2.203688867    2.203688867
    8.888888889    2.189731448    2.189731448    2.189731448
    8.903903904    2.172980078    2.172980078    2.172980078
    8.918918919    2.145369838    2.145369838    2.145369838
    8.933933934    2.108611485    2.108611485    2.108611485
    8.948948949    2.069182792    2.069182792    2.069182792
    8.963963964    2.029703320    2.029703320    2.029703320
    8.978978979    1.991632380    1.991632380    1.991632380
    8.993993994    1.958878326    1.958878326    1.958878326
    9.009009009    1.938322847    1.938322847    1.938322847
    9.024024024    1.930938009    1.930938009    1.930938009
    9.039039039    1.927305139    1.927305139    1.927305139
    9.054054054    1.917927271    1.917927271    1.917927271
    9.069069069    1.901949696    1.901949696    1.901949696
    9.084084084    1.886019373    1.886019373    1.886019373
    9.099099099    1.875576570    1.875576570    1.875576570
    9.114114114    1.868686124    1.868686124    1.868686124
    9.129129129    1.860305174    1.860305174    1.860305174
    9.144144144    1.847469505    1.847469505    1.847469505
    9.159159159    1.830462841    1.830462841    1.830462841
    9.174174174    1.810644724    1.810644724    1.810644724
    9.189189189    1.786969589    1.786969589    1.786969589
    9.204204204    1.759459062    1.759459062    1.759459062
    9.219219219    1.733478795    1.733478795    1.733478795
    9.234234234    1.715122632    1.715122632    1.715122632
    9.249249249    1.704742966    1.704742966    1.704742966
    9.264264264    1.697038148    1.697038148    1.697038148
    9.279279279    1.685515027    1.685515027    1.685515027
    9.294294294    1.669049053    1.669049053    1.669049053
    9.309309309    1.650635042    1.650635042    1.650635042
    9.324324324    1.629244503    1.629244503    1.629244503
    9.339339339    1.601133340    1.601133340    1.601133340
    9.354354354    1.568246260    1.568246260    1.568246260
    9.369369369    1.538697273    1.538697273    1.538697273
    9.384384384    1.519273763    1.519273763    1.519273763
    9.399399399    1.509597539    1.509597539    1.509597539
    9.414414414    1.502834317    1.502834317    1.502834317
    9.429429429    1.493228550    1.493228550    1.493228550
    9.444444444    1.484177706    1.484177706    1.484177706
    9.459459459    1.482946264    1.482946264    1.482946264
    9.474474474    1.490413017    1.490413017    1.490413017
    9.489489489    1.500925742    1.500925742    1.500925742
    9.504504505    1.507863151    1.507863151    1.507863151
    9.519519520    1.506316575    1.506316575    1.506316575
    9.534534535    1.493641312    1.493641312    1.493641312
    9.549549550    1.470546087    1.470546087    1.470546087
    9.564564565    1.443181102    1.443181102    1.443181102
    9.579579580    1.417395905    1.417395905    1.417395905
    9.594594595    1.394471198    1.394471198    1.394471198
    9.609609610    1.375732232    1.375732232    1.375732232
    9.624624625    1.363784852    1.363784852    1.363784852
    9.639639640    1.357796530    1.357796530    1.357796530
    9.654654655    1.350740657    1.350740657    1.350740657
    9.669669670    1.336080969    1.336080969    1.336080969
    9.684684685    1.315610985    1.315610985    1.315610985
    9.699699700    1.296587630    1.296587630    1.296587630
    9.714714715    1.283112929    1.283112929    1.283112929
    9.729729730    1.273770071    1.273770071    1.273770071
    9.744744745    1.267677491    1.267677491    1.267677491
    9.759759760    1.266622356    1.266622356    1.266622356
    9.774774775    1.271754951    1.271754951    1.271754951
    9.789789790    1.282042844    1.282042844    1.282042844
    9.804804805    1.294757312    1.294757312    1.294757312
    9.819819820    1.306959231    1.306959231    1.306959231
    9.834834835    1.315913447    1.315913447    1.315913447
    9.849849850    1.319246753    1.319246753    1.319246753
    9.864864865    1.314507608    1.314507608    1.314507608
    9.879879880    1.299468547    1.299468547    1.299468547
    9.894894895    1.276200541    1.276200541    1.276200541
    9.909909910    1.251177793    1.251177793    1.251177793
    9.924924925    1.230549293    1.230549293    1.230549293
    9.939939940    1.218046376    1.218046376    1.218046376
    9.954954955    1.214323699    1.214323699    1.214323699
    9.969969970    1.215449579    1.215449579    1.215449579
    9.984984985    1.216289797    1.216289797    1.216289797
   10.000000000    1.215357406    1.215357406    1.215357406
   10.015015015    1.214072681    1.214072680    1.214072680
   10.030030030    1.212858407    1.212858407    1.212858407
   10.045045045    1.210567971    1.210567971    1.210567971
   10.060060060    1.206933748    1.206933748    1.206933748
   10.075075075    1.202795504    1.202795504    1.202795504
   10.090090090    1.198780953    1.198780953    1.198780953
   10.105105105    1.194982543    1.194982543    1.194982543
   10.120120120    1.190578367    1.190578367    1.190578367
   10.135135135    1.184975081    1.184975081    1.184975081
   10.150150150    1.179932391    1.179932391    1.179932391
   10.165165165    1.178062637    1.178062637    1.178062637
   10.180180180    1.179873649    1.179873649    1.179873649
   10.195195195    1.183166057    1.183166057    1.183166057
   10.210210210    1.186032581    1.186032581    1.186032581
   10.225225225    1.187972286    1.187972286    1.187972286
   10.240240240    1.188215777    1.188215777    1.188215777
   10.255255255    1.185922654    1.185922654    1.185922654
   10.270270270    1.181456332    1.181456332    1.181456332
   10.285285285    1.177418044    1.177418044    1.177418044
   10.300300300    1.176542595    1.176542595    1.176542595
   10.315315315    1.178145786    1.178145786    1.178145786
   10.330330330    1.180994934    1.180994934    1.180994934
   10.345345345    1.184997351    1.184997351    1.184997351
   10.360360360    1.188078950    1.188078950    1.188078950
   10.375375375    1.187546042    1.187546042    1.187546042
   10.390390390    1.183100714    1.183100714    1.183100714
   10.405405405    1.176595911    1.176595911    1.176595911
   10.420420420    1.168573587    1.168573587    1.168573587
   10.435435435    1.157621912    1.157621912    1.157621912
   10.450450450    1.144644420    1.144644420    1.144644420
   10.465465465    1.132451573    1.132451573    1.132451573
   10.480480480    1.121841365    1.121841365    1.121841365
   10.495495495    1.111654875    1.111654875    1.111654875
   10.510510511    1.101126955    1.101126955    1.101126955
   10.525525526    1.089785415    1.089785415    1.089785415
   10.540540541    1.077607167    1.077607167    1.077607167
   10.555555556    1.067188646    1.067188646    1.067188646
   10.570570571    1.060004263    1.060004263    1.060004263
   10.585585586    1.054586890    1.054586890    1.054586890
   10.600600601    1.048526268    1.048526268    1.048526268
   10.615615616    1.039503378    1.039503378    1.039503378
   10.630630631    1.027963214    1.027963214    1.027963214
   10.645645646    1.016699299    1.016699299    1.016699299
   10.660660661    1.006131420    1.006131420    1.006131420
   10.675675676    0.995007434    0.995007434    0.995007434
   10.690690691    0.983893734    0.983893734    0.983893734
   10.705705706    0.973427237    0.973427237    0.973427237
   10.720720721    0.962673684    0.962673684    0.962673684
   10.735735736    0.952569486    0.952569486    0.952569486
   10.750750751    0.945103200    0.945103200    0.945103200
   10.765765766    0.940488244    0.940488244    0.940488244
   10.780780781    0.938209170    0.938209170    0.938209170
   10.795795796    0.937150550    0.937150550    0.937150550
   10.810810811    0.935501577    0.935501577    0.935501577
   10.825825826    0.932044535    0.932044535    0.932044535
   10.840840841    0.925777949    0.925777949    0.925777949
   10.855855856    0.915739709    0.915739709    0.915739709
   10.870870871    0.902772980    0.902772980    0.902772980
   10.885885886    0.889305123    0.889305123    0.889305123
   10.900900901    0.877189423    0.877189423    0.877189423
   10.915915916    0.867579298    0.867579298    0.867579298
   10.930930931    0.860301120    0.860301120    0.860301120
   10.945945946    0.854399403    0.854399403    0.854399403
   10.960960961    0.850291017    0.850291017    0.850291017
   10.975975976    0.848668731    0.848668731    0.848668731
   10.990990991    0.849191511    0.849191511    0.849191511
   11.006006006    0.850953202    0.850953202    0.850953202
   11.021021021    0.851979074    0.851979074    0.851979074
   11.036036036    0.850083454    0.850083454    0.850083454
   11.051051051    0.845959812    0.845959812    0.845959812
   11.066066066    0.842131365    0.842131365    0.842131365
   11.081081081    0.838639204    0.838639204    0.838639204
   11.096096096    0.833299356    0.833299356    0.833299356
   11.111111111    0.825202120    0.825202120    0.825202120
   11.126126126    0.815126253    0.815126253    0.815126253
   11.141141141    0.805230951    0.805230951    0.805230951
   11.156156156    0.798014324    0.798014324    0.798014324
   11.171171171    0.793925395    0.793925395    0.793925395
   11.186186186    0.790986074    0.790986074    0.790986074
   11.201201201    0.787568899    0.787568899    0.787568899
   11.216216216    0.783786836    0.783786836    0.783786836
   11.231231231    0.780735138    0.780735138    0.780735138
   11.246246246    0.779904305    0.779904305    0.779904305
   11.261261261    0.780871506    0.780871506    0.780871506
   11.276276276    0.781845930    0.781845930    0.781845930
   11.291291291    0.781362905    0.781362905    0.781362905
   11.306306306    0.777409620    0.777409620    0.777409620
   11.321321321    0.767904594    0.767904594    0.767904594
   11.336336336    0.753306222    0.753306222    0.753306222
   11.351351351    0.737855972    0.737855972    0.737855972
   11.366366366    0.726788069    0.726788069    0.726788069
   11.381381381    0.721674817    0.721674817    0.721674817
   11.396396396    0.720410052    0.720410052    0.720410052
   11.411411411    0.720359512    0.720359512    0.720359512
   11.426426426    0.719611264    0.719611264    0.719611264
   11.441441441    0.717274614    0.717274614    0.717274614
   11.456456456    0.713362012    0.713362012    0.713362012
   11.471471471    0.708296514    0.708296514    0.708296514
   11.486486486    0.702525265    0.702525265    0.702525265
   11.501501502    0.696607230    0.696607230    0.696607230
   11.516516517    0.691401523    0.691401523    0.691401523
   11.531531532    0.687482486    0.687482486    0.687482486
   11.546546547    0.684016647    0.684016647    0.684016647
   11.561561562    0.679253350    0.679253350    0.679253350
   11.576576577    0.672375283    0.672375283    0.672375283
   11.591591592    0.664906698    0.664906698    0.664906698
   11.606606607    0.659713719    0.659713719    0.659713719
   11.621621622    0.657417850    0.657417850    0.657417850
   11.636636637    0.654843839    0.654843839    0.654843839
   11.651651652    0.648152683    0.648152683    0.648152683
   11.666666667    0.636890118    0.636890118    0.636890118
   11.681681682    0.624363566    0.624363566    0.624363566
   11.696696697    0.614584716    0.614584716    0.614584716
   11.711711712    0.608735817    0.608735817    0.608735817
   11.726726727    0.605507458    0.605507458    0.605507458
   11.741741742    0.603808705    0.603808705    0.603808705
   11.756756757    0.603851299    0.603851299    0.603851299
   11.771771772    0.605586864    0.605586864    0.605586864
   11.786786787    0.607548895    0.607548895    0.607548895
   11.801801802    0.608544122    0.608544122    0.608544122
   11.816816817    0.608703609    0.608703609    0.608703609
   11.831831832    0.609093205    0.609093205    0.609093205
   11.846846847    0.610310095    0.610310095    0.610310095
   11.861861862    0.610556078    0.610556078    0.610556078
   11.876876877    0.607406875    0.607406875    0.607406875
   11.891891892    0.601263723    0.601263723    0.601263723
   11.906906907    0.594956899    0.594956899    0.594956899
   11.921921922    0.589988117    0.589988117    0.589988117
   11.936936937    0.585194843    0.585194843    0.585194843
   11.951951952    0.579805220    0.579805220    0.579805220
   11.966966967    0.575085739    0.575085739    0.575085739
   11.981981982    0.572663084    0.572663084    0.572663084
   11.996996997    0.572616762    0.572616762    0.572616762
   12.012012012    0.572680997    0.572680997    0.572680997
   12.027027027    0.570033074    0.570033074    0.570033074
   12.042042042    0.564144446    0.564144446    0.564144446
   12.057057057    0.556704642    0.556704642    0.556704642
   12.072072072    0.549313413    0.549313413    0.549313413
   12.087087087    0.542601611    0.542601611    0.542601611
   12.102102102    0.537402293    0.537402293    0.537402293
   12.117117117    0.534633882    0.534633882    0.534633882
   12.132132132    0.534150241    0.534150241    0.534150241
   12.147147147    0.534725731    0.534725731    0.534725731
   12.162162162    0.535349435    0.535349435    0.535349435
   12.177177177    0.535583567    0.535583567    0.535583567
   12.192192192    0.535567523    0.535567523    0.535567523
   12.207207207    0.535416577    0.535416577    0.535416577
   12.222222222    0.534834943    0.534834943    0.534834943
   12.237237237    0.533871780    0.533871780    0.533871780
   12.252252252    0.532210642    0.532210642    0.532210642
   12.267267267    0.529313999    0.529313999    0.529313999
   12.282282282    0.525779534    0.525779534    0.525779534
   12.297297297    0.522442555    0.522442555    0.522442555
   12.312312312    0.519339766    0.519339766    0.519339766
   12.327327327    0.516461131    0.516461131    0.516461131
   12.342342342    0.514392293    0.514392293    0.514392293
   12.357357357    0.513920934    0.513920934    0.513920934
   12.372372372    0.515442663    0.515442663    0.515442663
   12.387387387    0.518120938    0.518120938    0.518120938
   12.402402402    0.519471433    0.519471433    0.519471433
   12.417417417    0.517400399    0.517400399    0.517400399
   12.432432432    0.512567989    0.512567989    0.512567989
   12.447447447    0.506849646    0.506849646    0.506849646
   12.462462462    0.500846537    0.500846537    0.500846537
   12.477477477    0.494804940    0.494804940    0.494804940
   12.492492492    0.489908579    0.489908579    0.489908579
   12.507507508    0.486959890    0.486959890    0.486959890
   12.522522523    0.485081808    0.485081808    0.485081808
   12.537537538    0.483552114    0.483552114    0.483552114
   12.552552553    0.484059403    0.484059403    0.484059403
   12.567567568    0.487950527    0.487950527    0.487950527
   12.582582583    0.492670523    0.492670523    0.492670523
   12.597597598    0.494773321    0.494773321    0.494773321
   12.612612613    0.494193207    0.494193207    0.494193207
   12.627627628    0.492496435    0.492496435    0.492496435
   12.642642643    0.490000679    0.490000679    0.490000679
   12.657657658    0.486537161    0.486537161    0.486537161
   12.672672673    0.482644128    0.482644128    0.482644128
   12.687687688    0.479456220    0.479456220    0.479456220
   12.702702703    0.478056380    0.478056380    0.478056380
   12.717717718    0.477845410    0.477845410    0.477845410
   12.732732733    0.477053149    0.477053149    0.477053149
   12.747747748    0.474902892    0.474902892    0.474902892
   12.762762763    0.471673007    0.471673007    0.471673007
   12.777777778    0.467671869    0.467671869    0.467671869
   12.792792793    0.463541426    0.463541426    0.463541426
   12.807807808    0.460785494    0.460785494    0.460785494
   12.822822823    0.460340938    0.460340938    0.460340938
   12.837837838    0.460891917    0.460891917    0.460891917
   12.852852853    0.460390342    0.460390342    0.460390342
   12.867867868    0.458531531    0.458531531    0.458531531
   12.882882883    0.456756286    0.456756286    0.456756286
   12.897897898    0.456229410    0.456229410    0.456229410
   12.912912913    0.455686394    0.455686394    0.455686394
   12.927927928    0.452517418    0.452517418    0.452517418
   12.942942943    0.446019798    0.446019798    0.446019798
   12.957957958    0.437841498    0.437841498    0.437841498
   12.972972973    0.430421119    0.430421119    0.430421119
   12.987987988    0.424768991    0.424768991    0.424768991
   13.003003003    0.420714044    0.420714044    0.420714044
   13.018018018    0.418251435    0.418251435    0.418251435
   13.033033033    0.417102857    0.417102857    0.417102857
   13.048048048    0.416855523    0.416855523    0.416855523
   13.063063063    0.417763793    0.417763793    0.417763793
   13.078078078    0.419595057    0.419595057    0.419595057
   13.093093093    0.420953543    0.420953543    0.420953543
   13.108108108    0.421186686    0.421186686    0.421186686
   13.123123123    0.421224581    0.421224581    0.421224581
   13.138138138    0.422006360    0.422006360    0.422006360
   13.153153153    0.422976049    0.422976049    0.422976049
   13.168168168    0.422431014    0.422431014    0.422431014
   13.183183183    0.419534158    0.419534158    0.419534158
   13.198198198    0.414804888    0.414804888    0.414804888
   13.213213213    0.409166822    0.409166822    0.409166822
   13.228228228    0.403457297    0.403457297    0.403457297
   13.243243243    0.398111205    0.398111205    0.398111205
   13.258258258    0.392979565    0.392979565    0.392979565
   13.273273273    0.387830131    0.387830131    0.387830131
   13.288288288    0.383519214    0.383519214    0.383519214
   13.303303303    0.381387540    0.381387540    0.381387540
   13.318318318    0.381235277    0.381235277    0.381235277
   13.333333333    0.381421580    0.381421580    0.381421580
   13.348348348    0.380471951    0.380471951    0.380471951
   13.363363363    0.378528744    0.378528744    0.378528744
   13.378378378    0.377245624    0.377245624    0.377245624
   13.393393393    0.377855036    0.377855036    0.377855036
   13.408408408    0.380169897    0.380169897    0.380169897
   13.423423423    0.383355681    0.383355681    0.383355681
   13.438438438    0.386682004    0.386682004    0.386682004
   13.453453453    0.389476215    0.389476215    0.389476215
   13.468468468    0.391184145    0.391184145    0.391184145
   13.483483483    0.392030312    0.392030312    0.392030312
   13.498498498    0.392728947    0.392728947    0.392728947
   13.513513514    0.393808060    0.393808060    0.393808060
   13.528528529    0.395321507    0.395321507    0.395321507
   13.543543544    0.396786398    0.396786398    0.396786398
   13.558558559    0.397527491    0.397527491    0.397527491
   13.573573574    0.396876821    0.396876821    0.396876821
   13.588588589    0.394575078    0.394575078    0.394575078
   13.603603604    0.391108363    0.391108363    0.391108363
   13.618618619    0.387763579    0.387763579    0.387763579
   13.633633634    0.385499589    0.385499589    0.385499589
   13.648648649    0.383471381    0.383471381    0.383471381
   13.663663664    0.380566828    0.380566828    0.380566828
   13.678678679    0.376728451    0.376728451    0.376728451
   13.693693694    0.372352772    0.372352772    0.372352772
   13.708708709    0.368385807    0.368385807    0.368385807
   13.723723724    0.365994755    0.365994755    0.365994755
   13.738738739    0.365325665    0.365325665    0.365325665
   13.753753754    0.365381859    0.365381859    0.365381859
   13.768768769    0.365155638    0.365155638    0.365155638
   13.783783784    0.364615270    0.364615270    0.364615270
   13.798798799    0.364236100    0.364236100    0.364236100
   13.813813814    0.364234143    0.364234143    0.364234143
   13.828828829    0.364639132    0.364639132    0.364639132
   13.843843844    0.365487135    0.365487135    0.365487135
   13.858858859    0.366492272    0.366492272    0.366492272
   13.873873874    0.366847730    0.366847730    0.366847730
   13.888888889    0.366316404    0.366316404    0.366316404
   13.903903904    0.365517619    0.365517619    0.365517619
   13.918918919    0.364721997    0.364721997    0.364721997
   13.933933934    0.363588056    0.363588056    0.363588056
   13.948948949    0.362091758    0.362091758    0.362091758
   13.963963964    0.360590205    0.360590205    0.360590205
   13.978978979    0.358969313    0.358969313    0.358969313
   13.993993994    0.356591415    0.356591415    0.356591415
   14.009009009    0.353074648    0.353074648    0.353074648
   14.024024024    0.348405660    0.348405660    0.348405660
   14.039039039    0.342797530    0.342797530    0.342797530
   14.054054054    0.336905672    0.336905672    0.336905672
   14.069069069    0.331352223    0.331352223    0.331352223
   14.084084084    0.326279541    0.326279541    0.326279541
   14.099099099    0.322240882    0.322240882    0.322240882
   14.114114114    0.320251730    0.320251730    0.320251730
   14.129129129    0.320556197    0.320556197    0.320556197
   14.144144144    0.322315995    0.322315995    0.322315995
   14.159159159    0.324777952    0.324777952    0.324777952
   14.174174174    0.327428248    0.327428248    0.327428248
   14.189189189    0.329913428    0.329913428    0.329913428
   14.204204204    0.332593252    0.332593252    0.332593252
   14.219219219    0.335883711    0.335883711    0.335883711
   14.234234234    0.339310667    0.339310667    0.339310667
   14.249249249    0.341572266    0.341572266    0.341572266
   14.264264264    0.341604966    0.341604966    0.341604966
   14.279279279    0.339336629    0.339336629    0.339336629
   14.294294294    0.335201571    0.335201571    0.335201571
   14.309309309    0.330016295    0.330016295    0.330016295
   14.324324324    0.325179541    0.325179541    0.325179541
   14.339339339    0.321413855    0.321413855    0.321413855
   14.354354354    0.318129708    0.318129708    0.318129708
   14.369369369    0.314657094    0.314657094    0.314657094
   14.384384384    0.311072116    0.311072116    0.311072116
   14.399399399    0.307737439    0.307737439    0.307737439
   14.414414414    0.304822727    0.304822727    0.304822727
   14.429429429    0.302795251    0.302795251    0.302795251
   14.444444444    0.302085727    0.302085727    0.302085727
   14.459459459    0.302485642    0.302485642    0.302485642
   14.474474474    0.303440616    0.303440616    0.303440616
   14.489489489    0.304131655    0.304131655    0.304131655
   14.504504505    0.304116085    0.304116085    0.304116085
   14.519519520    0.303857802    0.303857802    0.303857802
   14.534534535    0.303616333    0.303616333    0.303616333
   14.549549550    0.302998229    0.302998229    0.302998229
   14.564564565    0.302107267    0.302107267    0.302107267
   14.579579580    0.301671216    0.301671216    0.301671216
   14.594594595    0.301872277    0.301872277    0.301872277
   14.609609610    0.302178684    0.302178684    0.302178684
   14.624624625    0.302166045    0.302166045    0.302166045
   14.639639640    0.301568938    0.301568938    0.301568938
   14.654654655    0.299700443    0.299700443    0.299700443
   14.669669670    0.296237235    0.296237235    0.296237235
   14.684684685    0.292127784    0.292127784    0.292127784
   14.699699700    0.288582295    0.288582295    0.288582295
   14.714714715    0.285884961    0.285884961    0.285884961
   14.729729730    0.283681081    0.283681081    0.283681081
   14.744744745    0.281808310    0.281808310    0.281808310
   14.759759760    0.280459392    0.280459392    0.280459392
   14.774774775    0.279802435    0.279802435    0.279802435
   14.789789790    0.279407876    0.279407876    0.279407876
   14.804804805    0.278203562    0.278203562    0.278203562
   14.819819820    0.275692042    0.275692042    0.275692042
   14.834834835    0.272390202    0.272390202    0.272390202
   14.849849850    0.268754491    0.268754491    0.268754491
   14.864864865    0.265282883    0.265282883    0.265282883
   14.879879880    0.262862241    0.262862241    0.262862241
   14.894894895    0.262064210    0.262064210    0.262064210
   14.909909910    0.262381567    0.262381567    0.262381567
   14.924924925    0.262966059    0.262966059    0.262966059
   14.939939940    0.263949363    0.263949363    0.263949363
   14.954954955    0.265559651    0.265559651    0.265559651
   14.969969970    0.267155938    0.267155938    0.267155938
   14.984984985    0.267906033    0.267906033    0.267906033
   15.000000000    0.267438914    0.267438914    0.267438914
