# energy grid [eV]     epsr_x  epsr_y  epsr_z
# plasmon frequences [eV]:    14.839789595   14.839789595   14.839789595
    0.000000000   11.563370691   11.563370691   11.563370691
    0.015015015   11.563588635   11.563588634   11.563588634
    0.030030030   11.564242581   11.564242581   11.564242581
    0.045045045   11.565332878   11.565332877   11.565332877
    0.060060060   11.566860103   11.566860103   11.566860103
    0.075075075   11.568825070   11.568825070   11.568825070
    0.090090090   11.571228829   11.571228828   11.571228828
    0.105105105   11.574072666   11.574072665   11.574072665
    0.120120120   11.577358111   11.577358111   11.577358111
    0.135135135   11.581086942   11.581086941   11.581086941
    0.150150150   11.585261184   11.585261184   11.585261184
    0.165165165   11.589883124   11.589883123   11.589883123
    0.180180180   11.594955307   11.594955307   11.594955307
    0.195195195   11.600480552   11.600480552   11.600480552
    0.210210210   11.606461955   11.606461955   11.606461955
    0.225225225   11.612902901   11.612902901   11.612902901
    0.240240240   11.619807071   11.619807071   11.619807071
    0.255255255   11.627178457   11.627178457   11.627178457
    0.270270270   11.635021371   11.635021371   11.635021371
    0.285285285   11.643340462   11.643340462   11.643340462
    0.300300300   11.652140729   11.652140728   11.652140728
    0.315315315   11.661427538   11.661427538   11.661427538
    0.330330330   11.671206643   11.671206643   11.671206643
    0.345345345   11.681484205   11.681484205   11.681484205
    0.360360360   11.692266813   11.692266813   11.692266813
    0.375375375   11.703561514   11.703561514   11.703561514
    0.390390390   11.715375836   11.715375836   11.715375836
    0.405405405   11.727717823   11.727717823   11.727717823
    0.420420420   11.740596066   11.740596066   11.740596066
    0.435435435   11.754019745   11.754019745   11.754019745
    0.450450450   11.767998669   11.767998669   11.767998669
    0.465465465   11.782543324   11.782543324   11.782543324
    0.480480480   11.797664929   11.797664928   11.797664928
    0.495495495   11.813375491   11.813375490   11.813375490
    0.510510511   11.829687877   11.829687877   11.829687877
    0.525525526   11.846615889   11.846615889   11.846615889
    0.540540541   11.864174347   11.864174347   11.864174347
    0.555555556   11.882379190   11.882379190   11.882379190
    0.570570571   11.901247584   11.901247584   11.901247584
    0.585585586   11.920798051   11.920798051   11.920798051
    0.600600601   11.941050612   11.941050612   11.941050612
    0.615615616   11.962026954   11.962026954   11.962026954
    0.630630631   11.983750624   11.983750624   11.983750624
    0.645645646   12.006247252   12.006247252   12.006247252
    0.660660661   12.029544810   12.029544810   12.029544810
    0.675675676   12.053673919   12.053673919   12.053673919
    0.690690691   12.078668206   12.078668206   12.078668206
    0.705705706   12.104564727   12.104564726   12.104564726
    0.720720721   12.131404469   12.131404469   12.131404469
    0.735735736   12.159232956   12.159232955   12.159232955
    0.750750751   12.188100961   12.188100961   12.188100961
    0.765765766   12.218065383   12.218065383   12.218065383
    0.780780781   12.249190296   12.249190296   12.249190296
    0.795795796   12.281548236   12.281548236   12.281548236
    0.810810811   12.315221762   12.315221762   12.315221762
    0.825825826   12.350305382   12.350305382   12.350305382
    0.840840841   12.386907895   12.386907895   12.386907895
    0.855855856   12.425155246   12.425155246   12.425155246
    0.870870871   12.465193954   12.465193954   12.465193954
    0.885885886   12.507195095   12.507195095   12.507195095
    0.900900901   12.551358652   12.551358652   12.551358652
    0.915915916   12.597917531   12.597917531   12.597917531
    0.930930931   12.647139388   12.647139388   12.647139388
    0.945945946   12.699321628   12.699321628   12.699321628
    0.960960961   12.754768351   12.754768351   12.754768351
    0.975975976   12.813722225   12.813722224   12.813722224
    0.990990991   12.876186569   12.876186568   12.876186569
    1.006006006   12.941485777   12.941485776   12.941485776
    1.021021021   13.007235761   13.007235761   13.007235761
    1.036036036   13.067206085   13.067206085   13.067206085
    1.051051051   13.108347358   13.108347358   13.108347358
    1.066066066   13.112893335   13.112893335   13.112893335
    1.081081081   13.080050950   13.080050950   13.080050950
    1.096096096   13.048733538   13.048733538   13.048733538
    1.111111111   13.058053320   13.058053319   13.058053319
    1.126126126   13.104464466   13.104464466   13.104464466
    1.141141141   13.164739104   13.164739104   13.164739104
    1.156156156   13.227820227   13.227820227   13.227820227
    1.171171171   13.300386562   13.300386562   13.300386562
    1.186186186   13.383902585   13.383902584   13.383902584
    1.201201201   13.459166329   13.459166329   13.459166329
    1.216216216   13.490343920   13.490343920   13.490343920
    1.231231231   13.443173334   13.443173334   13.443173334
    1.246246246   13.334173062   13.334173062   13.334173062
    1.261261261   13.246626047   13.246626047   13.246626047
    1.276276276   13.240480605   13.240480605   13.240480605
    1.291291291   13.298688317   13.298688317   13.298688317
    1.306306306   13.370737720   13.370737720   13.370737720
    1.321321321   13.416558779   13.416558779   13.416558779
    1.336336336   13.435515113   13.435515113   13.435515113
    1.351351351   13.458171767   13.458171767   13.458171767
    1.366366366   13.493431870   13.493431870   13.493431870
    1.381381381   13.536083952   13.536083952   13.536083952
    1.396396396   13.598918990   13.598918990   13.598918990
    1.411411411   13.682291401   13.682291401   13.682291401
    1.426426426   13.760336780   13.760336780   13.760336780
    1.441441441   13.821320638   13.821320638   13.821320638
    1.456456456   13.891191221   13.891191221   13.891191221
    1.471471471   13.987074786   13.987074786   13.987074786
    1.486486486   14.080323188   14.080323188   14.080323188
    1.501501502   14.121646216   14.121646216   14.121646216
    1.516516517   14.085979032   14.085979032   14.085979032
    1.531531532   14.006451247   14.006451247   14.006451247
    1.546546547   13.959924005   13.959924004   13.959924004
    1.561561562   13.991466797   13.991466797   13.991466797
    1.576576577   14.066016899   14.066016899   14.066016899
    1.591591592   14.115027220   14.115027219   14.115027219
    1.606606607   14.106458259   14.106458258   14.106458258
    1.621621622   14.069997411   14.069997410   14.069997410
    1.636636637   14.046002330   14.046002330   14.046002330
    1.651651652   14.063461229   14.063461229   14.063461229
    1.666666667   14.141644175   14.141644174   14.141644174
    1.681681682   14.260358510   14.260358510   14.260358510
    1.696696697   14.389947651   14.389947650   14.389947650
    1.711711712   14.536210447   14.536210447   14.536210447
    1.726726727   14.718467984   14.718467984   14.718467984
    1.741741742   14.929198972   14.929198972   14.929198972
    1.756756757   15.139200789   15.139200789   15.139200789
    1.771771772   15.315998640   15.315998640   15.315998640
    1.786786787   15.441023267   15.441023267   15.441023267
    1.801801802   15.508130399   15.508130398   15.508130399
    1.816816817   15.498660659   15.498660659   15.498660659
    1.831831832   15.410657993   15.410657992   15.410657992
    1.846846847   15.296041928   15.296041928   15.296041928
    1.861861862   15.222961741   15.222961741   15.222961741
    1.876876877   15.214865662   15.214865662   15.214865662
    1.891891892   15.260916424   15.260916424   15.260916424
    1.906906907   15.339550346   15.339550346   15.339550346
    1.921921922   15.433946029   15.433946029   15.433946029
    1.936936937   15.540651326   15.540651325   15.540651326
    1.951951952   15.669917949   15.669917949   15.669917949
    1.966966967   15.837259130   15.837259129   15.837259130
    1.981981982   16.028683238   16.028683238   16.028683238
    1.996996997   16.205992139   16.205992139   16.205992139
    2.012012012   16.366899099   16.366899099   16.366899099
    2.027027027   16.559584711   16.559584710   16.559584711
    2.042042042   16.818685650   16.818685649   16.818685649
    2.057057057   17.135086839   17.135086839   17.135086839
    2.072072072   17.460819166   17.460819166   17.460819166
    2.087087087   17.721096529   17.721096529   17.721096529
    2.102102102   17.835103449   17.835103448   17.835103448
    2.117117117   17.785244862   17.785244861   17.785244862
    2.132132132   17.676021332   17.676021332   17.676021332
    2.147147147   17.634391563   17.634391563   17.634391563
    2.162162162   17.703300123   17.703300123   17.703300123
    2.177177177   17.855114153   17.855114153   17.855114153
    2.192192192   18.053926577   18.053926577   18.053926577
    2.207207207   18.305654578   18.305654578   18.305654578
    2.222222222   18.635955640   18.635955640   18.635955640
    2.237237237   19.043575422   19.043575422   19.043575422
    2.252252252   19.502764201   19.502764201   19.502764201
    2.267267267   19.984620847   19.984620847   19.984620847
    2.282282282   20.446141275   20.446141275   20.446141275
    2.297297297   20.834039335   20.834039335   20.834039335
    2.312312312   21.129648413   21.129648413   21.129648413
    2.327327327   21.367981954   21.367981953   21.367981953
    2.342342342   21.569366231   21.569366231   21.569366231
    2.357357357   21.715026469   21.715026468   21.715026468
    2.372372372   21.763933104   21.763933104   21.763933104
    2.387387387   21.628684280   21.628684280   21.628684280
    2.402402402   21.226233220   21.226233220   21.226233220
    2.417417417   20.595546115   20.595546115   20.595546115
    2.432432432   19.870588435   19.870588435   19.870588435
    2.447447447   19.157459759   19.157459759   19.157459759
    2.462462462   18.470880326   18.470880325   18.470880325
    2.477477477   17.804491472   17.804491472   17.804491472
    2.492492492   17.200971344   17.200971343   17.200971343
    2.507507508   16.719441742   16.719441741   16.719441742
    2.522522523   16.390649998   16.390649998   16.390649998
    2.537537538   16.185880387   16.185880387   16.185880387
    2.552552553   16.017924840   16.017924839   16.017924839
    2.567567568   15.758853007   15.758853006   15.758853006
    2.582582583   15.315510016   15.315510016   15.315510016
    2.597597598   14.723156190   14.723156190   14.723156190
    2.612612613   14.067048812   14.067048811   14.067048811
    2.627627628   13.384952713   13.384952713   13.384952713
    2.642642643   12.760958604   12.760958603   12.760958604
    2.657657658   12.377437733   12.377437732   12.377437733
    2.672672673   12.317702711   12.317702711   12.317702711
    2.687687688   12.488997163   12.488997163   12.488997163
    2.702702703   12.739688451   12.739688451   12.739688452
    2.717717718   12.949690026   12.949690026   12.949690026
    2.732732733   13.071860213   13.071860213   13.071860213
    2.747747748   13.098741913   13.098741913   13.098741913
    2.762762763   12.989581454   12.989581454   12.989581454
    2.777777778   12.716570917   12.716570917   12.716570917
    2.792792793   12.337822933   12.337822933   12.337822933
    2.807807808   11.932543412   11.932543412   11.932543412
    2.822822823   11.525127127   11.525127127   11.525127127
    2.837837838   11.136389608   11.136389608   11.136389608
    2.852852853   10.834900885   10.834900885   10.834900885
    2.867867868   10.682196345   10.682196345   10.682196345
    2.882882883   10.682410214   10.682410214   10.682410214
    2.897897898   10.787341210   10.787341210   10.787341210
    2.912912913   10.922454352   10.922454352   10.922454352
    2.927927928   11.050654073   11.050654073   11.050654073
    2.942942943   11.161341149   11.161341149   11.161341149
    2.957957958   11.218542633   11.218542633   11.218542633
    2.972972973   11.214306263   11.214306263   11.214306263
    2.987987988   11.199025015   11.199025015   11.199025015
    3.003003003   11.226682912   11.226682912   11.226682912
    3.018018018   11.301301144   11.301301144   11.301301144
    3.033033033   11.327847502   11.327847502   11.327847502
    3.048048048   11.205529422   11.205529421   11.205529421
    3.063063063   10.973853245   10.973853244   10.973853244
    3.078078078   10.725108880   10.725108880   10.725108880
    3.093093093   10.485068815   10.485068815   10.485068815
    3.108108108   10.273986514   10.273986514   10.273986514
    3.123123123   10.157814097   10.157814097   10.157814097
    3.138138138   10.175812665   10.175812665   10.175812665
    3.153153153   10.274380688   10.274380688   10.274380688
    3.168168168   10.340382169   10.340382168   10.340382168
    3.183183183   10.343087498   10.343087497   10.343087497
    3.198198198   10.383255391   10.383255391   10.383255391
    3.213213213   10.544262285   10.544262285   10.544262285
    3.228228228   10.805275865   10.805275865   10.805275865
    3.243243243   11.106456019   11.106456019   11.106456019
    3.258258258   11.419032413   11.419032413   11.419032413
    3.273273273   11.701932912   11.701932911   11.701932911
    3.288288288   11.898944011   11.898944011   11.898944011
    3.303303303   11.970415030   11.970415029   11.970415030
    3.318318318   11.879813435   11.879813435   11.879813435
    3.333333333   11.622004370   11.622004370   11.622004370
    3.348348348   11.264967443   11.264967442   11.264967443
    3.363363363   10.916834741   10.916834741   10.916834741
    3.378378378   10.696190052   10.696190052   10.696190052
    3.393393393   10.683391255   10.683391255   10.683391255
    3.408408408   10.848030830   10.848030830   10.848030830
    3.423423423   11.083014325   11.083014325   11.083014325
    3.438438438   11.323632301   11.323632301   11.323632301
    3.453453453   11.568168377   11.568168377   11.568168377
    3.468468468   11.815877127   11.815877127   11.815877127
    3.483483483   12.089037059   12.089037059   12.089037059
    3.498498498   12.406417159   12.406417159   12.406417159
    3.513513514   12.722894162   12.722894162   12.722894162
    3.528528529   12.993315009   12.993315009   12.993315009
    3.543543544   13.206154883   13.206154883   13.206154883
    3.558558559   13.349183855   13.349183855   13.349183855
    3.573573574   13.434326707   13.434326707   13.434326707
    3.588588589   13.506939000   13.506939000   13.506939000
    3.603603604   13.574937600   13.574937600   13.574937600
    3.618618619   13.648595145   13.648595144   13.648595145
    3.633633634   13.783119964   13.783119964   13.783119964
    3.648648649   13.990766143   13.990766142   13.990766142
    3.663663664   14.254305937   14.254305937   14.254305937
    3.678678679   14.561581786   14.561581786   14.561581786
    3.693693694   14.870567258   14.870567258   14.870567258
    3.708708709   15.136688018   15.136688018   15.136688018
    3.723723724   15.346775924   15.346775924   15.346775924
    3.738738739   15.527523627   15.527523627   15.527523627
    3.753753754   15.704503554   15.704503554   15.704503554
    3.768768769   15.840652163   15.840652163   15.840652163
    3.783783784   15.860365779   15.860365779   15.860365779
    3.798798799   15.747360064   15.747360063   15.747360064
    3.813813814   15.563587501   15.563587500   15.563587500
    3.828828829   15.368365706   15.368365706   15.368365706
    3.843843844   15.176153565   15.176153565   15.176153565
    3.858858859   14.996230759   14.996230758   14.996230759
    3.873873874   14.842028745   14.842028744   14.842028745
    3.888888889   14.701852243   14.701852243   14.701852243
    3.903903904   14.548318647   14.548318646   14.548318647
    3.918918919   14.390017562   14.390017562   14.390017562
    3.933933934   14.285685597   14.285685597   14.285685597
    3.948948949   14.246453542   14.246453542   14.246453542
    3.963963964   14.224161957   14.224161957   14.224161957
    3.978978979   14.209511894   14.209511894   14.209511894
    3.993993994   14.197486046   14.197486046   14.197486046
    4.009009009   14.119394508   14.119394508   14.119394508
    4.024024024   13.930386554   13.930386554   13.930386554
    4.039039039   13.686235341   13.686235340   13.686235340
    4.054054054   13.486465338   13.486465338   13.486465338
    4.069069069   13.391952620   13.391952619   13.391952619
    4.084084084   13.430785323   13.430785322   13.430785322
    4.099099099   13.594240476   13.594240475   13.594240475
    4.114114114   13.819877847   13.819877847   13.819877847
    4.129129129   14.052557755   14.052557754   14.052557754
    4.144144144   14.275643151   14.275643151   14.275643151
    4.159159159   14.470487667   14.470487667   14.470487667
    4.174174174   14.612407890   14.612407890   14.612407890
    4.189189189   14.698430053   14.698430053   14.698430053
    4.204204204   14.707827263   14.707827263   14.707827263
    4.219219219   14.582117065   14.582117065   14.582117065
    4.234234234   14.290748055   14.290748054   14.290748054
    4.249249249   13.894461157   13.894461157   13.894461157
    4.264264264   13.449880464   13.449880464   13.449880464
    4.279279279   12.916260714   12.916260714   12.916260714
    4.294294294   12.155878783   12.155878783   12.155878783
    4.309309309   10.989851233   10.989851232   10.989851232
    4.324324324    9.297876830    9.297876830    9.297876830
    4.339339339    7.056826519    7.056826519    7.056826519
    4.354354354    4.375438108    4.375438108    4.375438108
    4.369369369    1.597027189    1.597027189    1.597027189
    4.384384384   -0.823827848   -0.823827848   -0.823827848
    4.399399399   -2.688790544   -2.688790544   -2.688790544
    4.414414414   -4.086596569   -4.086596569   -4.086596569
    4.429429429   -5.250057827   -5.250057827   -5.250057827
    4.444444444   -6.443750977   -6.443750977   -6.443750977
    4.459459459   -7.676438106   -7.676438106   -7.676438106
    4.474474474   -8.598742167   -8.598742167   -8.598742167
    4.489489489   -8.900525031   -8.900525031   -8.900525031
    4.504504505   -8.625073539   -8.625073539   -8.625073539
    4.519519520   -8.074209968   -8.074209968   -8.074209968
    4.534534535   -7.547424392   -7.547424392   -7.547424392
    4.549549550   -7.222558515   -7.222558515   -7.222558515
    4.564564565   -7.232890450   -7.232890450   -7.232890450
    4.579579580   -7.696251228   -7.696251229   -7.696251229
    4.594594595   -8.582118326   -8.582118326   -8.582118326
    4.609609610   -9.540174532   -9.540174532   -9.540174532
    4.624624625  -10.053534895  -10.053534895  -10.053534895
    4.639639640   -9.921454888   -9.921454888   -9.921454888
    4.654654655   -9.328724494   -9.328724494   -9.328724494
    4.669669670   -8.547676058   -8.547676058   -8.547676058
    4.684684685   -7.757993582   -7.757993582   -7.757993582
    4.699699700   -7.047674206   -7.047674206   -7.047674206
    4.714714715   -6.483095067   -6.483095068   -6.483095068
    4.729729730   -6.137588738   -6.137588738   -6.137588738
    4.744744745   -6.064298744   -6.064298744   -6.064298744
    4.759759760   -6.273632436   -6.273632436   -6.273632436
    4.774774775   -6.750867065   -6.750867065   -6.750867065
    4.789789790   -7.429866089   -7.429866089   -7.429866089
    4.804804805   -8.101685943   -8.101685943   -8.101685943
    4.819819820   -8.470054645   -8.470054645   -8.470054645
    4.834834835   -8.431644955   -8.431644955   -8.431644955
    4.849849850   -8.128938746   -8.128938746   -8.128938746
    4.864864865   -7.718821472   -7.718821472   -7.718821472
    4.879879880   -7.265851347   -7.265851347   -7.265851347
    4.894894895   -6.805592973   -6.805592973   -6.805592973
    4.909909910   -6.391097449   -6.391097449   -6.391097449
    4.924924925   -6.036076424   -6.036076424   -6.036076424
    4.939939940   -5.706498094   -5.706498094   -5.706498094
    4.954954955   -5.399004333   -5.399004333   -5.399004333
    4.969969970   -5.155227029   -5.155227029   -5.155227029
    4.984984985   -5.031917704   -5.031917704   -5.031917704
    5.000000000   -5.078869414   -5.078869415   -5.078869415
    5.015015015   -5.309047254   -5.309047254   -5.309047254
    5.030030030   -5.678849972   -5.678849973   -5.678849973
    5.045045045   -6.083236291   -6.083236291   -6.083236291
    5.060060060   -6.353456237   -6.353456237   -6.353456237
    5.075075075   -6.379670832   -6.379670832   -6.379670832
    5.090090090   -6.216700762   -6.216700762   -6.216700762
    5.105105105   -5.978978120   -5.978978120   -5.978978120
    5.120120120   -5.713610181   -5.713610181   -5.713610181
    5.135135135   -5.407483472   -5.407483473   -5.407483473
    5.150150150   -5.075949488   -5.075949488   -5.075949488
    5.165165165   -4.782275621   -4.782275621   -4.782275621
    5.180180180   -4.569195821   -4.569195821   -4.569195821
    5.195195195   -4.421586547   -4.421586547   -4.421586547
    5.210210210   -4.295918674   -4.295918674   -4.295918674
    5.225225225   -4.169583454   -4.169583454   -4.169583454
    5.240240240   -4.068007172   -4.068007172   -4.068007172
    5.255255255   -4.042034144   -4.042034145   -4.042034145
    5.270270270   -4.131755936   -4.131755936   -4.131755936
    5.285285285   -4.347438927   -4.347438927   -4.347438927
    5.300300300   -4.659511080   -4.659511080   -4.659511080
    5.315315315   -5.006283924   -5.006283924   -5.006283924
    5.330330330   -5.302116475   -5.302116475   -5.302116475
    5.345345345   -5.454321657   -5.454321657   -5.454321657
    5.360360360   -5.423007442   -5.423007442   -5.423007442
    5.375375375   -5.266273732   -5.266273732   -5.266273732
    5.390390390   -5.075787560   -5.075787560   -5.075787560
    5.405405405   -4.890941002   -4.890941003   -4.890941003
    5.420420420   -4.712780637   -4.712780637   -4.712780637
    5.435435435   -4.554468943   -4.554468943   -4.554468943
    5.450450450   -4.430495965   -4.430495965   -4.430495965
    5.465465465   -4.325118601   -4.325118601   -4.325118601
    5.480480480   -4.209225343   -4.209225343   -4.209225343
    5.495495495   -4.075938098   -4.075938099   -4.075938099
    5.510510511   -3.939839413   -3.939839413   -3.939839413
    5.525525526   -3.813790487   -3.813790487   -3.813790487
    5.540540541   -3.714719600   -3.714719600   -3.714719600
    5.555555556   -3.637294078   -3.637294078   -3.637294078
    5.570570571   -3.554139211   -3.554139211   -3.554139211
    5.585585586   -3.480612713   -3.480612713   -3.480612713
    5.600600601   -3.456409932   -3.456409932   -3.456409932
    5.615615616   -3.499603285   -3.499603286   -3.499603286
    5.630630631   -3.587984594   -3.587984594   -3.587984594
    5.645645646   -3.655057358   -3.655057358   -3.655057358
    5.660660661   -3.640239905   -3.640239905   -3.640239905
    5.675675676   -3.558309056   -3.558309056   -3.558309056
    5.690690691   -3.461598495   -3.461598495   -3.461598495
    5.705705706   -3.361803608   -3.361803608   -3.361803608
    5.720720721   -3.249538605   -3.249538605   -3.249538605
    5.735735736   -3.151790807   -3.151790807   -3.151790807
    5.750750751   -3.113947052   -3.113947052   -3.113947052
    5.765765766   -3.152715755   -3.152715755   -3.152715755
    5.780780781   -3.257256821   -3.257256821   -3.257256821
    5.795795796   -3.431613109   -3.431613109   -3.431613109
    5.810810811   -3.702149101   -3.702149101   -3.702149101
    5.825825826   -4.077055161   -4.077055161   -4.077055161
    5.840840841   -4.523794155   -4.523794155   -4.523794155
    5.855855856   -4.979634027   -4.979634027   -4.979634027
    5.870870871   -5.374014314   -5.374014314   -5.374014314
    5.885885886   -5.674054816   -5.674054816   -5.674054816
    5.900900901   -5.891796918   -5.891796918   -5.891796918
    5.915915916   -6.050247029   -6.050247029   -6.050247029
    5.930930931   -6.173236841   -6.173236841   -6.173236841
    5.945945946   -6.283471711   -6.283471711   -6.283471711
    5.960960961   -6.386276674   -6.386276675   -6.386276675
    5.975975976   -6.438033739   -6.438033739   -6.438033739
    5.990990991   -6.383419780   -6.383419780   -6.383419780
    6.006006006   -6.245350649   -6.245350649   -6.245350649
    6.021021021   -6.116938251   -6.116938251   -6.116938251
    6.036036036   -6.078582866   -6.078582866   -6.078582866
    6.051051051   -6.144427794   -6.144427794   -6.144427794
    6.066066066   -6.263164543   -6.263164543   -6.263164543
    6.081081081   -6.365851968   -6.365851968   -6.365851968
    6.096096096   -6.408236869   -6.408236870   -6.408236870
    6.111111111   -6.387523564   -6.387523564   -6.387523564
    6.126126126   -6.318971713   -6.318971714   -6.318971714
    6.141141141   -6.212879908   -6.212879908   -6.212879908
    6.156156156   -6.082603593   -6.082603593   -6.082603593
    6.171171171   -5.948053215   -5.948053215   -5.948053215
    6.186186186   -5.837029566   -5.837029566   -5.837029566
    6.201201201   -5.773381050   -5.773381050   -5.773381050
    6.216216216   -5.749141800   -5.749141801   -5.749141801
    6.231231231   -5.740153176   -5.740153176   -5.740153176
    6.246246246   -5.736500077   -5.736500077   -5.736500077
    6.261261261   -5.727553986   -5.727553986   -5.727553986
    6.276276276   -5.697221375   -5.697221375   -5.697221375
    6.291291291   -5.642777766   -5.642777766   -5.642777766
    6.306306306   -5.581762408   -5.581762409   -5.581762409
    6.321321321   -5.532691846   -5.532691846   -5.532691846
    6.336336336   -5.492833963   -5.492833963   -5.492833963
    6.351351351   -5.456861725   -5.456861725   -5.456861725
    6.366366366   -5.444227381   -5.444227381   -5.444227381
    6.381381381   -5.477199879   -5.477199879   -5.477199879
    6.396396396   -5.548865814   -5.548865814   -5.548865814
    6.411411411   -5.628080146   -5.628080146   -5.628080146
    6.426426426   -5.677761245   -5.677761245   -5.677761245
    6.441441441   -5.674428946   -5.674428946   -5.674428946
    6.456456456   -5.618047935   -5.618047936   -5.618047935
    6.471471471   -5.528456097   -5.528456097   -5.528456097
    6.486486486   -5.427594623   -5.427594623   -5.427594623
    6.501501502   -5.331957603   -5.331957604   -5.331957603
    6.516516517   -5.251195031   -5.251195031   -5.251195031
    6.531531532   -5.176594551   -5.176594551   -5.176594551
    6.546546547   -5.096332265   -5.096332266   -5.096332266
    6.561561562   -5.019780559   -5.019780559   -5.019780559
    6.576576577   -4.966969898   -4.966969898   -4.966969898
    6.591591592   -4.946840187   -4.946840187   -4.946840187
    6.606606607   -4.961092841   -4.961092841   -4.961092841
    6.621621622   -5.006954903   -5.006954903   -5.006954903
    6.636636637   -5.064705403   -5.064705403   -5.064705403
    6.651651652   -5.110712637   -5.110712637   -5.110712637
    6.666666667   -5.137095352   -5.137095352   -5.137095352
    6.681681682   -5.137121742   -5.137121742   -5.137121742
    6.696696697   -5.106403827   -5.106403828   -5.106403828
    6.711711712   -5.058219855   -5.058219855   -5.058219855
    6.726726727   -5.018609071   -5.018609072   -5.018609072
    6.741741742   -4.999411560   -4.999411560   -4.999411560
    6.756756757   -4.989443403   -4.989443404   -4.989443404
    6.771771772   -4.978354685   -4.978354685   -4.978354685
    6.786786787   -4.965121663   -4.965121664   -4.965121664
    6.801801802   -4.949344636   -4.949344637   -4.949344636
    6.816816817   -4.931115961   -4.931115961   -4.931115961
    6.831831832   -4.907950947   -4.907950948   -4.907950948
    6.846846847   -4.879922801   -4.879922801   -4.879922801
    6.861861862   -4.857198664   -4.857198664   -4.857198664
    6.876876877   -4.843138422   -4.843138423   -4.843138423
    6.891891892   -4.827279887   -4.827279887   -4.827279887
    6.906906907   -4.797505586   -4.797505586   -4.797505586
    6.921921922   -4.752554242   -4.752554242   -4.752554242
    6.936936937   -4.703535374   -4.703535374   -4.703535374
    6.951951952   -4.665418114   -4.665418115   -4.665418115
    6.966966967   -4.643141186   -4.643141187   -4.643141187
    6.981981982   -4.627769446   -4.627769446   -4.627769446
    6.996996997   -4.608730725   -4.608730725   -4.608730725
    7.012012012   -4.580887034   -4.580887034   -4.580887034
    7.027027027   -4.547731135   -4.547731135   -4.547731135
    7.042042042   -4.514992303   -4.514992303   -4.514992303
    7.057057057   -4.479061121   -4.479061121   -4.479061121
    7.072072072   -4.436862909   -4.436862909   -4.436862909
    7.087087087   -4.397276900   -4.397276900   -4.397276900
    7.102102102   -4.376609419   -4.376609419   -4.376609419
    7.117117117   -4.390523067   -4.390523067   -4.390523067
    7.132132132   -4.434125580   -4.434125580   -4.434125580
    7.147147147   -4.476899174   -4.476899175   -4.476899175
    7.162162162   -4.487072204   -4.487072205   -4.487072205
    7.177177177   -4.459403718   -4.459403718   -4.459403718
    7.192192192   -4.410124102   -4.410124102   -4.410124102
    7.207207207   -4.355581375   -4.355581376   -4.355581376
    7.222222222   -4.304394361   -4.304394362   -4.304394362
    7.237237237   -4.261314803   -4.261314803   -4.261314803
    7.252252252   -4.230662214   -4.230662214   -4.230662214
    7.267267267   -4.212998364   -4.212998364   -4.212998364
    7.282282282   -4.203885854   -4.203885854   -4.203885854
    7.297297297   -4.190167243   -4.190167243   -4.190167243
    7.312312312   -4.157326394   -4.157326394   -4.157326394
    7.327327327   -4.104700942   -4.104700942   -4.104700942
    7.342342342   -4.042643471   -4.042643471   -4.042643471
    7.357357357   -3.982427584   -3.982427585   -3.982427585
    7.372372372   -3.928638686   -3.928638686   -3.928638686
    7.387387387   -3.876453715   -3.876453715   -3.876453715
    7.402402402   -3.824778618   -3.824778618   -3.824778618
    7.417417417   -3.785313227   -3.785313227   -3.785313227
    7.432432432   -3.769253672   -3.769253672   -3.769253672
    7.447447447   -3.772430693   -3.772430694   -3.772430693
    7.462462462   -3.784473381   -3.784473381   -3.784473381
    7.477477477   -3.808358277   -3.808358277   -3.808358277
    7.492492492   -3.852191201   -3.852191201   -3.852191201
    7.507507508   -3.906547350   -3.906547350   -3.906547350
    7.522522523   -3.944922312   -3.944922312   -3.944922312
    7.537537538   -3.945383959   -3.945383959   -3.945383959
    7.552552553   -3.910471606   -3.910471606   -3.910471606
    7.567567568   -3.857437773   -3.857437773   -3.857437773
    7.582582583   -3.800866211   -3.800866211   -3.800866211
    7.597597598   -3.746925687   -3.746925688   -3.746925688
    7.612612613   -3.695932932   -3.695932932   -3.695932932
    7.627627628   -3.644543401   -3.644543401   -3.644543401
    7.642642643   -3.586984172   -3.586984173   -3.586984172
    7.657657658   -3.521813872   -3.521813872   -3.521813872
    7.672672673   -3.453449913   -3.453449913   -3.453449913
    7.687687688   -3.385936517   -3.385936517   -3.385936517
    7.702702703   -3.324589629   -3.324589629   -3.324589629
    7.717717718   -3.281641607   -3.281641607   -3.281641607
    7.732732733   -3.269576452   -3.269576452   -3.269576452
    7.747747748   -3.289361158   -3.289361158   -3.289361158
    7.762762763   -3.324269301   -3.324269302   -3.324269301
    7.777777778   -3.352083826   -3.352083827   -3.352083826
    7.792792793   -3.364605538   -3.364605539   -3.364605539
    7.807807808   -3.366931402   -3.366931402   -3.366931402
    7.822822823   -3.364653812   -3.364653812   -3.364653812
    7.837837838   -3.357267760   -3.357267761   -3.357267761
    7.852852853   -3.346618658   -3.346618658   -3.346618658
    7.867867868   -3.341023797   -3.341023797   -3.341023797
    7.882882883   -3.339475090   -3.339475090   -3.339475090
    7.897897898   -3.331645117   -3.331645117   -3.331645117
    7.912912913   -3.311997801   -3.311997801   -3.311997801
    7.927927928   -3.279432878   -3.279432878   -3.279432878
    7.942942943   -3.234180681   -3.234180681   -3.234180681
    7.957957958   -3.180296104   -3.180296104   -3.180296104
    7.972972973   -3.122642441   -3.122642442   -3.122642442
    7.987987988   -3.062691452   -3.062691452   -3.062691452
    8.003003003   -3.003891969   -3.003891969   -3.003891969
    8.018018018   -2.953555199   -2.953555199   -2.953555199
    8.033033033   -2.916424383   -2.916424383   -2.916424383
    8.048048048   -2.894265702   -2.894265702   -2.894265702
    8.063063063   -2.887768452   -2.887768453   -2.887768453
    8.078078078   -2.895763968   -2.895763968   -2.895763968
    8.093093093   -2.912103411   -2.912103411   -2.912103411
    8.108108108   -2.926897321   -2.926897321   -2.926897321
    8.123123123   -2.934626226   -2.934626226   -2.934626226
    8.138138138   -2.933349936   -2.933349936   -2.933349936
    8.153153153   -2.919840160   -2.919840160   -2.919840160
    8.168168168   -2.894481850   -2.894481850   -2.894481850
    8.183183183   -2.863875505   -2.863875505   -2.863875505
    8.198198198   -2.836052739   -2.836052739   -2.836052739
    8.213213213   -2.817454124   -2.817454124   -2.817454124
    8.228228228   -2.810754144   -2.810754144   -2.810754144
    8.243243243   -2.812412860   -2.812412861   -2.812412861
    8.258258258   -2.813734538   -2.813734538   -2.813734538
    8.273273273   -2.803891905   -2.803891905   -2.803891905
    8.288288288   -2.776690071   -2.776690071   -2.776690071
    8.303303303   -2.733913348   -2.733913348   -2.733913348
    8.318318318   -2.681669604   -2.681669604   -2.681669604
    8.333333333   -2.628577812   -2.628577813   -2.628577813
    8.348348348   -2.582676941   -2.582676941   -2.582676941
    8.363363363   -2.546875080   -2.546875080   -2.546875080
    8.378378378   -2.517630417   -2.517630417   -2.517630417
    8.393393393   -2.490203487   -2.490203487   -2.490203487
    8.408408408   -2.466988818   -2.466988818   -2.466988818
    8.423423423   -2.456819811   -2.456819811   -2.456819811
    8.438438438   -2.461072534   -2.461072534   -2.461072534
    8.453453453   -2.468132015   -2.468132015   -2.468132015
    8.468468468   -2.466604455   -2.466604455   -2.466604455
    8.483483483   -2.454867613   -2.454867613   -2.454867613
    8.498498498   -2.436549458   -2.436549458   -2.436549458
    8.513513514   -2.414837107   -2.414837107   -2.414837107
    8.528528529   -2.392425417   -2.392425417   -2.392425417
    8.543543544   -2.371545286   -2.371545286   -2.371545286
    8.558558559   -2.350507407   -2.350507407   -2.350507407
    8.573573574   -2.324877750   -2.324877750   -2.324877750
    8.588588589   -2.293674870   -2.293674870   -2.293674870
    8.603603604   -2.259136236   -2.259136237   -2.259136236
    8.618618619   -2.224589437   -2.224589438   -2.224589438
    8.633633634   -2.193289172   -2.193289173   -2.193289173
    8.648648649   -2.171022748   -2.171022748   -2.171022748
    8.663663664   -2.164321281   -2.164321281   -2.164321281
    8.678678679   -2.169568306   -2.169568306   -2.169568306
    8.693693694   -2.176573336   -2.176573337   -2.176573337
    8.708708709   -2.179603778   -2.179603779   -2.179603779
    8.723723724   -2.176834504   -2.176834504   -2.176834504
    8.738738739   -2.169085290   -2.169085291   -2.169085291
    8.753753754   -2.164795330   -2.164795330   -2.164795330
    8.768768769   -2.177228055   -2.177228056   -2.177228056
    8.783783784   -2.210751960   -2.210751961   -2.210751961
    8.798798799   -2.257967991   -2.257967991   -2.257967991
    8.813813814   -2.306803250   -2.306803251   -2.306803251
    8.828828829   -2.345810098   -2.345810098   -2.345810098
    8.843843844   -2.369863126   -2.369863127   -2.369863127
    8.858858859   -2.382425045   -2.382425045   -2.382425045
    8.873873874   -2.391491179   -2.391491179   -2.391491179
    8.888888889   -2.404368847   -2.404368847   -2.404368847
    8.903903904   -2.424678126   -2.424678126   -2.424678126
    8.918918919   -2.446950138   -2.446950138   -2.446950138
    8.933933934   -2.461854650   -2.461854650   -2.461854650
    8.948948949   -2.467468712   -2.467468712   -2.467468712
    8.963963964   -2.465157065   -2.465157065   -2.465157065
    8.978978979   -2.454543691   -2.454543691   -2.454543691
    8.993993994   -2.434565964   -2.434565964   -2.434565964
    9.009009009   -2.408938974   -2.408938974   -2.408938974
    9.024024024   -2.388399309   -2.388399309   -2.388399309
    9.039039039   -2.379598667   -2.379598667   -2.379598667
    9.054054054   -2.378203226   -2.378203226   -2.378203226
    9.069069069   -2.375345324   -2.375345324   -2.375345324
    9.084084084   -2.367001844   -2.367001844   -2.367001844
    9.099099099   -2.357521761   -2.357521762   -2.357521762
    9.114114114   -2.352745311   -2.352745311   -2.352745311
    9.129129129   -2.353485268   -2.353485269   -2.353485269
    9.144144144   -2.356919466   -2.356919466   -2.356919466
    9.159159159   -2.359903405   -2.359903405   -2.359903405
    9.174174174   -2.361838348   -2.361838348   -2.361838348
    9.189189189   -2.362284753   -2.362284754   -2.362284754
    9.204204204   -2.357359198   -2.357359199   -2.357359199
    9.219219219   -2.344210780   -2.344210780   -2.344210780
    9.234234234   -2.326615635   -2.326615636   -2.326615636
    9.249249249   -2.311778216   -2.311778216   -2.311778216
    9.264264264   -2.304295687   -2.304295687   -2.304295687
    9.279279279   -2.302478528   -2.302478528   -2.302478528
    9.294294294   -2.300929923   -2.300929923   -2.300929923
    9.309309309   -2.298410974   -2.298410974   -2.298410974
    9.324324324   -2.296909412   -2.296909413   -2.296909413
    9.339339339   -2.293395781   -2.293395781   -2.293395781
    9.354354354   -2.281017342   -2.281017342   -2.281017342
    9.369369369   -2.257451764   -2.257451764   -2.257451764
    9.384384384   -2.228210795   -2.228210795   -2.228210795
    9.399399399   -2.201644258   -2.201644258   -2.201644258
    9.414414414   -2.181709385   -2.181709385   -2.181709385
    9.429429429   -2.163784532   -2.163784532   -2.163784532
    9.444444444   -2.141588156   -2.141588156   -2.141588156
    9.459459459   -2.117279592   -2.117279592   -2.117279592
    9.474474474   -2.098752635   -2.098752635   -2.098752635
    9.489489489   -2.090964875   -2.090964876   -2.090964876
    9.504504505   -2.093728139   -2.093728139   -2.093728139
    9.519519520   -2.103579728   -2.103579728   -2.103579728
    9.534534535   -2.115213164   -2.115213165   -2.115213165
    9.549549550   -2.121742867   -2.121742867   -2.121742867
    9.564564565   -2.118630747   -2.118630747   -2.118630747
    9.579579580   -2.107850994   -2.107850994   -2.107850994
    9.594594595   -2.092158414   -2.092158414   -2.092158414
    9.609609610   -2.072333233   -2.072333233   -2.072333233
    9.624624625   -2.051183006   -2.051183006   -2.051183006
    9.639639640   -2.034659123   -2.034659123   -2.034659123
    9.654654655   -2.025762093   -2.025762093   -2.025762093
    9.669669670   -2.019129001   -2.019129001   -2.019129001
    9.684684685   -2.006567116   -2.006567116   -2.006567116
    9.699699700   -1.986034164   -1.986034164   -1.986034164
    9.714714715   -1.961859587   -1.961859588   -1.961859588
    9.729729730   -1.937325766   -1.937325766   -1.937325766
    9.744744745   -1.911854053   -1.911854053   -1.911854053
    9.759759760   -1.885707948   -1.885707948   -1.885707948
    9.774774775   -1.861515370   -1.861515370   -1.861515370
    9.789789790   -1.842433670   -1.842433670   -1.842433670
    9.804804805   -1.830378663   -1.830378663   -1.830378663
    9.819819820   -1.825688716   -1.825688716   -1.825688716
    9.834834835   -1.827742294   -1.827742295   -1.827742295
    9.849849850   -1.835099580   -1.835099580   -1.835099580
    9.864864865   -1.845730172   -1.845730173   -1.845730173
    9.879879880   -1.855050673   -1.855050673   -1.855050673
    9.894894895   -1.856556509   -1.856556509   -1.856556509
    9.909909910   -1.847116421   -1.847116421   -1.847116421
    9.924924925   -1.828517612   -1.828517612   -1.828517612
    9.939939940   -1.805022073   -1.805022074   -1.805022073
    9.954954955   -1.782528428   -1.782528428   -1.782528428
    9.969969970   -1.765584715   -1.765584715   -1.765584715
    9.984984985   -1.753702111   -1.753702111   -1.753702111
   10.000000000   -1.743573687   -1.743573687   -1.743573687
   10.015015015   -1.733848625   -1.733848625   -1.733848625
   10.030030030   -1.725359853   -1.725359853   -1.725359853
   10.045045045   -1.718120873   -1.718120873   -1.718120873
   10.060060060   -1.710843568   -1.710843568   -1.710843568
   10.075075075   -1.702925110   -1.702925110   -1.702925110
   10.090090090   -1.694592975   -1.694592975   -1.694592975
   10.105105105   -1.686393620   -1.686393620   -1.686393620
   10.120120120   -1.678539803   -1.678539803   -1.678539803
   10.135135135   -1.669574847   -1.669574847   -1.669574847
   10.150150150   -1.657988579   -1.657988579   -1.657988579
   10.165165165   -1.644824559   -1.644824559   -1.644824559
   10.180180180   -1.633113133   -1.633113133   -1.633113133
   10.195195195   -1.624685333   -1.624685333   -1.624685333
   10.210210210   -1.618928976   -1.618928976   -1.618928976
   10.225225225   -1.615141690   -1.615141691   -1.615141690
   10.240240240   -1.612988550   -1.612988551   -1.612988550
   10.255255255   -1.611194577   -1.611194577   -1.611194577
   10.270270270   -1.607653334   -1.607653334   -1.607653334
   10.285285285   -1.601010983   -1.601010983   -1.601010983
   10.300300300   -1.593257067   -1.593257068   -1.593257068
   10.315315315   -1.587162984   -1.587162984   -1.587162984
   10.330330330   -1.583047930   -1.583047930   -1.583047930
   10.345345345   -1.581833834   -1.581833835   -1.581833835
   10.360360360   -1.584833675   -1.584833675   -1.584833675
   10.375375375   -1.590673972   -1.590673973   -1.590673972
   10.390390390   -1.596519983   -1.596519983   -1.596519983
   10.405405405   -1.601190061   -1.601190061   -1.601190061
   10.420420420   -1.605751653   -1.605751653   -1.605751653
   10.435435435   -1.609579999   -1.609579999   -1.609579999
   10.450450450   -1.610284776   -1.610284776   -1.610284776
   10.465465465   -1.607975432   -1.607975432   -1.607975432
   10.480480480   -1.604850773   -1.604850773   -1.604850773
   10.495495495   -1.601975487   -1.601975487   -1.601975487
   10.510510511   -1.599019999   -1.599019999   -1.599019999
   10.525525526   -1.595641885   -1.595641885   -1.595641885
   10.540540541   -1.590254102   -1.590254102   -1.590254102
   10.555555556   -1.582277897   -1.582277897   -1.582277897
   10.570570571   -1.574385500   -1.574385500   -1.574385500
   10.585585586   -1.568869446   -1.568869446   -1.568869446
   10.600600601   -1.566259260   -1.566259260   -1.566259260
   10.615615616   -1.564911142   -1.564911142   -1.564911142
   10.630630631   -1.561723838   -1.561723838   -1.561723838
   10.645645646   -1.556295933   -1.556295934   -1.556295934
   10.660660661   -1.550572944   -1.550572944   -1.550572944
   10.675675676   -1.544445902   -1.544445902   -1.544445902
   10.690690691   -1.536952547   -1.536952547   -1.536952547
   10.705705706   -1.528836794   -1.528836795   -1.528836795
   10.720720721   -1.519953786   -1.519953786   -1.519953786
   10.735735736   -1.508869300   -1.508869301   -1.508869300
   10.750750751   -1.496437272   -1.496437273   -1.496437272
   10.765765766   -1.484476533   -1.484476533   -1.484476533
   10.780780781   -1.474233630   -1.474233630   -1.474233630
   10.795795796   -1.466878432   -1.466878433   -1.466878433
   10.810810811   -1.462554187   -1.462554187   -1.462554187
   10.825825826   -1.460491834   -1.460491834   -1.460491834
   10.840840841   -1.459882265   -1.459882265   -1.459882265
   10.855855856   -1.458930119   -1.458930119   -1.458930119
   10.870870871   -1.455094560   -1.455094561   -1.455094561
   10.885885886   -1.447453233   -1.447453233   -1.447453233
   10.900900901   -1.436686220   -1.436686220   -1.436686220
   10.915915916   -1.424093392   -1.424093392   -1.424093392
   10.930930931   -1.411325926   -1.411325926   -1.411325926
   10.945945946   -1.398579373   -1.398579373   -1.398579373
   10.960960961   -1.385480415   -1.385480415   -1.385480415
   10.975975976   -1.372962159   -1.372962159   -1.372962159
   10.990990991   -1.362291612   -1.362291613   -1.362291613
   11.006006006   -1.354520677   -1.354520677   -1.354520677
   11.021021021   -1.350242108   -1.350242108   -1.350242108
   11.036036036   -1.347777944   -1.347777944   -1.347777944
   11.051051051   -1.344320629   -1.344320629   -1.344320629
   11.066066066   -1.339899746   -1.339899746   -1.339899746
   11.081081081   -1.336706761   -1.336706761   -1.336706761
   11.096096096   -1.334898766   -1.334898766   -1.334898766
   11.111111111   -1.332548325   -1.332548325   -1.332548325
   11.126126126   -1.327733004   -1.327733004   -1.327733004
   11.141141141   -1.319419368   -1.319419368   -1.319419368
   11.156156156   -1.308750828   -1.308750828   -1.308750828
   11.171171171   -1.298504759   -1.298504760   -1.298504759
   11.186186186   -1.290195342   -1.290195342   -1.290195342
   11.201201201   -1.282913478   -1.282913478   -1.282913478
   11.216216216   -1.275384737   -1.275384737   -1.275384737
   11.231231231   -1.267012422   -1.267012422   -1.267012422
   11.246246246   -1.258818512   -1.258818512   -1.258818512
   11.261261261   -1.252982145   -1.252982145   -1.252982145
   11.276276276   -1.250264466   -1.250264466   -1.250264466
   11.291291291   -1.250635596   -1.250635596   -1.250635596
   11.306306306   -1.253635057   -1.253635057   -1.253635057
   11.321321321   -1.256778543   -1.256778543   -1.256778543
   11.336336336   -1.255762233   -1.255762233   -1.255762233
   11.351351351   -1.247655267   -1.247655267   -1.247655267
   11.366366366   -1.234140704   -1.234140704   -1.234140704
   11.381381381   -1.220004497   -1.220004497   -1.220004497
   11.396396396   -1.208531022   -1.208531022   -1.208531022
   11.411411411   -1.200440856   -1.200440856   -1.200440856
   11.426426426   -1.195063840   -1.195063840   -1.195063840
   11.441441441   -1.191111667   -1.191111667   -1.191111667
   11.456456456   -1.187441315   -1.187441315   -1.187441315
   11.471471471   -1.183371617   -1.183371617   -1.183371617
   11.486486486   -1.178545746   -1.178545746   -1.178545746
   11.501501502   -1.172705058   -1.172705058   -1.172705058
   11.516516517   -1.165993440   -1.165993440   -1.165993440
   11.531531532   -1.159478367   -1.159478367   -1.159478367
   11.546546547   -1.154436202   -1.154436202   -1.154436202
   11.561561562   -1.150692092   -1.150692092   -1.150692092
   11.576576577   -1.146385222   -1.146385222   -1.146385222
   11.591591592   -1.139591935   -1.139591936   -1.139591936
   11.606606607   -1.131012968   -1.131012968   -1.131012968
   11.621621622   -1.124036227   -1.124036228   -1.124036227
   11.636636637   -1.120964994   -1.120964994   -1.120964994
   11.651651652   -1.119924357   -1.119924357   -1.119924357
   11.666666667   -1.116533331   -1.116533331   -1.116533331
   11.681681682   -1.107907736   -1.107907736   -1.107907736
   11.696696697   -1.095035380   -1.095035380   -1.095035380
   11.711711712   -1.081107594   -1.081107594   -1.081107594
   11.726726727   -1.068001057   -1.068001058   -1.068001057
   11.741741742   -1.055677912   -1.055677912   -1.055677912
   11.756756757   -1.044063983   -1.044063983   -1.044063983
   11.771771772   -1.034268542   -1.034268542   -1.034268542
   11.786786787   -1.026920397   -1.026920397   -1.026920397
   11.801801802   -1.021102469   -1.021102469   -1.021102469
   11.816816817   -1.015628318   -1.015628319   -1.015628319
   11.831831832   -1.010205111   -1.010205112   -1.010205112
   11.846846847   -1.006196782   -1.006196782   -1.006196782
   11.861861862   -1.004939871   -1.004939871   -1.004939871
   11.876876877   -1.004875848   -1.004875849   -1.004875848
   11.891891892   -1.002898105   -1.002898105   -1.002898105
   11.906906907   -0.998082408   -0.998082408   -0.998082408
   11.921921922   -0.992329340   -0.992329340   -0.992329340
   11.936936937   -0.986857753   -0.986857753   -0.986857753
   11.951951952   -0.980592915   -0.980592915   -0.980592915
   11.966966967   -0.972646705   -0.972646706   -0.972646706
   11.981981982   -0.964022063   -0.964022063   -0.964022063
   11.996996997   -0.957062531   -0.957062532   -0.957062532
   12.012012012   -0.953408026   -0.953408026   -0.953408026
   12.027027027   -0.951921668   -0.951921668   -0.951921668
   12.042042042   -0.949748831   -0.949748831   -0.949748831
   12.057057057   -0.945184421   -0.945184421   -0.945184421
   12.072072072   -0.938382537   -0.938382537   -0.938382537
   12.087087087   -0.929730760   -0.929730761   -0.929730761
   12.102102102   -0.919412246   -0.919412247   -0.919412247
   12.117117117   -0.908437482   -0.908437483   -0.908437483
   12.132132132   -0.898391234   -0.898391234   -0.898391234
   12.147147147   -0.890074247   -0.890074247   -0.890074247
   12.162162162   -0.883235035   -0.883235036   -0.883235036
   12.177177177   -0.877302536   -0.877302536   -0.877302536
   12.192192192   -0.871839370   -0.871839370   -0.871839370
   12.207207207   -0.866970872   -0.866970872   -0.866970872
   12.222222222   -0.862645871   -0.862645872   -0.862645871
   12.237237237   -0.858696693   -0.858696693   -0.858696693
   12.252252252   -0.855297633   -0.855297633   -0.855297633
   12.267267267   -0.851749337   -0.851749337   -0.851749337
   12.282282282   -0.847176080   -0.847176081   -0.847176081
   12.297297297   -0.841759240   -0.841759241   -0.841759240
   12.312312312   -0.835900462   -0.835900462   -0.835900462
   12.327327327   -0.829399239   -0.829399239   -0.829399239
   12.342342342   -0.822106497   -0.822106497   -0.822106497
   12.357357357   -0.814523194   -0.814523194   -0.814523194
   12.372372372   -0.807911508   -0.807911508   -0.807911508
   12.387387387   -0.803980417   -0.803980417   -0.803980417
   12.402402402   -0.803288544   -0.803288544   -0.803288544
   12.417417417   -0.803800077   -0.803800077   -0.803800077
   12.432432432   -0.802859091   -0.802859091   -0.802859091
   12.447447447   -0.799934592   -0.799934593   -0.799934592
   12.462462462   -0.795543559   -0.795543559   -0.795543559
   12.477477477   -0.789375296   -0.789375296   -0.789375296
   12.492492492   -0.781376519   -0.781376519   -0.781376519
   12.507507508   -0.772816954   -0.772816954   -0.772816954
   12.522522523   -0.764765646   -0.764765646   -0.764765646
   12.537537538   -0.756327215   -0.756327215   -0.756327215
   12.552552553   -0.746921463   -0.746921464   -0.746921464
   12.567567568   -0.739133488   -0.739133488   -0.739133488
   12.582582583   -0.735635959   -0.735635959   -0.735635959
   12.597597598   -0.735050277   -0.735050277   -0.735050277
   12.612612613   -0.734435791   -0.734435791   -0.734435791
   12.627627628   -0.733082594   -0.733082594   -0.733082594
   12.642642643   -0.731403925   -0.731403925   -0.731403925
   12.657657658   -0.729006365   -0.729006366   -0.729006365
   12.672672673   -0.725254489   -0.725254489   -0.725254489
   12.687687688   -0.720034836   -0.720034837   -0.720034837
   12.702702703   -0.714491456   -0.714491456   -0.714491456
   12.717717718   -0.710367681   -0.710367681   -0.710367681
   12.732732733   -0.707849976   -0.707849977   -0.707849977
   12.747747748   -0.705750463   -0.705750463   -0.705750463
   12.762762763   -0.703223997   -0.703223997   -0.703223997
   12.777777778   -0.699783115   -0.699783115   -0.699783115
   12.792792793   -0.694798711   -0.694798711   -0.694798711
   12.807807808   -0.688325823   -0.688325823   -0.688325823
   12.822822823   -0.682156962   -0.682156962   -0.682156962
   12.837837838   -0.678064417   -0.678064417   -0.678064417
   12.852852853   -0.675613015   -0.675613015   -0.675613015
   12.867867868   -0.673006003   -0.673006003   -0.673006003
   12.882882883   -0.669506807   -0.669506808   -0.669506808
   12.897897898   -0.666447203   -0.666447203   -0.666447203
   12.912912913   -0.665701241   -0.665701241   -0.665701241
   12.927927928   -0.666620845   -0.666620845   -0.666620845
   12.942942943   -0.666537313   -0.666537313   -0.666537313
   12.957957958   -0.663369978   -0.663369978   -0.663369978
   12.972972973   -0.657174114   -0.657174114   -0.657174114
   12.987987988   -0.649461071   -0.649461071   -0.649461071
   13.003003003   -0.641116219   -0.641116220   -0.641116220
   13.018018018   -0.632627496   -0.632627496   -0.632627496
   13.033033033   -0.624592932   -0.624592932   -0.624592932
   13.048048048   -0.617044407   -0.617044407   -0.617044407
   13.063063063   -0.610092009   -0.610092009   -0.610092009
   13.078078078   -0.604695756   -0.604695756   -0.604695756
   13.093093093   -0.601039172   -0.601039172   -0.601039172
   13.108108108   -0.597853074   -0.597853074   -0.597853074
   13.123123123   -0.594308853   -0.594308853   -0.594308853
   13.138138138   -0.591152263   -0.591152263   -0.591152263
   13.153153153   -0.589692599   -0.589692599   -0.589692599
   13.168168168   -0.589938623   -0.589938623   -0.589938623
   13.183183183   -0.590400985   -0.590400985   -0.590400985
   13.198198198   -0.589790331   -0.589790331   -0.589790331
   13.213213213   -0.587589869   -0.587589870   -0.587589869
   13.228228228   -0.583887568   -0.583887568   -0.583887568
   13.243243243   -0.579154600   -0.579154600   -0.579154600
   13.258258258   -0.573757853   -0.573757853   -0.573757853
   13.273273273   -0.567318675   -0.567318675   -0.567318675
   13.288288288   -0.559235155   -0.559235155   -0.559235155
   13.303303303   -0.550386893   -0.550386893   -0.550386893
   13.318318318   -0.542590335   -0.542590335   -0.542590335
   13.333333333   -0.536604955   -0.536604955   -0.536604955
   13.348348348   -0.531464851   -0.531464851   -0.531464851
   13.363363363   -0.525400463   -0.525400463   -0.525400463
   13.378378378   -0.517774658   -0.517774658   -0.517774658
   13.393393393   -0.509680297   -0.509680298   -0.509680298
   13.408408408   -0.502477109   -0.502477109   -0.502477109
   13.423423423   -0.496765888   -0.496765888   -0.496765888
   13.438438438   -0.492598850   -0.492598850   -0.492598850
   13.453453453   -0.489811124   -0.489811124   -0.489811124
   13.468468468   -0.487740291   -0.487740291   -0.487740291
   13.483483483   -0.485513705   -0.485513705   -0.485513705
   13.498498498   -0.482898282   -0.482898283   -0.482898283
   13.513513514   -0.480240414   -0.480240414   -0.480240414
   13.528528529   -0.478181968   -0.478181968   -0.478181968
   13.543543544   -0.477177404   -0.477177404   -0.477177404
   13.558558559   -0.477255647   -0.477255648   -0.477255648
   13.573573574   -0.477985218   -0.477985218   -0.477985218
   13.588588589   -0.478447844   -0.478447844   -0.478447844
   13.603603604   -0.477669407   -0.477669407   -0.477669407
   13.618618619   -0.475322484   -0.475322484   -0.475322484
   13.633633634   -0.472569123   -0.472569123   -0.472569123
   13.648648649   -0.470580370   -0.470580370   -0.470580370
   13.663663664   -0.468893212   -0.468893212   -0.468893212
   13.678678679   -0.466614955   -0.466614956   -0.466614955
   13.693693694   -0.463094167   -0.463094167   -0.463094167
   13.708708709   -0.457923356   -0.457923356   -0.457923356
   13.723723724   -0.451726481   -0.451726481   -0.451726481
   13.738738739   -0.445898521   -0.445898522   -0.445898521
   13.753753754   -0.441257680   -0.441257681   -0.441257680
   13.768768769   -0.437427930   -0.437427930   -0.437427930
   13.783783784   -0.433618203   -0.433618203   -0.433618203
   13.798798799   -0.429657444   -0.429657444   -0.429657444
   13.813813814   -0.425761470   -0.425761470   -0.425761470
   13.828828829   -0.422123282   -0.422123283   -0.422123282
   13.843843844   -0.418991912   -0.418991912   -0.418991912
   13.858858859   -0.416828628   -0.416828628   -0.416828628
   13.873873874   -0.415567437   -0.415567437   -0.415567437
   13.888888889   -0.414376282   -0.414376282   -0.414376282
   13.903903904   -0.412889123   -0.412889123   -0.412889123
   13.918918919   -0.411525927   -0.411525928   -0.411525928
   13.933933934   -0.410406921   -0.410406921   -0.410406921
   13.948948949   -0.409204974   -0.409204974   -0.409204974
   13.963963964   -0.407982651   -0.407982652   -0.407982652
   13.978978979   -0.407228489   -0.407228489   -0.407228489
   13.993993994   -0.406977465   -0.406977465   -0.406977465
   14.009009009   -0.406714569   -0.406714570   -0.406714569
   14.024024024   -0.405882525   -0.405882525   -0.405882525
   14.039039039   -0.403894867   -0.403894868   -0.403894867
   14.054054054   -0.400338216   -0.400338217   -0.400338217
   14.069069069   -0.395407604   -0.395407604   -0.395407604
   14.084084084   -0.389207909   -0.389207909   -0.389207909
   14.099099099   -0.381517640   -0.381517641   -0.381517641
   14.114114114   -0.372854655   -0.372854655   -0.372854655
   14.129129129   -0.364585510   -0.364585510   -0.364585510
   14.144144144   -0.357604017   -0.357604017   -0.357604017
   14.159159159   -0.351961611   -0.351961611   -0.351961611
   14.174174174   -0.347571212   -0.347571212   -0.347571212
   14.189189189   -0.343989274   -0.343989274   -0.343989274
   14.204204204   -0.340862397   -0.340862398   -0.340862398
   14.219219219   -0.338702266   -0.338702267   -0.338702267
   14.234234234   -0.338392880   -0.338392880   -0.338392880
   14.249249249   -0.340112126   -0.340112126   -0.340112126
   14.264264264   -0.342894100   -0.342894100   -0.342894100
   14.279279279   -0.345468331   -0.345468331   -0.345468331
   14.294294294   -0.346919799   -0.346919799   -0.346919799
   14.309309309   -0.346469934   -0.346469934   -0.346469934
   14.324324324   -0.344113635   -0.344113635   -0.344113635
   14.339339339   -0.341012764   -0.341012764   -0.341012764
   14.354354354   -0.338033620   -0.338033620   -0.338033620
   14.369369369   -0.334956861   -0.334956861   -0.334956861
   14.384384384   -0.331271528   -0.331271528   -0.331271528
   14.399399399   -0.326915513   -0.326915513   -0.326915513
   14.414414414   -0.321890564   -0.321890564   -0.321890564
   14.429429429   -0.316201104   -0.316201104   -0.316201104
   14.444444444   -0.310459375   -0.310459376   -0.310459376
   14.459459459   -0.305402305   -0.305402305   -0.305402305
   14.474474474   -0.301469214   -0.301469215   -0.301469214
   14.489489489   -0.298654123   -0.298654123   -0.298654123
   14.504504505   -0.296214128   -0.296214128   -0.296214128
   14.519519520   -0.293651254   -0.293651254   -0.293651254
   14.534534535   -0.291284496   -0.291284496   -0.291284496
   14.549549550   -0.289114982   -0.289114983   -0.289114983
   14.564564565   -0.286570343   -0.286570343   -0.286570343
   14.579579580   -0.283682309   -0.283682309   -0.283682309
   14.594594595   -0.281198641   -0.281198642   -0.281198641
   14.609609610   -0.279539546   -0.279539546   -0.279539546
   14.624624625   -0.278598898   -0.278598898   -0.278598898
   14.639639640   -0.278380113   -0.278380114   -0.278380113
   14.654654655   -0.278662441   -0.278662441   -0.278662441
   14.669669670   -0.278321021   -0.278321022   -0.278321022
   14.684684685   -0.276379301   -0.276379301   -0.276379301
   14.699699700   -0.273138604   -0.273138605   -0.273138605
   14.714714715   -0.269483163   -0.269483164   -0.269483163
   14.729729730   -0.265820302   -0.265820302   -0.265820302
   14.744744745   -0.262069781   -0.262069781   -0.262069781
   14.759759760   -0.258252241   -0.258252241   -0.258252241
   14.774774775   -0.254801265   -0.254801266   -0.254801265
   14.789789790   -0.252370178   -0.252370178   -0.252370178
   14.804804805   -0.250917170   -0.250917171   -0.250917171
   14.819819820   -0.249389167   -0.249389167   -0.249389167
   14.834834835   -0.247027748   -0.247027748   -0.247027748
   14.849849850   -0.243647213   -0.243647213   -0.243647213
   14.864864865   -0.238981339   -0.238981340   -0.238981340
   14.879879880   -0.233173307   -0.233173307   -0.233173307
   14.894894895   -0.227170337   -0.227170338   -0.227170338
   14.909909910   -0.221983788   -0.221983788   -0.221983788
   14.924924925   -0.217521202   -0.217521202   -0.217521202
   14.939939940   -0.213388590   -0.213388590   -0.213388590
   14.954954955   -0.210075759   -0.210075759   -0.210075759
   14.969969970   -0.208102686   -0.208102686   -0.208102686
   14.984984985   -0.207198775   -0.207198775   -0.207198775
   15.000000000   -0.206723056   -0.206723056   -0.206723056
