# energy grid [eV]     ieps_x  ieps_y  ieps_z
#
    0.000000000   11.516646799   11.516646799   11.516646799
    0.015015015   11.515432200   11.515432200   11.515432200
    0.030030030   11.513330644   11.513330644   11.513330644
    0.045045045   11.510789911   11.510789911   11.510789911
    0.060060060   11.507816730   11.507816730   11.507816730
    0.075075075   11.504412687   11.504412687   11.504412687
    0.090090090   11.500579568   11.500579568   11.500579568
    0.105105105   11.496319373   11.496319373   11.496319373
    0.120120120   11.491634310   11.491634310   11.491634310
    0.135135135   11.486526787   11.486526787   11.486526787
    0.150150150   11.480999414   11.480999414   11.480999414
    0.165165165   11.475054988   11.475054988   11.475054988
    0.180180180   11.468696490   11.468696490   11.468696490
    0.195195195   11.461927081   11.461927081   11.461927081
    0.210210210   11.454750090   11.454750090   11.454750090
    0.225225225   11.447169007   11.447169007   11.447169007
    0.240240240   11.439187480   11.439187480   11.439187480
    0.255255255   11.430809303   11.430809303   11.430809303
    0.270270270   11.422038410   11.422038410   11.422038410
    0.285285285   11.412878866   11.412878866   11.412878866
    0.300300300   11.403334860   11.403334860   11.403334860
    0.315315315   11.393410697   11.393410697   11.393410697
    0.330330330   11.383110792   11.383110792   11.383110792
    0.345345345   11.372439658   11.372439658   11.372439658
    0.360360360   11.361401902   11.361401902   11.361401902
    0.375375375   11.350002217   11.350002217   11.350002217
    0.390390390   11.338245372   11.338245372   11.338245372
    0.405405405   11.326136209   11.326136209   11.326136209
    0.420420420   11.313679634   11.313679634   11.313679634
    0.435435435   11.300880608   11.300880608   11.300880608
    0.450450450   11.287744144   11.287744144   11.287744144
    0.465465465   11.274275299   11.274275299   11.274275299
    0.480480480   11.260479168   11.260479167   11.260479168
    0.495495495   11.246360877   11.246360877   11.246360877
    0.510510511   11.231925581   11.231925581   11.231925581
    0.525525526   11.217178455   11.217178455   11.217178455
    0.540540541   11.202124688   11.202124688   11.202124688
    0.555555556   11.186769483   11.186769483   11.186769483
    0.570570571   11.171118047   11.171118047   11.171118047
    0.585585586   11.155175592   11.155175592   11.155175592
    0.600600601   11.138947325   11.138947325   11.138947325
    0.615615616   11.122438449   11.122438449   11.122438449
    0.630630631   11.105654156   11.105654156   11.105654156
    0.645645646   11.088599624   11.088599624   11.088599624
    0.660660661   11.071280017   11.071280017   11.071280017
    0.675675676   11.053700477   11.053700477   11.053700477
    0.690690691   11.035866125   11.035866125   11.035866125
    0.705705706   11.017782057   11.017782057   11.017782057
    0.720720721   10.999453341   10.999453341   10.999453341
    0.735735736   10.980885014   10.980885014   10.980885014
    0.750750751   10.962082084   10.962082083   10.962082083
    0.765765766   10.943049520   10.943049520   10.943049520
    0.780780781   10.923792261   10.923792261   10.923792261
    0.795795796   10.904315205   10.904315205   10.904315205
    0.810810811   10.884623212   10.884623212   10.884623212
    0.825825826   10.864721100   10.864721100   10.864721100
    0.840840841   10.844613648   10.844613648   10.844613648
    0.855855856   10.824305590   10.824305590   10.824305590
    0.870870871   10.803801618   10.803801618   10.803801618
    0.885885886   10.783106376   10.783106376   10.783106376
    0.900900901   10.762224464   10.762224464   10.762224464
    0.915915916   10.741160437   10.741160437   10.741160437
    0.930930931   10.719918800   10.719918800   10.719918800
    0.945945946   10.698504012   10.698504012   10.698504012
    0.960960961   10.676920482   10.676920482   10.676920482
    0.975975976   10.655172572   10.655172571   10.655172571
    0.990990991   10.633264592   10.633264592   10.633264592
    1.006006006   10.611200804   10.611200804   10.611200804
    1.021021021   10.588985422   10.588985422   10.588985422
    1.036036036   10.566622605   10.566622605   10.566622605
    1.051051051   10.544116467   10.544116467   10.544116467
    1.066066066   10.521471067   10.521471067   10.521471067
    1.081081081   10.498690415   10.498690415   10.498690415
    1.096096096   10.475778471   10.475778471   10.475778471
    1.111111111   10.452739144   10.452739144   10.452739144
    1.126126126   10.429576292   10.429576292   10.429576292
    1.141141141   10.406293722   10.406293722   10.406293722
    1.156156156   10.382895190   10.382895190   10.382895190
    1.171171171   10.359384402   10.359384402   10.359384402
    1.186186186   10.335765015   10.335765015   10.335765015
    1.201201201   10.312040633   10.312040633   10.312040633
    1.216216216   10.288214811   10.288214811   10.288214811
    1.231231231   10.264291056   10.264291056   10.264291056
    1.246246246   10.240272822   10.240272822   10.240272822
    1.261261261   10.216163516   10.216163516   10.216163516
    1.276276276   10.191966495   10.191966495   10.191966495
    1.291291291   10.167685065   10.167685065   10.167685065
    1.306306306   10.143322488   10.143322488   10.143322488
    1.321321321   10.118881972   10.118881972   10.118881972
    1.336336336   10.094366681   10.094366681   10.094366681
    1.351351351   10.069779730   10.069779730   10.069779730
    1.366366366   10.045124185   10.045124185   10.045124185
    1.381381381   10.020403067   10.020403067   10.020403067
    1.396396396    9.995619348    9.995619348    9.995619348
    1.411411411    9.970775956    9.970775956    9.970775956
    1.426426426    9.945875771    9.945875771    9.945875771
    1.441441441    9.920921628    9.920921628    9.920921628
    1.456456456    9.895916316    9.895916316    9.895916316
    1.471471471    9.870862579    9.870862579    9.870862579
    1.486486486    9.845763118    9.845763118    9.845763118
    1.501501502    9.820620588    9.820620588    9.820620588
    1.516516517    9.795437600    9.795437600    9.795437600
    1.531531532    9.770216723    9.770216723    9.770216723
    1.546546547    9.744960481    9.744960481    9.744960481
    1.561561562    9.719671358    9.719671358    9.719671358
    1.576576577    9.694351794    9.694351794    9.694351794
    1.591591592    9.669004188    9.669004188    9.669004188
    1.606606607    9.643630896    9.643630896    9.643630896
    1.621621622    9.618234234    9.618234234    9.618234234
    1.636636637    9.592816479    9.592816479    9.592816479
    1.651651652    9.567379866    9.567379866    9.567379866
    1.666666667    9.541926591    9.541926591    9.541926591
    1.681681682    9.516458811    9.516458811    9.516458811
    1.696696697    9.490978643    9.490978643    9.490978643
    1.711711712    9.465488167    9.465488167    9.465488167
    1.726726727    9.439989425    9.439989425    9.439989425
    1.741741742    9.414484420    9.414484420    9.414484420
    1.756756757    9.388975119    9.388975119    9.388975119
    1.771771772    9.363463454    9.363463454    9.363463454
    1.786786787    9.337951317    9.337951317    9.337951317
    1.801801802    9.312440567    9.312440567    9.312440567
    1.816816817    9.286933028    9.286933028    9.286933028
    1.831831832    9.261430486    9.261430486    9.261430486
    1.846846847    9.235934697    9.235934697    9.235934697
    1.861861862    9.210447378    9.210447378    9.210447378
    1.876876877    9.184970217    9.184970217    9.184970217
    1.891891892    9.159504866    9.159504866    9.159504866
    1.906906907    9.134052945    9.134052945    9.134052945
    1.921921922    9.108616042    9.108616042    9.108616042
    1.936936937    9.083195711    9.083195711    9.083195711
    1.951951952    9.057793479    9.057793479    9.057793479
    1.966966967    9.032410837    9.032410837    9.032410837
    1.981981982    9.007049249    9.007049249    9.007049249
    1.996996997    8.981710146    8.981710146    8.981710146
    2.012012012    8.956394931    8.956394931    8.956394931
    2.027027027    8.931104978    8.931104978    8.931104978
    2.042042042    8.905841631    8.905841631    8.905841631
    2.057057057    8.880606204    8.880606204    8.880606204
    2.072072072    8.855399986    8.855399986    8.855399986
    2.087087087    8.830224235    8.830224235    8.830224235
    2.102102102    8.805080185    8.805080185    8.805080185
    2.117117117    8.779969040    8.779969040    8.779969040
    2.132132132    8.754891979    8.754891979    8.754891979
    2.147147147    8.729850154    8.729850154    8.729850154
    2.162162162    8.704844692    8.704844692    8.704844692
    2.177177177    8.679876695    8.679876695    8.679876695
    2.192192192    8.654947237    8.654947237    8.654947237
    2.207207207    8.630057371    8.630057371    8.630057371
    2.222222222    8.605208124    8.605208124    8.605208124
    2.237237237    8.580400499    8.580400499    8.580400499
    2.252252252    8.555635475    8.555635475    8.555635475
    2.267267267    8.530914010    8.530914010    8.530914010
    2.282282282    8.506237035    8.506237035    8.506237035
    2.297297297    8.481605464    8.481605464    8.481605464
    2.312312312    8.457020184    8.457020184    8.457020184
    2.327327327    8.432482063    8.432482063    8.432482063
    2.342342342    8.407991946    8.407991946    8.407991946
    2.357357357    8.383550658    8.383550658    8.383550658
    2.372372372    8.359159003    8.359159003    8.359159003
    2.387387387    8.334817764    8.334817764    8.334817764
    2.402402402    8.310527705    8.310527705    8.310527705
    2.417417417    8.286289569    8.286289569    8.286289569
    2.432432432    8.262104080    8.262104080    8.262104080
    2.447447447    8.237971943    8.237971943    8.237971943
    2.462462462    8.213893845    8.213893845    8.213893845
    2.477477477    8.189870452    8.189870452    8.189870452
    2.492492492    8.165902415    8.165902415    8.165902415
    2.507507508    8.141990365    8.141990365    8.141990365
    2.522522523    8.118134915    8.118134915    8.118134915
    2.537537538    8.094336663    8.094336662    8.094336662
    2.552552553    8.070596187    8.070596187    8.070596187
    2.567567568    8.046914052    8.046914052    8.046914052
    2.582582583    8.023290803    8.023290803    8.023290803
    2.597597598    7.999726971    7.999726971    7.999726971
    2.612612613    7.976223071    7.976223071    7.976223071
    2.627627628    7.952779600    7.952779600    7.952779600
    2.642642643    7.929397044    7.929397044    7.929397044
    2.657657658    7.906075870    7.906075870    7.906075870
    2.672672673    7.882816531    7.882816531    7.882816531
    2.687687688    7.859619468    7.859619468    7.859619468
    2.702702703    7.836485105    7.836485105    7.836485105
    2.717717718    7.813413854    7.813413854    7.813413854
    2.732732733    7.790406110    7.790406110    7.790406110
    2.747747748    7.767462258    7.767462258    7.767462258
    2.762762763    7.744582668    7.744582668    7.744582668
    2.777777778    7.721767698    7.721767698    7.721767698
    2.792792793    7.699017692    7.699017692    7.699017692
    2.807807808    7.676332981    7.676332981    7.676332981
    2.822822823    7.653713886    7.653713886    7.653713886
    2.837837838    7.631160713    7.631160713    7.631160713
    2.852852853    7.608673759    7.608673759    7.608673759
    2.867867868    7.586253307    7.586253307    7.586253307
    2.882882883    7.563899630    7.563899630    7.563899630
    2.897897898    7.541612989    7.541612989    7.541612989
    2.912912913    7.519393633    7.519393633    7.519393633
    2.927927928    7.497241803    7.497241803    7.497241803
    2.942942943    7.475157727    7.475157727    7.475157727
    2.957957958    7.453141623    7.453141623    7.453141623
    2.972972973    7.431193699    7.431193699    7.431193699
    2.987987988    7.409314153    7.409314153    7.409314153
    3.003003003    7.387503174    7.387503174    7.387503174
    3.018018018    7.365760940    7.365760940    7.365760940
    3.033033033    7.344087619    7.344087619    7.344087619
    3.048048048    7.322483372    7.322483372    7.322483372
    3.063063063    7.300948350    7.300948350    7.300948350
    3.078078078    7.279482693    7.279482693    7.279482693
    3.093093093    7.258086536    7.258086536    7.258086536
    3.108108108    7.236760001    7.236760001    7.236760001
    3.123123123    7.215503207    7.215503207    7.215503207
    3.138138138    7.194316259    7.194316259    7.194316259
    3.153153153    7.173199258    7.173199258    7.173199258
    3.168168168    7.152152295    7.152152295    7.152152295
    3.183183183    7.131175455    7.131175455    7.131175455
    3.198198198    7.110268814    7.110268814    7.110268814
    3.213213213    7.089432440    7.089432440    7.089432440
    3.228228228    7.068666396    7.068666396    7.068666396
    3.243243243    7.047970736    7.047970736    7.047970736
    3.258258258    7.027345507    7.027345507    7.027345507
    3.273273273    7.006790750    7.006790750    7.006790750
    3.288288288    6.986306498    6.986306498    6.986306498
    3.303303303    6.965892780    6.965892780    6.965892780
    3.318318318    6.945549616    6.945549616    6.945549616
    3.333333333    6.925277020    6.925277020    6.925277020
    3.348348348    6.905075001    6.905075001    6.905075001
    3.363363363    6.884943561    6.884943561    6.884943561
    3.378378378    6.864882697    6.864882697    6.864882697
    3.393393393    6.844892399    6.844892399    6.844892399
    3.408408408    6.824972653    6.824972653    6.824972653
    3.423423423    6.805123436    6.805123436    6.805123436
    3.438438438    6.785344725    6.785344725    6.785344725
    3.453453453    6.765636486    6.765636486    6.765636486
    3.468468468    6.745998685    6.745998685    6.745998685
    3.483483483    6.726431278    6.726431278    6.726431278
    3.498498498    6.706934220    6.706934220    6.706934220
    3.513513514    6.687507460    6.687507460    6.687507460
    3.528528529    6.668150940    6.668150940    6.668150940
    3.543543544    6.648864600    6.648864600    6.648864600
    3.558558559    6.629648375    6.629648375    6.629648375
    3.573573574    6.610502195    6.610502195    6.610502195
    3.588588589    6.591425986    6.591425986    6.591425986
    3.603603604    6.572419670    6.572419670    6.572419670
    3.618618619    6.553483163    6.553483163    6.553483163
    3.633633634    6.534616381    6.534616381    6.534616381
    3.648648649    6.515819231    6.515819231    6.515819231
    3.663663664    6.497091620    6.497091620    6.497091620
    3.678678679    6.478433449    6.478433449    6.478433449
    3.693693694    6.459844617    6.459844617    6.459844617
    3.708708709    6.441325019    6.441325019    6.441325019
    3.723723724    6.422874545    6.422874545    6.422874545
    3.738738739    6.404493084    6.404493084    6.404493084
    3.753753754    6.386180520    6.386180520    6.386180520
    3.768768769    6.367936733    6.367936733    6.367936733
    3.783783784    6.349761602    6.349761602    6.349761602
    3.798798799    6.331655002    6.331655002    6.331655002
    3.813813814    6.313616804    6.313616804    6.313616804
    3.828828829    6.295646878    6.295646878    6.295646878
    3.843843844    6.277745090    6.277745090    6.277745090
    3.858858859    6.259911302    6.259911302    6.259911302
    3.873873874    6.242145376    6.242145376    6.242145376
    3.888888889    6.224447169    6.224447169    6.224447169
    3.903903904    6.206816537    6.206816537    6.206816537
    3.918918919    6.189253332    6.189253332    6.189253332
    3.933933934    6.171757405    6.171757405    6.171757405
    3.948948949    6.154328604    6.154328604    6.154328604
    3.963963964    6.136966775    6.136966774    6.136966774
    3.978978979    6.119671760    6.119671760    6.119671760
    3.993993994    6.102443402    6.102443402    6.102443402
    4.009009009    6.085281539    6.085281539    6.085281539
    4.024024024    6.068186009    6.068186009    6.068186009
    4.039039039    6.051156647    6.051156647    6.051156647
    4.054054054    6.034193285    6.034193285    6.034193285
    4.069069069    6.017295755    6.017295755    6.017295755
    4.084084084    6.000463887    6.000463887    6.000463887
    4.099099099    5.983697507    5.983697507    5.983697507
    4.114114114    5.966996443    5.966996443    5.966996443
    4.129129129    5.950360517    5.950360517    5.950360517
    4.144144144    5.933789553    5.933789553    5.933789553
    4.159159159    5.917283373    5.917283373    5.917283373
    4.174174174    5.900841794    5.900841794    5.900841794
    4.189189189    5.884464636    5.884464636    5.884464636
    4.204204204    5.868151714    5.868151714    5.868151714
    4.219219219    5.851902845    5.851902845    5.851902845
    4.234234234    5.835717842    5.835717842    5.835717842
    4.249249249    5.819596518    5.819596518    5.819596518
    4.264264264    5.803538684    5.803538684    5.803538684
    4.279279279    5.787544151    5.787544151    5.787544151
    4.294294294    5.771612726    5.771612726    5.771612726
    4.309309309    5.755744219    5.755744219    5.755744219
    4.324324324    5.739938437    5.739938437    5.739938437
    4.339339339    5.724195184    5.724195184    5.724195184
    4.354354354    5.708514266    5.708514266    5.708514266
    4.369369369    5.692895487    5.692895487    5.692895487
    4.384384384    5.677338650    5.677338650    5.677338650
    4.399399399    5.661843556    5.661843556    5.661843556
    4.414414414    5.646410008    5.646410008    5.646410008
    4.429429429    5.631037805    5.631037805    5.631037805
    4.444444444    5.615726748    5.615726748    5.615726748
    4.459459459    5.600476635    5.600476635    5.600476635
    4.474474474    5.585287264    5.585287264    5.585287264
    4.489489489    5.570158433    5.570158433    5.570158433
    4.504504505    5.555089939    5.555089939    5.555089939
    4.519519520    5.540081579    5.540081579    5.540081579
    4.534534535    5.525133148    5.525133148    5.525133148
    4.549549550    5.510244441    5.510244441    5.510244441
    4.564564565    5.495415254    5.495415254    5.495415254
    4.579579580    5.480645380    5.480645380    5.480645380
    4.594594595    5.465934613    5.465934613    5.465934613
    4.609609610    5.451282747    5.451282747    5.451282747
    4.624624625    5.436689574    5.436689574    5.436689574
    4.639639640    5.422154887    5.422154887    5.422154887
    4.654654655    5.407678479    5.407678479    5.407678479
    4.669669670    5.393260142    5.393260142    5.393260142
    4.684684685    5.378899666    5.378899666    5.378899666
    4.699699700    5.364596844    5.364596844    5.364596844
    4.714714715    5.350351466    5.350351466    5.350351466
    4.729729730    5.336163325    5.336163325    5.336163325
    4.744744745    5.322032209    5.322032209    5.322032209
    4.759759760    5.307957910    5.307957910    5.307957910
    4.774774775    5.293940219    5.293940219    5.293940219
    4.789789790    5.279978925    5.279978925    5.279978925
    4.804804805    5.266073819    5.266073819    5.266073819
    4.819819820    5.252224691    5.252224691    5.252224691
    4.834834835    5.238431331    5.238431331    5.238431331
    4.849849850    5.224693529    5.224693529    5.224693529
    4.864864865    5.211011074    5.211011074    5.211011074
    4.879879880    5.197383758    5.197383758    5.197383758
    4.894894895    5.183811369    5.183811369    5.183811369
    4.909909910    5.170293699    5.170293699    5.170293699
    4.924924925    5.156830536    5.156830536    5.156830536
    4.939939940    5.143421671    5.143421671    5.143421671
    4.954954955    5.130066895    5.130066895    5.130066895
    4.969969970    5.116765997    5.116765997    5.116765997
    4.984984985    5.103518769    5.103518769    5.103518769
    5.000000000    5.090324999    5.090324999    5.090324999
    5.015015015    5.077184481    5.077184481    5.077184481
    5.030030030    5.064097003    5.064097003    5.064097003
    5.045045045    5.051062358    5.051062358    5.051062358
    5.060060060    5.038080337    5.038080337    5.038080337
    5.075075075    5.025150730    5.025150730    5.025150730
    5.090090090    5.012273330    5.012273330    5.012273330
    5.105105105    4.999447929    4.999447929    4.999447929
    5.120120120    4.986674319    4.986674319    4.986674319
    5.135135135    4.973952292    4.973952292    4.973952292
    5.150150150    4.961281642    4.961281642    4.961281642
    5.165165165    4.948662160    4.948662160    4.948662160
    5.180180180    4.936093641    4.936093641    4.936093641
    5.195195195    4.923575878    4.923575878    4.923575878
    5.210210210    4.911108665    4.911108665    4.911108665
    5.225225225    4.898691796    4.898691796    4.898691796
    5.240240240    4.886325066    4.886325066    4.886325066
    5.255255255    4.874008270    4.874008270    4.874008270
    5.270270270    4.861741203    4.861741203    4.861741203
    5.285285285    4.849523662    4.849523662    4.849523662
    5.300300300    4.837355442    4.837355442    4.837355442
    5.315315315    4.825236339    4.825236339    4.825236339
    5.330330330    4.813166151    4.813166151    4.813166151
    5.345345345    4.801144676    4.801144676    4.801144676
    5.360360360    4.789171710    4.789171710    4.789171710
    5.375375375    4.777247052    4.777247052    4.777247052
    5.390390390    4.765370501    4.765370501    4.765370501
    5.405405405    4.753541855    4.753541855    4.753541855
    5.420420420    4.741760915    4.741760915    4.741760915
    5.435435435    4.730027481    4.730027481    4.730027481
    5.450450450    4.718341352    4.718341352    4.718341352
    5.465465465    4.706702331    4.706702331    4.706702331
    5.480480480    4.695110218    4.695110218    4.695110218
    5.495495495    4.683564815    4.683564815    4.683564815
    5.510510511    4.672065926    4.672065926    4.672065926
    5.525525526    4.660613352    4.660613352    4.660613352
    5.540540541    4.649206898    4.649206898    4.649206898
    5.555555556    4.637846367    4.637846367    4.637846367
    5.570570571    4.626531564    4.626531564    4.626531564
    5.585585586    4.615262294    4.615262294    4.615262294
    5.600600601    4.604038363    4.604038363    4.604038363
    5.615615616    4.592859577    4.592859577    4.592859577
    5.630630631    4.581725743    4.581725743    4.581725743
    5.645645646    4.570636668    4.570636668    4.570636668
    5.660660661    4.559592159    4.559592159    4.559592159
    5.675675676    4.548592026    4.548592026    4.548592026
    5.690690691    4.537636077    4.537636077    4.537636077
    5.705705706    4.526724122    4.526724122    4.526724122
    5.720720721    4.515855970    4.515855970    4.515855970
    5.735735736    4.505031433    4.505031433    4.505031433
    5.750750751    4.494250323    4.494250323    4.494250323
    5.765765766    4.483512450    4.483512450    4.483512450
    5.780780781    4.472817627    4.472817627    4.472817627
    5.795795796    4.462165668    4.462165668    4.462165668
    5.810810811    4.451556386    4.451556386    4.451556386
    5.825825826    4.440989595    4.440989595    4.440989595
    5.840840841    4.430465111    4.430465111    4.430465111
    5.855855856    4.419982748    4.419982748    4.419982748
    5.870870871    4.409542324    4.409542324    4.409542324
    5.885885886    4.399143654    4.399143654    4.399143654
    5.900900901    4.388786556    4.388786556    4.388786556
    5.915915916    4.378470849    4.378470848    4.378470849
    5.930930931    4.368196350    4.368196350    4.368196350
    5.945945946    4.357962879    4.357962879    4.357962879
    5.960960961    4.347770256    4.347770256    4.347770256
    5.975975976    4.337618301    4.337618301    4.337618301
    5.990990991    4.327506836    4.327506836    4.327506836
    6.006006006    4.317435682    4.317435682    4.317435682
    6.021021021    4.307404662    4.307404662    4.307404662
    6.036036036    4.297413598    4.297413598    4.297413598
    6.051051051    4.287462315    4.287462315    4.287462315
    6.066066066    4.277550637    4.277550637    4.277550637
    6.081081081    4.267678389    4.267678389    4.267678389
    6.096096096    4.257845396    4.257845396    4.257845396
    6.111111111    4.248051485    4.248051485    4.248051485
    6.126126126    4.238296482    4.238296482    4.238296482
    6.141141141    4.228580216    4.228580216    4.228580216
    6.156156156    4.218902514    4.218902514    4.218902514
    6.171171171    4.209263205    4.209263205    4.209263205
    6.186186186    4.199662119    4.199662119    4.199662119
    6.201201201    4.190099086    4.190099086    4.190099086
    6.216216216    4.180573938    4.180573938    4.180573938
    6.231231231    4.171086504    4.171086504    4.171086504
    6.246246246    4.161636618    4.161636618    4.161636618
    6.261261261    4.152224112    4.152224112    4.152224112
    6.276276276    4.142848820    4.142848820    4.142848820
    6.291291291    4.133510576    4.133510576    4.133510576
    6.306306306    4.124209215    4.124209215    4.124209215
    6.321321321    4.114944572    4.114944572    4.114944572
    6.336336336    4.105716482    4.105716482    4.105716482
    6.351351351    4.096524784    4.096524784    4.096524784
    6.366366366    4.087369314    4.087369314    4.087369314
    6.381381381    4.078249911    4.078249911    4.078249911
    6.396396396    4.069166412    4.069166412    4.069166412
    6.411411411    4.060118658    4.060118658    4.060118658
    6.426426426    4.051106488    4.051106488    4.051106488
    6.441441441    4.042129744    4.042129744    4.042129744
    6.456456456    4.033188266    4.033188266    4.033188266
    6.471471471    4.024281896    4.024281896    4.024281896
    6.486486486    4.015410477    4.015410477    4.015410477
    6.501501502    4.006573853    4.006573853    4.006573853
    6.516516517    3.997771867    3.997771867    3.997771867
    6.531531532    3.989004364    3.989004364    3.989004364
    6.546546547    3.980271189    3.980271189    3.980271189
    6.561561562    3.971572188    3.971572188    3.971572188
    6.576576577    3.962907208    3.962907208    3.962907208
    6.591591592    3.954276096    3.954276096    3.954276096
    6.606606607    3.945678699    3.945678699    3.945678699
    6.621621622    3.937114867    3.937114867    3.937114867
    6.636636637    3.928584448    3.928584448    3.928584448
    6.651651652    3.920087292    3.920087292    3.920087292
    6.666666667    3.911623249    3.911623249    3.911623249
    6.681681682    3.903192172    3.903192172    3.903192172
    6.696696697    3.894793910    3.894793910    3.894793910
    6.711711712    3.886428318    3.886428318    3.886428318
    6.726726727    3.878095247    3.878095247    3.878095247
    6.741741742    3.869794551    3.869794551    3.869794551
    6.756756757    3.861526085    3.861526085    3.861526085
    6.771771772    3.853289704    3.853289704    3.853289704
    6.786786787    3.845085263    3.845085263    3.845085263
    6.801801802    3.836912619    3.836912619    3.836912619
    6.816816817    3.828771627    3.828771627    3.828771627
    6.831831832    3.820662146    3.820662146    3.820662146
    6.846846847    3.812584034    3.812584034    3.812584034
    6.861861862    3.804537150    3.804537150    3.804537150
    6.876876877    3.796521352    3.796521352    3.796521352
    6.891891892    3.788536501    3.788536501    3.788536501
    6.906906907    3.780582457    3.780582457    3.780582457
    6.921921922    3.772659083    3.772659083    3.772659083
    6.936936937    3.764766238    3.764766238    3.764766238
    6.951951952    3.756903786    3.756903786    3.756903786
    6.966966967    3.749071591    3.749071591    3.749071591
    6.981981982    3.741269515    3.741269515    3.741269515
    6.996996997    3.733497423    3.733497423    3.733497423
    7.012012012    3.725755180    3.725755180    3.725755180
    7.027027027    3.718042651    3.718042651    3.718042651
    7.042042042    3.710359703    3.710359703    3.710359703
    7.057057057    3.702706203    3.702706203    3.702706203
    7.072072072    3.695082017    3.695082017    3.695082017
    7.087087087    3.687487013    3.687487013    3.687487013
    7.102102102    3.679921061    3.679921061    3.679921061
    7.117117117    3.672384030    3.672384030    3.672384030
    7.132132132    3.664875789    3.664875789    3.664875789
    7.147147147    3.657396208    3.657396208    3.657396208
    7.162162162    3.649945158    3.649945158    3.649945158
    7.177177177    3.642522512    3.642522512    3.642522512
    7.192192192    3.635128141    3.635128141    3.635128141
    7.207207207    3.627761918    3.627761918    3.627761918
    7.222222222    3.620423716    3.620423716    3.620423716
    7.237237237    3.613113410    3.613113410    3.613113410
    7.252252252    3.605830873    3.605830873    3.605830873
    7.267267267    3.598575981    3.598575981    3.598575981
    7.282282282    3.591348609    3.591348609    3.591348609
    7.297297297    3.584148634    3.584148634    3.584148634
    7.312312312    3.576975932    3.576975932    3.576975932
    7.327327327    3.569830381    3.569830381    3.569830381
    7.342342342    3.562711859    3.562711859    3.562711859
    7.357357357    3.555620245    3.555620245    3.555620245
    7.372372372    3.548555417    3.548555417    3.548555417
    7.387387387    3.541517255    3.541517255    3.541517255
    7.402402402    3.534505639    3.534505639    3.534505639
    7.417417417    3.527520450    3.527520450    3.527520450
    7.432432432    3.520561570    3.520561570    3.520561570
    7.447447447    3.513628880    3.513628880    3.513628880
    7.462462462    3.506722263    3.506722263    3.506722263
    7.477477477    3.499841602    3.499841602    3.499841602
    7.492492492    3.492986780    3.492986780    3.492986780
    7.507507508    3.486157682    3.486157682    3.486157682
    7.522522523    3.479354192    3.479354192    3.479354192
    7.537537538    3.472576196    3.472576196    3.472576196
    7.552552553    3.465823578    3.465823578    3.465823578
    7.567567568    3.459096226    3.459096226    3.459096226
    7.582582583    3.452394027    3.452394027    3.452394027
    7.597597598    3.445716867    3.445716867    3.445716867
    7.612612613    3.439064635    3.439064635    3.439064635
    7.627627628    3.432437219    3.432437219    3.432437219
    7.642642643    3.425834507    3.425834507    3.425834507
    7.657657658    3.419256391    3.419256391    3.419256391
    7.672672673    3.412702759    3.412702759    3.412702759
    7.687687688    3.406173502    3.406173502    3.406173502
    7.702702703    3.399668511    3.399668511    3.399668511
    7.717717718    3.393187678    3.393187678    3.393187678
    7.732732733    3.386730895    3.386730895    3.386730895
    7.747747748    3.380298054    3.380298054    3.380298054
    7.762762763    3.373889049    3.373889049    3.373889049
    7.777777778    3.367503774    3.367503774    3.367503774
    7.792792793    3.361142122    3.361142122    3.361142122
    7.807807808    3.354803988    3.354803988    3.354803988
    7.822822823    3.348489267    3.348489267    3.348489267
    7.837837838    3.342197856    3.342197856    3.342197856
    7.852852853    3.335929649    3.335929649    3.335929649
    7.867867868    3.329684545    3.329684545    3.329684545
    7.882882883    3.323462440    3.323462440    3.323462440
    7.897897898    3.317263231    3.317263231    3.317263231
    7.912912913    3.311086818    3.311086818    3.311086818
    7.927927928    3.304933098    3.304933098    3.304933098
    7.942942943    3.298801970    3.298801970    3.298801970
    7.957957958    3.292693335    3.292693335    3.292693335
    7.972972973    3.286607093    3.286607093    3.286607093
    7.987987988    3.280543144    3.280543144    3.280543144
    8.003003003    3.274501389    3.274501389    3.274501389
    8.018018018    3.268481729    3.268481729    3.268481729
    8.033033033    3.262484068    3.262484068    3.262484068
    8.048048048    3.256508306    3.256508306    3.256508306
    8.063063063    3.250554348    3.250554348    3.250554348
    8.078078078    3.244622097    3.244622097    3.244622097
    8.093093093    3.238711456    3.238711456    3.238711456
    8.108108108    3.232822330    3.232822330    3.232822330
    8.123123123    3.226954624    3.226954624    3.226954624
    8.138138138    3.221108243    3.221108243    3.221108243
    8.153153153    3.215283093    3.215283093    3.215283093
    8.168168168    3.209479080    3.209479080    3.209479080
    8.183183183    3.203696111    3.203696111    3.203696111
    8.198198198    3.197934093    3.197934093    3.197934093
    8.213213213    3.192192934    3.192192934    3.192192934
    8.228228228    3.186472541    3.186472541    3.186472541
    8.243243243    3.180772823    3.180772823    3.180772823
    8.258258258    3.175093689    3.175093689    3.175093689
    8.273273273    3.169435048    3.169435048    3.169435048
    8.288288288    3.163796811    3.163796811    3.163796811
    8.303303303    3.158178886    3.158178886    3.158178886
    8.318318318    3.152581186    3.152581186    3.152581186
    8.333333333    3.147003621    3.147003621    3.147003621
    8.348348348    3.141446103    3.141446103    3.141446103
    8.363363363    3.135908543    3.135908543    3.135908543
    8.378378378    3.130390854    3.130390854    3.130390854
    8.393393393    3.124892950    3.124892950    3.124892950
    8.408408408    3.119414742    3.119414742    3.119414742
    8.423423423    3.113956145    3.113956145    3.113956145
    8.438438438    3.108517073    3.108517073    3.108517073
    8.453453453    3.103097441    3.103097441    3.103097441
    8.468468468    3.097697163    3.097697163    3.097697163
    8.483483483    3.092316154    3.092316154    3.092316154
    8.498498498    3.086954331    3.086954331    3.086954331
    8.513513514    3.081611610    3.081611610    3.081611610
    8.528528529    3.076287907    3.076287907    3.076287907
    8.543543544    3.070983139    3.070983139    3.070983139
    8.558558559    3.065697224    3.065697224    3.065697224
    8.573573574    3.060430079    3.060430079    3.060430079
    8.588588589    3.055181623    3.055181623    3.055181623
    8.603603604    3.049951774    3.049951774    3.049951774
    8.618618619    3.044740451    3.044740451    3.044740451
    8.633633634    3.039547573    3.039547573    3.039547573
    8.648648649    3.034373061    3.034373061    3.034373061
    8.663663664    3.029216834    3.029216834    3.029216834
    8.678678679    3.024078813    3.024078813    3.024078813
    8.693693694    3.018958919    3.018958919    3.018958919
    8.708708709    3.013857074    3.013857074    3.013857074
    8.723723724    3.008773198    3.008773198    3.008773198
    8.738738739    3.003707215    3.003707215    3.003707215
    8.753753754    2.998659046    2.998659046    2.998659046
    8.768768769    2.993628615    2.993628615    2.993628615
    8.783783784    2.988615844    2.988615844    2.988615844
    8.798798799    2.983620657    2.983620657    2.983620657
    8.813813814    2.978642979    2.978642979    2.978642979
    8.828828829    2.973682733    2.973682733    2.973682733
    8.843843844    2.968739845    2.968739845    2.968739845
    8.858858859    2.963814239    2.963814239    2.963814239
    8.873873874    2.958905840    2.958905840    2.958905840
    8.888888889    2.954014575    2.954014575    2.954014575
    8.903903904    2.949140370    2.949140370    2.949140370
    8.918918919    2.944283152    2.944283152    2.944283152
    8.933933934    2.939442846    2.939442846    2.939442846
    8.948948949    2.934619381    2.934619381    2.934619381
    8.963963964    2.929812684    2.929812684    2.929812684
    8.978978979    2.925022683    2.925022683    2.925022683
    8.993993994    2.920249306    2.920249306    2.920249306
    9.009009009    2.915492482    2.915492482    2.915492482
    9.024024024    2.910752140    2.910752140    2.910752140
    9.039039039    2.906028210    2.906028210    2.906028210
    9.054054054    2.901320620    2.901320620    2.901320620
    9.069069069    2.896629301    2.896629301    2.896629301
    9.084084084    2.891954184    2.891954184    2.891954184
    9.099099099    2.887295199    2.887295199    2.887295199
    9.114114114    2.882652276    2.882652276    2.882652276
    9.129129129    2.878025349    2.878025349    2.878025349
    9.144144144    2.873414347    2.873414347    2.873414347
    9.159159159    2.868819204    2.868819204    2.868819204
    9.174174174    2.864239851    2.864239851    2.864239851
    9.189189189    2.859676222    2.859676222    2.859676222
    9.204204204    2.855128249    2.855128249    2.855128249
    9.219219219    2.850595866    2.850595866    2.850595866
    9.234234234    2.846079006    2.846079006    2.846079006
    9.249249249    2.841577604    2.841577604    2.841577604
    9.264264264    2.837091593    2.837091593    2.837091593
    9.279279279    2.832620909    2.832620909    2.832620909
    9.294294294    2.828165486    2.828165486    2.828165486
    9.309309309    2.823725260    2.823725260    2.823725260
    9.324324324    2.819300166    2.819300166    2.819300166
    9.339339339    2.814890140    2.814890140    2.814890140
    9.354354354    2.810495118    2.810495118    2.810495118
    9.369369369    2.806115037    2.806115037    2.806115037
    9.384384384    2.801749834    2.801749834    2.801749834
    9.399399399    2.797399445    2.797399445    2.797399445
    9.414414414    2.793063809    2.793063809    2.793063809
    9.429429429    2.788742863    2.788742863    2.788742863
    9.444444444    2.784436545    2.784436545    2.784436545
    9.459459459    2.780144793    2.780144793    2.780144793
    9.474474474    2.775867547    2.775867547    2.775867547
    9.489489489    2.771604744    2.771604744    2.771604744
    9.504504505    2.767356324    2.767356324    2.767356324
    9.519519520    2.763122228    2.763122228    2.763122228
    9.534534535    2.758902393    2.758902393    2.758902393
    9.549549550    2.754696762    2.754696762    2.754696762
    9.564564565    2.750505273    2.750505273    2.750505273
    9.579579580    2.746327869    2.746327869    2.746327869
    9.594594595    2.742164489    2.742164489    2.742164489
    9.609609610    2.738015075    2.738015075    2.738015075
    9.624624625    2.733879568    2.733879568    2.733879568
    9.639639640    2.729757911    2.729757911    2.729757911
    9.654654655    2.725650045    2.725650045    2.725650045
    9.669669670    2.721555913    2.721555913    2.721555913
    9.684684685    2.717475458    2.717475458    2.717475458
    9.699699700    2.713408622    2.713408622    2.713408622
    9.714714715    2.709355349    2.709355349    2.709355349
    9.729729730    2.705315582    2.705315582    2.705315582
    9.744744745    2.701289265    2.701289265    2.701289265
    9.759759760    2.697276342    2.697276342    2.697276342
    9.774774775    2.693276757    2.693276757    2.693276757
    9.789789790    2.689290455    2.689290455    2.689290455
    9.804804805    2.685317381    2.685317381    2.685317381
    9.819819820    2.681357479    2.681357479    2.681357479
    9.834834835    2.677410696    2.677410696    2.677410696
    9.849849850    2.673476976    2.673476976    2.673476976
    9.864864865    2.669556266    2.669556266    2.669556266
    9.879879880    2.665648511    2.665648511    2.665648511
    9.894894895    2.661753659    2.661753659    2.661753659
    9.909909910    2.657871656    2.657871656    2.657871656
    9.924924925    2.654002448    2.654002448    2.654002448
    9.939939940    2.650145983    2.650145983    2.650145983
    9.954954955    2.646302209    2.646302209    2.646302209
    9.969969970    2.642471073    2.642471073    2.642471073
    9.984984985    2.638652522    2.638652522    2.638652522
   10.000000000    2.634846506    2.634846506    2.634846506
   10.015015015    2.631052972    2.631052972    2.631052972
   10.030030030    2.627271870    2.627271870    2.627271870
   10.045045045    2.623503148    2.623503148    2.623503148
   10.060060060    2.619746755    2.619746755    2.619746755
   10.075075075    2.616002640    2.616002640    2.616002640
   10.090090090    2.612270754    2.612270754    2.612270754
   10.105105105    2.608551047    2.608551047    2.608551047
   10.120120120    2.604843467    2.604843467    2.604843467
   10.135135135    2.601147967    2.601147967    2.601147967
   10.150150150    2.597464495    2.597464495    2.597464495
   10.165165165    2.593793004    2.593793004    2.593793004
   10.180180180    2.590133444    2.590133444    2.590133444
   10.195195195    2.586485766    2.586485766    2.586485766
   10.210210210    2.582849923    2.582849923    2.582849923
   10.225225225    2.579225865    2.579225865    2.579225865
   10.240240240    2.575613545    2.575613545    2.575613545
   10.255255255    2.572012915    2.572012915    2.572012915
   10.270270270    2.568423928    2.568423928    2.568423928
   10.285285285    2.564846536    2.564846536    2.564846536
   10.300300300    2.561280691    2.561280691    2.561280691
   10.315315315    2.557726348    2.557726348    2.557726348
   10.330330330    2.554183459    2.554183459    2.554183459
   10.345345345    2.550651979    2.550651979    2.550651979
   10.360360360    2.547131860    2.547131860    2.547131860
   10.375375375    2.543623057    2.543623057    2.543623057
   10.390390390    2.540125524    2.540125524    2.540125524
   10.405405405    2.536639215    2.536639215    2.536639215
   10.420420420    2.533164086    2.533164086    2.533164086
   10.435435435    2.529700090    2.529700090    2.529700090
   10.450450450    2.526247184    2.526247184    2.526247184
   10.465465465    2.522805322    2.522805322    2.522805322
   10.480480480    2.519374460    2.519374460    2.519374460
   10.495495495    2.515954553    2.515954553    2.515954553
   10.510510511    2.512545558    2.512545558    2.512545558
   10.525525526    2.509147431    2.509147431    2.509147431
   10.540540541    2.505760127    2.505760127    2.505760127
   10.555555556    2.502383604    2.502383604    2.502383604
   10.570570571    2.499017818    2.499017818    2.499017818
   10.585585586    2.495662727    2.495662727    2.495662727
   10.600600601    2.492318286    2.492318286    2.492318286
   10.615615616    2.488984455    2.488984455    2.488984455
   10.630630631    2.485661190    2.485661190    2.485661190
   10.645645646    2.482348448    2.482348448    2.482348448
   10.660660661    2.479046189    2.479046189    2.479046189
   10.675675676    2.475754370    2.475754370    2.475754370
   10.690690691    2.472472949    2.472472949    2.472472949
   10.705705706    2.469201885    2.469201885    2.469201885
   10.720720721    2.465941137    2.465941137    2.465941137
   10.735735736    2.462690663    2.462690663    2.462690663
   10.750750751    2.459450423    2.459450423    2.459450423
   10.765765766    2.456220376    2.456220376    2.456220376
   10.780780781    2.453000482    2.453000482    2.453000482
   10.795795796    2.449790700    2.449790700    2.449790700
   10.810810811    2.446590990    2.446590990    2.446590990
   10.825825826    2.443401313    2.443401313    2.443401313
   10.840840841    2.440221627    2.440221627    2.440221627
   10.855855856    2.437051895    2.437051895    2.437051895
   10.870870871    2.433892076    2.433892076    2.433892076
   10.885885886    2.430742131    2.430742131    2.430742131
   10.900900901    2.427602022    2.427602022    2.427602022
   10.915915916    2.424471709    2.424471709    2.424471709
   10.930930931    2.421351154    2.421351154    2.421351154
   10.945945946    2.418240318    2.418240318    2.418240318
   10.960960961    2.415139163    2.415139163    2.415139163
   10.975975976    2.412047652    2.412047652    2.412047652
   10.990990991    2.408965745    2.408965745    2.408965745
   11.006006006    2.405893405    2.405893405    2.405893405
   11.021021021    2.402830595    2.402830595    2.402830595
   11.036036036    2.399777277    2.399777277    2.399777277
   11.051051051    2.396733414    2.396733414    2.396733414
   11.066066066    2.393698969    2.393698969    2.393698969
   11.081081081    2.390673905    2.390673905    2.390673905
   11.096096096    2.387658185    2.387658185    2.387658185
   11.111111111    2.384651773    2.384651773    2.384651773
   11.126126126    2.381654632    2.381654632    2.381654632
   11.141141141    2.378666727    2.378666727    2.378666727
   11.156156156    2.375688020    2.375688020    2.375688020
   11.171171171    2.372718476    2.372718476    2.372718476
   11.186186186    2.369758060    2.369758060    2.369758060
   11.201201201    2.366806736    2.366806736    2.366806736
   11.216216216    2.363864469    2.363864469    2.363864469
   11.231231231    2.360931222    2.360931222    2.360931222
   11.246246246    2.358006962    2.358006962    2.358006962
   11.261261261    2.355091653    2.355091653    2.355091653
   11.276276276    2.352185261    2.352185261    2.352185261
   11.291291291    2.349287751    2.349287751    2.349287751
   11.306306306    2.346399088    2.346399088    2.346399088
   11.321321321    2.343519238    2.343519238    2.343519238
   11.336336336    2.340648168    2.340648168    2.340648168
   11.351351351    2.337785842    2.337785842    2.337785842
   11.366366366    2.334932228    2.334932228    2.334932228
   11.381381381    2.332087292    2.332087292    2.332087292
   11.396396396    2.329251000    2.329251000    2.329251000
   11.411411411    2.326423319    2.326423319    2.326423319
   11.426426426    2.323604216    2.323604216    2.323604216
   11.441441441    2.320793657    2.320793657    2.320793657
   11.456456456    2.317991611    2.317991611    2.317991611
   11.471471471    2.315198043    2.315198043    2.315198043
   11.486486486    2.312412921    2.312412921    2.312412921
   11.501501502    2.309636214    2.309636214    2.309636214
   11.516516517    2.306867889    2.306867889    2.306867889
   11.531531532    2.304107913    2.304107913    2.304107913
   11.546546547    2.301356254    2.301356254    2.301356254
   11.561561562    2.298612882    2.298612882    2.298612882
   11.576576577    2.295877763    2.295877763    2.295877763
   11.591591592    2.293150867    2.293150867    2.293150867
   11.606606607    2.290432162    2.290432162    2.290432162
   11.621621622    2.287721617    2.287721617    2.287721617
   11.636636637    2.285019201    2.285019201    2.285019201
   11.651651652    2.282324882    2.282324882    2.282324882
   11.666666667    2.279638630    2.279638630    2.279638630
   11.681681682    2.276960414    2.276960414    2.276960414
   11.696696697    2.274290203    2.274290203    2.274290203
   11.711711712    2.271627968    2.271627968    2.271627968
   11.726726727    2.268973677    2.268973677    2.268973677
   11.741741742    2.266327301    2.266327301    2.266327301
   11.756756757    2.263688810    2.263688810    2.263688810
   11.771771772    2.261058173    2.261058173    2.261058173
   11.786786787    2.258435361    2.258435361    2.258435361
   11.801801802    2.255820345    2.255820345    2.255820345
   11.816816817    2.253213094    2.253213094    2.253213094
   11.831831832    2.250613580    2.250613580    2.250613580
   11.846846847    2.248021773    2.248021773    2.248021773
   11.861861862    2.245437645    2.245437645    2.245437645
   11.876876877    2.242861165    2.242861165    2.242861165
   11.891891892    2.240292306    2.240292306    2.240292306
   11.906906907    2.237731038    2.237731038    2.237731038
   11.921921922    2.235177334    2.235177334    2.235177334
   11.936936937    2.232631164    2.232631164    2.232631164
   11.951951952    2.230092500    2.230092500    2.230092500
   11.966966967    2.227561315    2.227561315    2.227561315
   11.981981982    2.225037580    2.225037580    2.225037580
   11.996996997    2.222521266    2.222521266    2.222521266
   12.012012012    2.220012347    2.220012347    2.220012347
   12.027027027    2.217510795    2.217510795    2.217510795
   12.042042042    2.215016582    2.215016582    2.215016582
   12.057057057    2.212529680    2.212529680    2.212529680
   12.072072072    2.210050063    2.210050063    2.210050063
   12.087087087    2.207577702    2.207577702    2.207577702
   12.102102102    2.205112572    2.205112572    2.205112572
   12.117117117    2.202654645    2.202654645    2.202654645
   12.132132132    2.200203893    2.200203893    2.200203893
   12.147147147    2.197760292    2.197760292    2.197760292
   12.162162162    2.195323813    2.195323813    2.195323813
   12.177177177    2.192894430    2.192894430    2.192894430
   12.192192192    2.190472118    2.190472118    2.190472118
   12.207207207    2.188056849    2.188056849    2.188056849
   12.222222222    2.185648598    2.185648598    2.185648598
   12.237237237    2.183247339    2.183247339    2.183247339
   12.252252252    2.180853045    2.180853045    2.180853045
   12.267267267    2.178465691    2.178465691    2.178465691
   12.282282282    2.176085251    2.176085251    2.176085251
   12.297297297    2.173711700    2.173711700    2.173711700
   12.312312312    2.171345013    2.171345013    2.171345013
   12.327327327    2.168985163    2.168985163    2.168985163
   12.342342342    2.166632126    2.166632126    2.166632126
   12.357357357    2.164285876    2.164285876    2.164285876
   12.372372372    2.161946389    2.161946389    2.161946389
   12.387387387    2.159613640    2.159613640    2.159613640
   12.402402402    2.157287603    2.157287603    2.157287603
   12.417417417    2.154968255    2.154968255    2.154968255
   12.432432432    2.152655571    2.152655571    2.152655571
   12.447447447    2.150349525    2.150349525    2.150349525
   12.462462462    2.148050095    2.148050095    2.148050095
   12.477477477    2.145757255    2.145757255    2.145757255
   12.492492492    2.143470981    2.143470981    2.143470981
   12.507507508    2.141191250    2.141191250    2.141191250
   12.522522523    2.138918037    2.138918037    2.138918037
   12.537537538    2.136651319    2.136651319    2.136651319
   12.552552553    2.134391072    2.134391072    2.134391072
   12.567567568    2.132137273    2.132137273    2.132137273
   12.582582583    2.129889897    2.129889897    2.129889897
   12.597597598    2.127648922    2.127648922    2.127648922
   12.612612613    2.125414323    2.125414323    2.125414323
   12.627627628    2.123186079    2.123186079    2.123186079
   12.642642643    2.120964165    2.120964165    2.120964165
   12.657657658    2.118748560    2.118748560    2.118748560
   12.672672673    2.116539239    2.116539239    2.116539239
   12.687687688    2.114336180    2.114336180    2.114336180
   12.702702703    2.112139361    2.112139361    2.112139361
   12.717717718    2.109948758    2.109948758    2.109948758
   12.732732733    2.107764350    2.107764350    2.107764350
   12.747747748    2.105586113    2.105586113    2.105586113
   12.762762763    2.103414026    2.103414026    2.103414026
   12.777777778    2.101248067    2.101248067    2.101248067
   12.792792793    2.099088213    2.099088213    2.099088213
   12.807807808    2.096934442    2.096934442    2.096934442
   12.822822823    2.094786732    2.094786732    2.094786732
   12.837837838    2.092645061    2.092645061    2.092645061
   12.852852853    2.090509409    2.090509409    2.090509409
   12.867867868    2.088379752    2.088379752    2.088379752
   12.882882883    2.086256070    2.086256070    2.086256070
   12.897897898    2.084138340    2.084138340    2.084138340
   12.912912913    2.082026543    2.082026543    2.082026543
   12.927927928    2.079920656    2.079920656    2.079920656
   12.942942943    2.077820658    2.077820658    2.077820658
   12.957957958    2.075726528    2.075726528    2.075726528
   12.972972973    2.073638245    2.073638245    2.073638245
   12.987987988    2.071555789    2.071555789    2.071555789
   13.003003003    2.069479138    2.069479138    2.069479138
   13.018018018    2.067408271    2.067408271    2.067408271
   13.033033033    2.065343169    2.065343169    2.065343169
   13.048048048    2.063283809    2.063283809    2.063283809
   13.063063063    2.061230173    2.061230173    2.061230173
   13.078078078    2.059182240    2.059182240    2.059182240
   13.093093093    2.057139988    2.057139988    2.057139988
   13.108108108    2.055103399    2.055103399    2.055103399
   13.123123123    2.053072452    2.053072452    2.053072452
   13.138138138    2.051047127    2.051047127    2.051047127
   13.153153153    2.049027403    2.049027403    2.049027403
   13.168168168    2.047013262    2.047013262    2.047013262
   13.183183183    2.045004683    2.045004683    2.045004683
   13.198198198    2.043001647    2.043001647    2.043001647
   13.213213213    2.041004134    2.041004134    2.041004134
   13.228228228    2.039012124    2.039012124    2.039012124
   13.243243243    2.037025599    2.037025599    2.037025599
   13.258258258    2.035044538    2.035044538    2.035044538
   13.273273273    2.033068922    2.033068922    2.033068922
   13.288288288    2.031098733    2.031098733    2.031098733
   13.303303303    2.029133950    2.029133950    2.029133950
   13.318318318    2.027174556    2.027174556    2.027174556
   13.333333333    2.025220531    2.025220531    2.025220531
   13.348348348    2.023271856    2.023271856    2.023271856
   13.363363363    2.021328513    2.021328513    2.021328513
   13.378378378    2.019390482    2.019390482    2.019390482
   13.393393393    2.017457745    2.017457745    2.017457745
   13.408408408    2.015530284    2.015530284    2.015530284
   13.423423423    2.013608080    2.013608080    2.013608080
   13.438438438    2.011691114    2.011691114    2.011691114
   13.453453453    2.009779369    2.009779369    2.009779369
   13.468468468    2.007872826    2.007872826    2.007872826
   13.483483483    2.005971466    2.005971466    2.005971466
   13.498498498    2.004075273    2.004075273    2.004075273
   13.513513514    2.002184227    2.002184227    2.002184227
   13.528528529    2.000298311    2.000298311    2.000298311
   13.543543544    1.998417507    1.998417507    1.998417507
   13.558558559    1.996541797    1.996541797    1.996541797
   13.573573574    1.994671164    1.994671164    1.994671164
   13.588588589    1.992805589    1.992805589    1.992805589
   13.603603604    1.990945056    1.990945056    1.990945056
   13.618618619    1.989089546    1.989089546    1.989089546
   13.633633634    1.987239043    1.987239043    1.987239043
   13.648648649    1.985393529    1.985393529    1.985393529
   13.663663664    1.983552986    1.983552986    1.983552986
   13.678678679    1.981717398    1.981717398    1.981717398
   13.693693694    1.979886747    1.979886747    1.979886747
   13.708708709    1.978061016    1.978061016    1.978061016
   13.723723724    1.976240189    1.976240189    1.976240189
   13.738738739    1.974424248    1.974424248    1.974424248
   13.753753754    1.972613176    1.972613176    1.972613176
   13.768768769    1.970806957    1.970806957    1.970806957
   13.783783784    1.969005574    1.969005574    1.969005574
   13.798798799    1.967209011    1.967209011    1.967209011
   13.813813814    1.965417250    1.965417250    1.965417250
   13.828828829    1.963630276    1.963630276    1.963630276
   13.843843844    1.961848071    1.961848071    1.961848071
   13.858858859    1.960070620    1.960070620    1.960070620
   13.873873874    1.958297906    1.958297906    1.958297906
   13.888888889    1.956529913    1.956529913    1.956529913
   13.903903904    1.954766625    1.954766625    1.954766625
   13.918918919    1.953008025    1.953008025    1.953008025
   13.933933934    1.951254098    1.951254098    1.951254098
   13.948948949    1.949504828    1.949504828    1.949504828
   13.963963964    1.947760198    1.947760198    1.947760198
   13.978978979    1.946020194    1.946020194    1.946020194
   13.993993994    1.944284799    1.944284799    1.944284799
   14.009009009    1.942553997    1.942553997    1.942553997
   14.024024024    1.940827772    1.940827772    1.940827772
   14.039039039    1.939106111    1.939106111    1.939106111
   14.054054054    1.937388995    1.937388995    1.937388995
   14.069069069    1.935676411    1.935676411    1.935676411
   14.084084084    1.933968343    1.933968343    1.933968343
   14.099099099    1.932264776    1.932264776    1.932264776
   14.114114114    1.930565694    1.930565694    1.930565694
   14.129129129    1.928871082    1.928871082    1.928871082
   14.144144144    1.927180925    1.927180925    1.927180925
   14.159159159    1.925495207    1.925495207    1.925495207
   14.174174174    1.923813915    1.923813915    1.923813915
   14.189189189    1.922137033    1.922137033    1.922137033
   14.204204204    1.920464545    1.920464545    1.920464545
   14.219219219    1.918796438    1.918796438    1.918796438
   14.234234234    1.917132697    1.917132697    1.917132697
   14.249249249    1.915473306    1.915473306    1.915473306
   14.264264264    1.913818251    1.913818251    1.913818251
   14.279279279    1.912167517    1.912167517    1.912167517
   14.294294294    1.910521091    1.910521091    1.910521091
   14.309309309    1.908878957    1.908878957    1.908878957
   14.324324324    1.907241101    1.907241101    1.907241101
   14.339339339    1.905607509    1.905607509    1.905607509
   14.354354354    1.903978166    1.903978166    1.903978166
   14.369369369    1.902353059    1.902353059    1.902353059
   14.384384384    1.900732172    1.900732172    1.900732172
   14.399399399    1.899115493    1.899115493    1.899115493
   14.414414414    1.897503006    1.897503006    1.897503006
   14.429429429    1.895894698    1.895894698    1.895894698
   14.444444444    1.894290555    1.894290555    1.894290555
   14.459459459    1.892690563    1.892690563    1.892690563
   14.474474474    1.891094708    1.891094708    1.891094708
   14.489489489    1.889502976    1.889502976    1.889502976
   14.504504505    1.887915354    1.887915354    1.887915354
   14.519519520    1.886331828    1.886331828    1.886331828
   14.534534535    1.884752384    1.884752384    1.884752384
   14.549549550    1.883177009    1.883177009    1.883177009
   14.564564565    1.881605689    1.881605689    1.881605689
   14.579579580    1.880038411    1.880038411    1.880038411
   14.594594595    1.878475161    1.878475161    1.878475161
   14.609609610    1.876915926    1.876915926    1.876915926
   14.624624625    1.875360694    1.875360694    1.875360694
   14.639639640    1.873809449    1.873809449    1.873809449
   14.654654655    1.872262180    1.872262180    1.872262180
   14.669669670    1.870718873    1.870718873    1.870718873
   14.684684685    1.869179515    1.869179515    1.869179515
   14.699699700    1.867644094    1.867644094    1.867644094
   14.714714715    1.866112595    1.866112595    1.866112595
   14.729729730    1.864585007    1.864585007    1.864585007
   14.744744745    1.863061315    1.863061315    1.863061315
   14.759759760    1.861541509    1.861541509    1.861541509
   14.774774775    1.860025574    1.860025574    1.860025574
   14.789789790    1.858513498    1.858513498    1.858513498
   14.804804805    1.857005268    1.857005268    1.857005268
   14.819819820    1.855500872    1.855500872    1.855500872
   14.834834835    1.854000297    1.854000297    1.854000297
   14.849849850    1.852503530    1.852503530    1.852503530
   14.864864865    1.851010560    1.851010560    1.851010560
   14.879879880    1.849521373    1.849521373    1.849521373
   14.894894895    1.848035958    1.848035958    1.848035958
   14.909909910    1.846554302    1.846554302    1.846554302
   14.924924925    1.845076392    1.845076392    1.845076392
   14.939939940    1.843602217    1.843602217    1.843602217
   14.954954955    1.842131764    1.842131764    1.842131764
   14.969969970    1.840665022    1.840665022    1.840665022
   14.984984985    1.839201977    1.839201977    1.839201977
   15.000000000    1.837742619    1.837742619    1.837742619
