# omega(eV)     n     kappa     alpha(1/m)
0.00000000     3.40049565     0.00000000     0.00000000
0.01501501     3.40052771     0.00021386     32.54555127
0.03003003     3.40062388     0.00042781     130.21302626
0.04504504     3.40078422     0.00064198     293.09602015
0.06006006     3.40100880     0.00085645     521.35159528
0.07507508     3.40129773     0.00107133     815.19764858
0.09009009     3.40165114     0.00128673     1174.91870176
0.10510511     3.40206921     0.00150275     1600.86444683
0.12012012     3.40255214     0.00171950     2093.44870317
0.13513513     3.40310016     0.00193710     2653.16023746
0.15015015     3.40371353     0.00215565     3280.54992595
0.16516517     3.40439257     0.00237526     3976.25127205
0.18018018     3.40513760     0.00259607     4740.96410607
0.19519519     3.40594899     0.00281818     5575.47295286
0.21021021     3.40682715     0.00304173     6480.64559261
0.22522523     3.40777252     0.00326685     7457.43537172
0.24024024     3.40878560     0.00349367     8506.88456162
0.25525526     3.40986691     0.00372232     9630.13594654
0.27027027     3.41101700     0.00395297     10828.43137502
0.28528528     3.41223651     0.00418576     12103.11809658
0.30030030     3.41352608     0.00442085     13455.67386187
0.31531531     3.41488642     0.00465842     14887.68200437
0.33033033     3.41631829     0.00489864     16400.88007490
0.34534535     3.41782250     0.00514169     17997.12186618
0.36036036     3.41939992     0.00538779     19678.44938648
0.37537538     3.42105149     0.00563713     21447.04886660
0.39039039     3.42277819     0.00588996     23305.29642124
0.40540540     3.42458108     0.00614650     25255.77984399
0.42042042     3.42646131     0.00640702     27301.29735294
0.43543543     3.42842008     0.00667179     29444.88544396
0.45045045     3.43045869     0.00694112     31689.85685304
0.46546547     3.43257853     0.00721533     34039.82633895
0.48048048     3.43478108     0.00749477     36498.70977588
0.49549550     3.43706794     0.00777982     39070.82189543
0.51051051     3.43944080     0.00807089     41760.87488777
0.52552553     3.44190150     0.00836844     44574.03852717
0.54054054     3.44445200     0.00867298     47516.00815777
0.55555556     3.44709442     0.00898504     50593.07679536
0.57057057     3.44983103     0.00930525     53812.20643766
0.58558559     3.45266431     0.00963427     57181.12780242
0.60060060     3.45559692     0.00997287     60708.46759478
0.61561562     3.45863174     0.01032188     64403.87543131
0.63063063     3.46177191     0.01068227     68278.17985098
0.64564565     3.46502085     0.01105510     72343.63909901
0.66066066     3.46838229     0.01144160     76614.11892869
0.67567568     3.47186033     0.01184318     81105.44610817
0.69069069     3.47545947     0.01226143     85835.75262944
0.70570571     3.47918467     0.01269822     90825.95658633
0.72072072     3.48304142     0.01315571     96100.34344621
0.73573574     3.48703583     0.01363645     101687.30808601
0.75075075     3.49117473     0.01414343     107620.28302019
0.76576577     3.49546576     0.01468023     113938.99007047
0.78078078     3.49991756     0.01525114     120691.04506058
0.79579580     3.50453989     0.01586138     127934.06098983
0.81081081     3.50934390     0.01651734     135738.54570057
0.82582583     3.51434235     0.01722695     144191.71586045
0.84084084     3.51954996     0.01800015     153402.88769922
0.85585586     3.52498377     0.01884963     163511.04097968
0.87087087     3.53066363     0.01979176     174695.46438884
0.88588589     3.53661275     0.02084801     187191.41560236
0.90090090     3.54285827     0.02204712     201313.23174104
0.91591592     3.54943184     0.02342820     217489.35657319
0.93093093     3.55636987     0.02504567     236316.31532304
0.94594595     3.56371286     0.02697689     258643.60893235
0.96096096     3.57150232     0.02933422     285708.88931040
0.97597598     3.57977157     0.03228415     319353.70936801
0.99099099     3.58852171     0.03607655     362358.33384201
1.00600601     3.59766225     0.04108408     418907.07938171
1.02102102     3.60687173     0.04783190     494989.34062843
1.03603604     3.61530711     0.05691591     597657.04429496
1.05105105     3.62119264     0.06847489     729455.28274986
1.06606607     3.62207251     0.08072133     872199.78872198
1.08108108     3.61772798     0.08890879     974196.33015990
1.09609610     3.61341649     0.08969514     996462.77416490
1.11111111     3.61462711     0.08646280     973711.57084448
1.12612613     3.62099446     0.08447714     964205.80352859
1.14114114     3.62932902     0.08538150     987521.74616919
1.15615616     3.63807110     0.08798368     1031008.28220235
1.17117117     3.64812708     0.09189468     1090823.00112718
1.18618619     3.65974581     0.09918076     1192405.10209464
1.20120120     3.67038398     0.11203674     1364016.89868767
1.21621622     3.67522863     0.13023644     1605413.15396139
1.23123123     3.66950206     0.14856656     1853976.50266164
1.24624625     3.65498665     0.15733519     1987344.91593855
1.26126126     3.64278709     0.15255071     1950126.61696312
1.27627628     3.64151864     0.14204710     1837471.42166958
1.29129129     3.64924722     0.13534019     1771309.82359573
1.30630631     3.65911635     0.13562719     1795706.33796066
1.32132132     3.66553897     0.14006130     1875729.16312345
1.33633634     3.66824288     0.14314584     1938822.38007755
1.35135135     3.67133611     0.14330758     1962822.27160841
1.36636637     3.67611745     0.14285539     1978369.03731496
1.38138138     3.68187292     0.14178941     1985184.71972105
1.39639640     3.69033572     0.14020962     1984403.87959345
1.41141141     3.70165187     0.14119189     2019793.18524574
1.42642643     3.71235580     0.14576963     2107463.01304902
1.44144144     3.72075515     0.15065929     2201083.17496506
1.45645646     3.73026873     0.15399214     2273210.08939906
1.47147147     3.74333894     0.15972354     2382123.65131095
1.48648649     3.75632143     0.17212644     2593295.98760933
1.50150150     3.76268494     0.19013619     2893570.66142318
1.51651652     3.75882438     0.20683743     3179214.24243182
1.53153153     3.74863596     0.21405672     3322755.05549814
1.54654655     3.74221129     0.21028865     3296266.72880760
1.56156156     3.74607299     0.20395106     3227963.41398893
1.57657658     3.75602197     0.20416700     3262452.02007752
1.59159159     3.76295128     0.21160136     3413450.53327448
1.60660661     3.76224546     0.21916347     3568792.00912456
1.62162162     3.75746777     0.22037846     3622114.64105285
1.63663664     3.75393556     0.21454573     3558899.01475121
1.65165165     3.75562522     0.20312444     3400354.21388489
1.66666667     3.76536507     0.19060414     3219768.11856370
1.68168168     3.78066385     0.18182586     3099152.67312955
1.69669670     3.79750098     0.17625558     3031032.60094084
1.71171171     3.81648929     0.17140610     2973722.35344384
1.72672673     3.84018176     0.16890232     2955988.58798519
1.74174174     3.86768513     0.17259571     3046893.48117653
1.75675676     3.89528284     0.18446566     3284510.69478216
1.77177177     3.91886282     0.20368404     3657701.90004404
1.78678679     3.93608347     0.22744192     4118952.35024174
1.80180180     3.94620625     0.25379789     4634880.51435339
1.81681682     3.94681151     0.28046474     5164555.28717424
1.83183183     3.93715850     0.30093039     5587212.33593000
1.84684685     3.92321325     0.30912831     5786463.13306763
1.86186186     3.91365883     0.30620862     5778410.48009653
1.87687688     3.91201312     0.29829679     5674503.70817827
1.89189189     3.91726985     0.28997701     5560366.40561037
1.90690691     3.92681898     0.28347300     5478790.89101577
1.92192192     3.93845730     0.27838806     5422878.45597689
1.93693694     3.95164279     0.27354972     5370259.54615662
1.95195195     3.96758565     0.26798869     5301870.44911724
1.96696697     3.98832045     0.26351638     5253493.54979357
1.98198198     4.01226114     0.26373516     5297991.52409544
1.99699700     4.03458547     0.26811889     5426856.60146327
2.01201201     4.05467876     0.27114706     5529412.45426508
2.02702703     4.07834574     0.27077532     5563039.50320463
2.04204204     4.11004951     0.27170079     5623401.62469640
2.05705706     4.14895649     0.28062990     5850915.24583826
2.07207207     4.18955097     0.30251964     6353337.99845993
2.08708709     4.22321139     0.33825715     7155353.31505854
2.10210210     4.24040198     0.38197575     8138289.29276196
2.11711712     4.23806469     0.41946094     9000775.59455230
2.13213213     4.22708870     0.43847188     9475440.00980618
2.14714715     4.22240625     0.44082080     9593286.45057781
2.16216216     4.23010196     0.43642004     9563931.87080529
2.17717718     4.24764568     0.43287374     9552092.85529913
2.19219219     4.27080539     0.43110566     9578684.55857239
2.20720721     4.30000083     0.42936296     9605306.09563966
2.22222222     4.33825835     0.42956936     9675297.13080506
2.23723724     4.38567632     0.43655625     9899101.39216160
2.25225225     4.43944207     0.45374191     10357845.97323510
2.26726727     4.49645276     0.48318382     11103467.54574496
2.28228228     4.55227054     0.52633236     12175111.80025933
2.29729730     4.60130481     0.58134900     13536227.87885307
2.31231231     4.64137998     0.64246380     15057007.86346426
2.32732733     4.67619193     0.70624999     16659403.58730198
2.34234234     4.70852606     0.77514610     18402526.78880920
2.35735736     4.73724894     0.85235034     20365125.24555440
2.37237237     4.75911014     0.94084869     22622790.19674227
2.38738739     4.76596505     1.04198780     25213263.03461045
2.40240240     4.74800172     1.14773130     27946633.72027788
2.41741742     4.70548285     1.24339163     30465135.26543624
2.43243243     4.64904091     1.32022459     32548586.20298328
2.44744745     4.58935314     1.38010958     34235010.96811619
2.46246246     4.52898776     1.42858315     35654854.35357442
2.47747748     4.46680921     1.46556918     36800995.17882959
2.49249249     4.40635989     1.48829975     37598264.03017496
2.50750751     4.35465135     1.49784733     38067409.00939237
2.52252252     4.31777255     1.50083636     38371777.75811940
2.53753754     4.29640114     1.50770766     38776905.00284926
2.55255255     4.28407668     1.52819769     39536457.67682078
2.56756757     4.26760517     1.56639743     40763115.47340245
2.58258258     4.23337034     1.61428450     42254972.02234301
2.59759760     4.17963134     1.65715478     43629323.03175303
2.61261261     4.11281224     1.68765390     44689133.25867811
2.62762763     4.03511682     1.70212074     45331251.57029449
2.64264264     3.95159004     1.68940973     45249830.40602780
2.65765766     3.88328915     1.64392727     44281789.36780303
2.67267267     3.84998604     1.58262118     42871262.36177365
2.68768769     3.85091739     1.52989136     41675701.69699394
2.70270270     3.87153779     1.49970544     41081639.67568450
2.71771772     3.89603325     1.49311254     41128267.31905894
2.73273273     3.91571298     1.50364487     41647214.58402335
2.74774775     3.92834683     1.52747075     42539589.01787258
2.76276276     3.92854425     1.56329091     43775077.25193561
2.77777778     3.90974082     1.60296674     45130021.04717252
2.79279279     3.87441788     1.63502018     46281279.61087838
2.80780781     3.83061889     1.65562608     47116515.07475810
2.82282282     3.78151612     1.66575419     47658246.56777221
2.83783784     3.72815399     1.66214997     47808080.51742362
2.85285285     3.67780651     1.64053645     47436078.74734580
2.86786787     3.64081176     1.60415522     46628243.08007158
2.88288288     3.62268186     1.56250238     45655301.06421694
2.89789790     3.62170102     1.52622969     44827704.76124074
2.91291291     3.62978688     1.50096585     44314090.11432609
2.92792793     3.64086258     1.48500043     44068725.12902650
2.94294294     3.65312062     1.47781903     44080511.25430889
2.95795796     3.66151757     1.47924585     44348188.38109822
2.97297297     3.66238590     1.48282307     44681096.20608468
2.98798799     3.66005068     1.48220983     44888186.79533142
3.00300300     3.66217199     1.47811392     44989088.98324236
3.01801802     3.67283916     1.47933985     45251534.40093593
3.03303303     3.68326235     1.49618649     45994552.17652182
3.04804805     3.67780214     1.52338410     47062474.07224371
3.06306306     3.65525852     1.54501186     47965754.49751981
3.07807808     3.62544866     1.55523923     48519951.85290643
3.09309309     3.59245364     1.55584522     48775631.97623723
3.10810811     3.55780096     1.54400816     48639514.58370446
3.12312312     3.52992625     1.51742059     48032877.51687681
3.13813814     3.51814709     1.48376086     47193207.32567955
3.15315315     3.52091113     1.45685776     46559224.79115988
3.16816817     3.52410325     1.44184657     46298913.47951507
3.18318318     3.51824129     1.42651123     46023575.09209730
3.19819820     3.51275974     1.39865136     45337583.71899513
3.21321321     3.52162473     1.36293010     44387087.80820572
3.22822823     3.54678333     1.33206461     43584598.16438525
3.24324324     3.58169570     1.31228352     43137077.89449652
3.25825826     3.62248209     1.30512225     43100293.13143545
3.27327327     3.66445115     1.31387568     43589317.05149211
3.28828829     3.70003214     1.33839224     44606363.77948795
3.30330330     3.72320112     1.37543140     46050135.45569356
3.31831832     3.72778859     1.42006843     47760717.58365035
3.33333333     3.70931477     1.46185215     49388486.91107246
3.34834835     3.67135517     1.48791173     50495343.16341200
3.36336336     3.62420342     1.48930040     50769118.07074992
3.37837838     3.58291445     1.46324498     50103591.56687067
3.39339339     3.56309178     1.41853155     48788417.94730923
3.40840841     3.56847604     1.37331367     47442208.41750910
3.42342342     3.58837226     1.33917928     46466810.58196206
3.43843844     3.61262076     1.31430454     45803723.89328478
3.45345345     3.63932997     1.29481823     45321673.34828352
3.46846847     3.66767565     1.27904948     44964381.34224713
3.48348348     3.69974018     1.26453166     44646455.61144948
3.49849850     3.73926650     1.25526762     44510404.64108283
3.51351351     3.78196166     1.25711568     44767247.99914035
3.52852853     3.82140736     1.26879438     45376229.48458698
3.54354354     3.85524888     1.28716319     46229043.82740517
3.55855856     3.88120475     1.30941454     47227483.18451343
3.57357357     3.89908594     1.32986632     48167514.91104555
3.58858859     3.91379448     1.34567761     48944987.74558626
3.60360360     3.92690621     1.35854878     49619887.33479759
3.61861862     3.93867709     1.36549701     50081472.83570646
3.63363363     3.95575530     1.36560611     50293297.66794468
3.64864865     3.98160096     1.36469048     50467260.54548053
3.66366366     4.01519213     1.36655110     50744034.92545895
3.67867868     4.05603308     1.37470816     51256139.45562431
3.69369369     4.10013493     1.39303238     52151356.98782165
3.70870871     4.14192284     1.42085777     53409296.24581102
3.72372372     4.17867098     1.45413727     54881551.87640916
3.73873874     4.21249433     1.48915576     56429833.61855897
3.75375375     4.24722740     1.52788647     58130008.92051132
3.76876877     4.28069874     1.57598526     60199816.60832550
3.78378378     4.30452476     1.63357511     62648249.91443712
3.79879880     4.31406833     1.69228410     65157301.69937978
3.81381381     4.31354961     1.74445486     67431488.72267762
3.82882883     4.30930778     1.78934843     69439149.73800039
3.84384384     4.30368224     1.82907825     71259299.20953235
3.85885886     4.29776142     1.86400710     72903769.11547711
3.87387387     4.29359158     1.89549463     74423751.83797497
3.88888889     4.29100121     1.92635385     75928553.25180280
3.90390390     4.28702756     1.95711182     77438740.85180560
3.91891892     4.28075332     1.98364094     78790320.60347292
3.93393393     4.27793229     2.00375125     79894041.81063282
3.94894895     4.28252044     2.02324685     80979281.22021204
3.96396396     4.29087315     2.04632120     82214236.26225390
3.97897898     4.30139730     2.07183658     83554658.23706870
3.99399399     4.31489374     2.10257508     85114282.98688926
4.00900901     4.32525010     2.14205366     87038401.09322703
4.02402402     4.32464674     2.18453264     89096907.22201742
4.03903904     4.31418780     2.21945512     90858998.05173372
4.05405405     4.30253933     2.24173579     92112270.11495602
4.06906907     4.29759349     2.25329917     92930322.50498116
4.08408408     4.30481815     2.25846718     93487163.65226807
4.09909910     4.32714083     2.26492986     94099366.84868477
4.11411411     4.36104362     2.28009289     95076327.67936823
4.12912913     4.40095903     2.30561979     96491638.74742678
4.14414414     4.44466454     2.34081176     98320678.88745123
4.15915916     4.49070792     2.38662312     100608091.28611118
4.17417417     4.53653697     2.44289988     103352208.20357269
4.18918919     4.58181708     2.50890767     106526627.57023832
4.20420420     4.62594362     2.58679863     110227497.90822932
4.21921922     4.66420071     2.67818058     114529001.00542404
4.23423423     4.69154995     2.77846952     119240569.15330985
4.24924925     4.71116073     2.88107172     124082290.43058944
4.26426426     4.73049499     2.98792610     129139020.60941577
4.27927928     4.75142068     3.10801187     134802151.83133432
4.29429429     4.76708155     3.25102872     141499900.82639989
4.30930931     4.76317654     3.42023384     149385000.38204697
4.32432432     4.72507525     3.60949571     158200668.20835236
4.33933934     4.64160989     3.80627322     167404488.48868239
4.35435435     4.50588672     3.99093686     176133575.18855989
4.36936937     4.32499024     4.13624388     183175937.31837192
4.38438438     4.12720620     4.22583233     187786517.90636620
4.39939940     3.94135887     4.26885234     190347882.34365568
4.41441441     3.77978640     4.28641830     191783471.83704895
4.42942943     3.63907728     4.30034200     193060891.65334660
4.44444444     3.49829464     4.32224668     194702064.35515940
4.45945946     3.33475931     4.33555737     195961467.59712806
4.47447447     3.15581762     4.30789125     195366587.86216408
4.48948949     2.99644134     4.22837862     192404113.36913705
4.50450450     2.88714947     4.11833772     188023662.70385677
4.51951952     2.83286797     4.01239964     183797658.74434209
4.53453453     2.81718225     3.93496381     180849362.32901859
4.54954955     2.82005927     3.89554782     179630659.67602488
4.56456457     2.82203257     3.89830197     180350918.33198935
4.57957958     2.79777213     3.94002286     182880700.76154351
4.59459460     2.72095823     3.99821611     186190272.57103637
4.60960961     2.58647429     4.02865037     188220641.77769563
4.62462463     2.42896437     3.99417110     187217602.11044258
4.63963964     2.29723802     3.89855838     183329273.49360257
4.65465465     2.21611602     3.77357850     178026387.11530459
4.66966967     2.18402282     3.64933305     172720221.38024110
4.68468468     2.18857498     3.54229502     168193271.69815642
4.69969970     2.21883282     3.45989787     164807477.99571991
4.71471472     2.26525461     3.40800140     162854104.66118246
4.72972973     2.31542038     3.39098220     162556881.82428733
4.74474475     2.35461026     3.40712316     163849157.11953476
4.75975976     2.37097815     3.44893749     166384889.19659239
4.77477478     2.35507353     3.50674185     169707178.38864022
4.78978979     2.29770556     3.56501289     173069717.29687193
4.80480480     2.19963370     3.59723148     175181265.75595260
4.81981982     2.08558326     3.58046257     174909527.36226273
4.83483483     1.98979483     3.52007506     172495230.59771934
4.84984985     1.92591138     3.44065014     169126761.40329891
4.86486487     1.88831507     3.35924921     165636685.23501506
4.87987988     1.87049221     3.28094384     162274938.55230510
4.89489490     1.87031333     3.20993223     159251217.09346682
4.90990991     1.88204288     3.15169523     156841599.90042460
4.92492493     1.89795158     3.10456061     154968448.13565883
4.93993994     1.91826298     3.06369564     153394861.68661967
4.95495495     1.94676903     3.03132215     152235286.56471425
4.96996997     1.98220890     3.01403038     151825568.51066658
4.98498498     2.01779682     3.01718772     152443780.50284258
5.00000000     2.04282402     3.04170995     154145669.27110955
5.01501502     2.04612205     3.08150331     156631246.00673750
5.03003003     2.02071699     3.12444349     159289363.89974889
5.04504505     1.96597358     3.15409074     161280832.81661770
5.06006006     1.89414818     3.15297535     161703631.46388131
5.07507507     1.82923684     3.11861800     160416182.71273598
5.09009009     1.78601677     3.06701103     158228361.92176646
5.10510510     1.76146045     3.01358940     155930938.20039216
5.12012012     1.74786206     2.96118759     153670178.57797733
5.13513513     1.74567823     2.90772694     151338359.45867056
5.15015015     1.75894308     2.85829149     149200381.25349736
5.16516517     1.78370797     2.82203645     147737368.22206506
5.18018018     1.80969054     2.80074556     147048990.30295515
5.19519520     1.83077650     2.78806907     146807730.15895361
5.21021021     1.84889182     2.77746640     146672125.46203715
5.22522522     1.86989109     2.76876798     146634142.49084267
5.24024024     1.89590429     2.76811492     147020819.73178020
5.25525525     1.92214001     2.78148456     148154208.85881487
5.27027027     1.94018615     2.80999613     150100498.21666405
5.28528528     1.94181597     2.84922590     152629626.73420706
5.30030030     1.92234308     2.89048681     155279810.80484945
5.31531532     1.88174056     2.92356486     157501716.49174681
5.33033033     1.82501025     2.93815910     158735095.79154497
5.34534535     1.76394789     2.92674458     158563826.34612519
5.36036036     1.71472109     2.89193289     157117920.86280456
5.37537537     1.68602979     2.84762536     155144067.78780824
5.39039039     1.67324666     2.80633960     153321821.22477180
5.40540540     1.66862272     2.77042285     151781156.37612331
5.42042042     1.66980603     2.73880135     150465534.01003399
5.43543543     1.67529751     2.71313300     149468250.21338853
5.45045045     1.68060112     2.69349514     148796295.16117284
5.46546547     1.68325037     2.67552806     148210915.63548619
5.48048048     1.68599905     2.65552596     147507027.95441529
5.49549550     1.69272783     2.63462817     146747162.89008763
5.51051051     1.70385607     2.61590614     146102456.36774564
5.52552553     1.71837125     2.60126705     145680711.81756842
5.54054054     1.73353270     2.59226835     145571253.02311239
5.55555556     1.74633982     2.58592283     145608450.52921149
5.57057057     1.76044436     2.57939985     145633697.31811509
5.58558559     1.77854676     2.57756499     145922365.39146188
5.60060060     1.79581900     2.58483574     146727351.38165930
5.61561562     1.80512580     2.59963121     147962834.17670190
5.63063063     1.80197415     2.61440154     149201385.03265285
5.64564565     1.78984258     2.61889171     149856188.75840998
5.66066066     1.78065636     2.60978485     149732250.56114197
5.67567568     1.78272800     2.59546300     149305545.49099058
5.69069069     1.79324728     2.58405385     149042479.35739309
5.70570571     1.80847470     2.57534160     148931902.24428970
5.72072072     1.83086007     2.56935541     148976735.92424101
5.73573574     1.86117550     2.57211295     149528059.09918189
5.75075075     1.89352067     2.58831365     150863775.87961048
5.76576577     1.92143995     2.61622767     152888935.19135049
5.78078078     1.94350977     2.65226074     155398292.50062373
5.79579580     1.95983007     2.69676603     158416301.53617081
5.81081081     1.96626038     2.75105961     162024340.19461870
5.82582583     1.95659902     2.81164274     166020286.17231989
5.84084084     1.92797841     2.87069589     169944097.60273126
5.85585586     1.88260563     2.91956127     173281219.97714978
5.87087087     1.82801802     2.95223038     175669472.81645477
5.88588589     1.77319271     2.96955673     177152379.68729222
5.90090090     1.72257675     2.97641859     178014694.87808016
5.91591592     1.67711038     2.97707008     178506722.63870984
5.93093093     1.63601919     2.97486061     178826967.88955146
5.94594595     1.59666688     2.97200552     179107632.97901204
5.96096096     1.55466116     2.96702679     179259124.54064876
5.97597598     1.50983905     2.95256629     178834796.72778699
5.99099099     1.47226153     2.92420481     177561980.20455888
6.00600601     1.45275128     2.89064646     175964178.35793003
6.02102102     1.44975051     2.86683009     174950675.38703880
6.03603604     1.45071114     2.86061981     175007028.69778964
6.05105105     1.44226185     2.86784711     175885620.92388779
6.06606607     1.41930527     2.87708046     176889750.46259001
6.08108108     1.38575843     2.87857228     177419543.99308938
6.09609610     1.34955213     2.86871536     177248590.04723600
6.11111111     1.31690962     2.84987272     176518069.63449705
6.12612613     1.28986947     2.82537342     175430586.30136231
6.14114114     1.26963147     2.79729226     174112699.00568160
6.15615616     1.25736280     2.76831443     172730316.98083580
6.17117117     1.25315820     2.74198080     171504502.77394632
6.18618619     1.25490327     2.72246428     170698106.47205213
6.20120120     1.25692463     2.71168593     170434980.59214047
6.21621622     1.25438341     2.70603391     170491555.35894611
6.23123123     1.24761788     2.70124112     170600674.69176617
6.24624625     1.23776704     2.69602806     170681729.83041456
6.26126126     1.22520464     2.68862054     170621935.01385444
6.27627628     1.21243546     2.67716662     170302483.12771189
6.29129129     1.20305174     2.66272628     169789114.91377309
6.30630631     1.19818170     2.64903790     169319414.83314961
6.32132132     1.19532795     2.63846560     169045194.33853424
6.33633634     1.19269641     2.62970696     168884231.87381354
6.35135135     1.19196948     2.62252797     168822292.15005884
6.36636637     1.19297509     2.62057569     169095426.36859870
6.38138138     1.19057205     2.62576878     169830116.17230618
6.39639640     1.17963608     2.63446524     170793511.57866830
6.41141141     1.15921883     2.64042959     171582014.58437675
6.42642643     1.13267186     2.63831514     171846121.99605057
6.44144144     1.10581660     2.62626337     171460807.77532750
6.45645646     1.08399256     2.60635527     170557713.88751853
6.47147147     1.06955318     2.58309893     169428944.86713433
6.48648649     1.06176979     2.56026360     168320776.30562180
6.50150150     1.05879742     2.54027746     167393406.52690575
6.51651652     1.05758468     2.52382257     166693185.61326748
6.53153153     1.05655966     2.50856789     166067409.81655031
6.54654655     1.05796755     2.49311604     165423909.08325759
6.56156156     1.06375508     2.48019262     164943856.42025599
6.57657658     1.07191919     2.47305088     164845257.90721104
6.59159159     1.07915836     2.47212923     165160042.77803460
6.60660661     1.08295866     2.47666960     165840289.12500444
6.62162162     1.08046508     2.48482589     166764593.34342006
6.63663664     1.07051272     2.49212818     167633935.99590436
6.65165165     1.05587433     2.49511187     168214350.94993708
6.66666667     1.03919664     2.49339628     168478145.69390252
6.68168168     1.02236034     2.48643166     168385943.24885350
6.69669670     1.00867248     2.47463613     167963728.03018498
6.71171171     1.00066409     2.46161501     167454549.47770113
6.72672673     0.99662546     2.45191178     167167616.69316590
6.74174174     0.99205572     2.44613698     167146162.51393184
6.75675676     0.98514388     2.44130127     167187262.38176027
6.77177177     0.97711959     2.43579913     167181150.13026109
6.78678679     0.96870047     2.42971238     167133149.82066908
6.80180180     0.96013455     2.42305654     167044063.51734233
6.81681682     0.95149664     2.41587703     166916770.67301285
6.83183183     0.94305094     2.40775747     166722199.66019732
6.84684685     0.93599943     2.39917022     166492701.79380673
6.86186186     0.92982860     2.39202422     166360826.63296655
6.87687688     0.92220339     2.38612605     166313749.99379301
6.89189189     0.91247933     2.37905410     166182887.18934953
6.90690691     0.90261234     2.36901132     165841899.55486155
6.92192192     0.89529417     2.35671506     165339758.55086771
6.93693694     0.89156603     2.34487214     164865748.51602501
6.95195195     0.88975952     2.33604155     164600386.08309326
6.96696697     0.88679942     2.33014042     164539196.20053172
6.98198198     0.88141331     2.32479222     164515337.62942761
6.99699700     0.87454050     2.31809228     164393988.92704582
7.01201201     0.86794699     2.30959282     164142709.39528209
7.02702703     0.86278808     2.30046396     163844015.31706744
7.04204204     0.85837072     2.29167899     163567088.07383561
7.05705706     0.85441694     2.28234297     163248072.05584922
7.07207207     0.85269271     2.27243213     162885011.83054525
7.08708709     0.85427486     2.26430175     162646828.05124944
7.10210210     0.85787181     2.26109563     162760632.22807860
7.11711712     0.85901603     2.26460407     163357817.51715976
7.13213213     0.85233478     2.27169544     164215070.71517318
7.14714715     0.83699467     2.27540310     164829368.19307020
7.16216216     0.81817519     2.27078904     164840705.19060597
7.17717718     0.80219379     2.25896405     164326086.78849915
7.19219219     0.79146153     2.24422269     163595275.54071766
7.20720721     0.78514434     2.22980560     162883666.04555586
7.22222222     0.78168314     2.21707530     162291142.04186702
7.23723724     0.77991489     2.20671295     161868438.65958646
7.25225225     0.77830140     2.19918514     161650934.34741491
7.26726727     0.77508262     2.19402631     161605630.71138117
7.28228228     0.76868079     2.18969313     161619697.90730163
7.29729730     0.75891079     2.18314288     161468468.16522849
7.31231231     0.74859601     2.17203185     160977228.96512794
7.32732733     0.74119394     2.15732923     160215875.03790167
7.34234234     0.73794837     2.14177759     159386864.10819012
7.35735736     0.73797279     2.12768217     158661709.95663932
7.37237237     0.73937071     2.11549231     158074654.05130842
7.38738739     0.74180111     2.10397780     157534454.37215462
7.40240240     0.74690191     2.09347584     157066717.73251778
7.41741742     0.75467303     2.08682644     156885417.13519323
7.43243243     0.76189991     2.08560426     157110930.50854883
7.44744745     0.76578918     2.08778920     157593253.00767177
7.46246246     0.76699698     2.09111400     158162453.77328837
7.47747748     0.76638236     2.09659252     158895892.85765854
7.49249249     0.76116052     2.10512625     159863011.14377272
7.50750751     0.74809021     2.11333535     160808025.36806130
7.52252252     0.72812254     2.11543961     161290078.81575027
7.53753754     0.70687164     2.10832907     161068795.36693960
7.55255255     0.68979170     2.09434577     160319247.25683641
7.56756757     0.67830550     2.07786817     159374128.32923621
7.58258258     0.67101515     2.06182626     158457478.85580131
7.59759760     0.66594737     2.04704948     157633367.77929842
7.61261261     0.66176643     2.03319152     156875652.21379575
7.62762763     0.65782040     2.01922536     156105355.17567235
7.64264264     0.65482426     2.00394086     155228685.50242126
7.65765766     0.65442833     1.98748341     154256326.50011379
7.67267267     0.65744946     1.97121528     153293681.41341591
7.68768769     0.66399793     1.95622846     152425921.52287042
7.70270270     0.67451205     1.94410806     151777383.44906315
7.71771772     0.68798396     1.93777283     151577687.66307309
7.73273273     0.70060601     1.93918159     151982996.83528468
7.74774775     0.70742796     1.94674484     152872029.39213774
7.76276276     0.70616775     1.95523456     153836257.15519732
7.77777778     0.69943163     1.95992052     154503213.10328296
7.79279279     0.69142890     1.96027535     154829508.00990963
7.80780781     0.68404585     1.95827734     154969716.19728789
7.82282282     0.67696943     1.95523436     155026463.90345889
7.83783784     0.67010590     1.95097660     154985781.97089499
7.85285285     0.66437256     1.94628096     154908952.91140923
7.86786787     0.65860850     1.94288161     154934066.97010374
7.88288288     0.65045044     1.93973216     154978112.24541911
7.89789790     0.64017092     1.93428641     154837382.76986250
7.91291291     0.62953624     1.92569823     154442969.28022331
7.92792793     0.61983357     1.91406022     153800878.67086110
7.94294294     0.61238025     1.89978690     152943088.41671395
7.95795796     0.60810834     1.88416874     151972483.56718227
7.97297297     0.60684370     1.86839549     150984591.36661363
7.98798799     0.60857282     1.85284978     150010320.82174966
8.00300300     0.61382643     1.83866116     149141397.03793809
8.01801802     0.62188257     1.82764688     148526122.66934723
8.03303303     0.63105652     1.82061987     148232132.39911464
8.04804805     0.63983213     1.81759480     148262444.92093301
8.06306306     0.64676880     1.81826245     148593615.98013240
8.07807808     0.65027483     1.82170835     149152460.24882039
8.09309309     0.64926610     1.82582855     149767663.27963513
8.10810811     0.64449731     1.82818875     150239485.78049949
8.12312312     0.63771462     1.82792401     150495910.09780645
8.13813814     0.62991889     1.82486924     150522122.52508089
8.15315315     0.62243475     1.81858879     150280847.12938011
8.16816817     0.61721686     1.80981726     149831428.86434177
8.18318318     0.61513966     1.80063109     149344949.96702674
8.19819820     0.61555243     1.79303027     148987406.19757774
8.21321321     0.61679448     1.78826440     148863543.38079089
8.22822823     0.61659433     1.78632100     148973615.44383493
8.24324324     0.61310493     1.78558408     149183896.47322881
8.25825826     0.60588419     1.78348821     149280206.77170062
8.27327327     0.59639365     1.77751998     149051168.90235025
8.28828829     0.58756366     1.76689590     148429196.81514585
8.30330330     0.58181686     1.75283319     147514603.52491736
8.31831832     0.58040930     1.73739591     146479839.90290475
8.33333333     0.58329643     1.72302424     145530381.08361867
8.34834835     0.58889930     1.71157218     144823589.33543473
8.36336336     0.59499348     1.70320061     144374434.29769358
8.37837838     0.60042861     1.69650963     144065444.99345845
8.39339339     0.60600917     1.69039954     143803835.44761026
8.40840841     0.61284976     1.68599337     143685580.13074729
8.42342342     0.61941251     1.68537582     143889438.20030430
8.43843844     0.62224948     1.68768094     144343076.34070185
8.45345345     0.62046927     1.68911638     144722902.46242899
8.46846847     0.61657071     1.68723558     144818526.92461026
8.48348348     0.61313687     1.68249946     144668066.59908730
8.49849850     0.61105117     1.67628548     144388867.31796744
8.51351351     0.61033671     1.66953527     144061506.63929707
8.52852853     0.61074246     1.66295874     143747104.86610630
8.54354354     0.61147947     1.65694068     143479060.46459794
8.55855856     0.61179896     1.65069845     143189738.62468779
8.57357357     0.61241090     1.64314481     142784558.64545843
8.58858859     0.61464230     1.63446016     142278626.99371928
8.60360360     0.61921264     1.62559544     141754348.34216926
8.61861862     0.62624267     1.61764314     141307075.61357281
8.63363363     0.63557777     1.61159805     141024274.28279307
8.64864865     0.64659539     1.60907065     141047987.09817630
8.66366366     0.65658083     1.61103062     141464967.83983842
8.67867868     0.66295871     1.61526548     142082649.22915280
8.69369369     0.66630743     1.61880787     142640603.39530435
8.70870871     0.66855984     1.62067148     143051454.77072671
8.72372372     0.67132766     1.62096123     143323715.10627508
8.73873874     0.67637546     1.62066932     143544544.74142990
8.75375375     0.68447697     1.62274584     143975420.07922891
8.76876877     0.69300376     1.63017860     144882967.18520477
8.78378378     0.69771567     1.64242477     146221302.27205062
8.79879880     0.69645784     1.65620697     147700348.38653207
8.81381381     0.68965001     1.66805887     149011151.45777524
8.82882883     0.67965548     1.67563172     149942654.93451032
8.84384384     0.66963034     1.67876976     150478942.21607479
8.85885886     0.66168465     1.67936048     150787464.12724271
8.87387387     0.65593609     1.67980455     151082976.07666844
8.88888889     0.65103537     1.68173003     151512087.74487031
8.90390390     0.64468023     1.68531621     152091655.59391358
8.91891892     0.63533654     1.68837278     152624440.22064093
8.93393393     0.62433610     1.68868298     152909471.86760980
8.94894895     0.61350110     1.68637253     152956900.62171182
8.96396396     0.60335286     1.68202014     152818107.88764024
8.97897898     0.59429429     1.67562806     152492366.65591204
8.99399399     0.58746257     1.66723671     151982429.18193936
9.00900901     0.58437973     1.65844464     151433348.81607863
9.02402402     0.58434374     1.65222786     151117134.56299394
9.03903904     0.58420427     1.64951305     151119860.24188623
9.05405405     0.58180956     1.64824318     151254357.93580267
9.06906907     0.57776578     1.64595219     151294608.30544630
9.08408408     0.57424247     1.64218033     151197815.89539063
9.09909910     0.57230581     1.63861396     151118825.64629573
9.11411411     0.57088423     1.63665944     151187646.34742585
9.12912913     0.56853002     1.63606591     151381801.96451738
9.14414414     0.56470258     1.63578986     151605201.17018020
9.15915916     0.55977214     1.63500711     151781477.59313771
9.17417417     0.55415925     1.63368627     151907482.07326087
9.18918919     0.54760841     1.63161261     151962969.96084872
9.20420420     0.54046812     1.62771772     151847925.34072042
9.21921922     0.53446794     1.62168640     151532064.69077000
9.23423423     0.53096564     1.61509757     151162189.85447109
9.24924925     0.52942630     1.60999082     150929247.68734238
9.26426426     0.52795477     1.60718136     150910461.70708498
9.27927928     0.52488332     1.60560924     151007191.46401757
9.29429429     0.52038674     1.60366215     151068119.62332603
9.30930931     0.51541459     1.60126924     151086390.42201087
9.32432432     0.50948851     1.59890211     151106369.49071777
9.33933934     0.50180628     1.59536996     151015349.64970618
9.35435435     0.49350445     1.58888766     150643547.29261860
9.36936937     0.48709418     1.57946589     149990632.72204787
9.38438438     0.48407683     1.56924860     149259183.92418930
9.39939940     0.48365044     1.56062872     148676806.83057681
9.41441441     0.48348250     1.55417654     148298646.06994063
9.42942943     0.48229956     1.54803017     147947748.32332143
9.44444444     0.48167311     1.54064829     147476712.23484427
9.45945946     0.48356870     1.53333567     147010069.95235661
9.47447447     0.48752812     1.52854058     146782955.27550146
9.48948949     0.49138864     1.52722876     146889403.75571844
9.50450450     0.49318137     1.52871057     147264570.24258420
9.51951952     0.49178453     1.53148025     147764447.48130363
9.53453454     0.48693218     1.53372622     148214558.03002009
9.54954955     0.47947232     1.53350467     148426523.44550315
9.56456456     0.47161277     1.53004881     148324882.48149386
9.57957958     0.46488547     1.52445711     148014814.68462685
9.59459460     0.45942141     1.51763844     147583727.11029229
9.60960961     0.45556333     1.50992423     147063339.83101073
9.62462462     0.45387115     1.50239210     146558367.01347679
9.63963964     0.45356910     1.49679125     146239791.93902808
9.65465465     0.45223333     1.49341122     146136828.90049276
9.66966967     0.44834505     1.49001419     146031170.98546344
9.68468469     0.44319171     1.48424594     145691723.37276068
9.69969970     0.43918869     1.47611682     145118420.66251642
9.71471471     0.43722993     1.46732055     144476954.15801308
9.72972973     0.43659731     1.45874706     143854779.31784147
9.74474475     0.43708855     1.45013808     143226490.34490335
9.75975976     0.43926375     1.44175608     142618033.58742759
9.77477477     0.44325326     1.43456921     142125429.51355773
9.78978979     0.44841882     1.42951499     141842248.00043553
9.80480480     0.45367818     1.42695569     141805464.07867733
9.81981982     0.45803447     1.42670400     141997573.46224362
9.83483484     0.46066680     1.42827035     142370829.85456622
9.84984985     0.46097151     1.43094176     142854883.88172489
9.86486486     0.45839201     1.43382475     143360906.08455783
9.87987988     0.45269331     1.43526370     143723204.65335020
9.89489490     0.44515631     1.43342968     143757696.11437893
9.90990991     0.43810189     1.42795297     143425752.13304609
9.92492492     0.43330581     1.41995476     142838494.69318557
9.93993994     0.43158544     1.41113007     142165537.29705554
9.95495495     0.43261919     1.40345566     141605956.25985286
9.96996997     0.43469457     1.39805010     141273306.65716603
9.98498499     0.43617836     1.39425739     141102236.33305249
10.00000000     0.43691156     1.39085060     140969126.47027940
10.01501501     0.43749314     1.38753338     140844071.05431411
10.03003003     0.43797419     1.38462314     140759379.80275539
10.04504505     0.43797469     1.38200677     140703721.15946931
10.06006006     0.43753808     1.37923281     140631198.67211422
10.07507508     0.43700230     1.37618898     140530274.22789249
10.09009009     0.43655065     1.37301473     140415084.29003114
10.10510510     0.43615681     1.36990014     140305039.01202318
10.12012012     0.43552562     1.36682931     140198535.29084393
10.13513514     0.43461256     1.36325453     140039328.67607820
10.15015015     0.43416418     1.35885507     139794193.41423926
10.16516516     0.43494879     1.35425441     139526989.48571539
10.18018018     0.43681957     1.35052748     139348537.23564193
10.19519520     0.43884024     1.34806012     139299106.87672281
10.21021021     0.44043174     1.34644313     139336925.38895667
10.22522523     0.44149876     1.34538576     139432249.89540216
10.24024024     0.44181771     1.34469009     139564792.68470395
10.25525525     0.44124566     1.34383493     139680546.01044160
10.27027027     0.44013505     1.34215207     139709881.63148153
10.28528529     0.43950901     1.33946973     139634511.85536137
10.30030030     0.44007320     1.33675783     139555240.01865989
10.31531531     0.44129303     1.33487922     139562263.35533723
10.33033033     0.44271536     1.33380839     139653292.60330093
10.34534535     0.44420263     1.33384774     139860403.58961686
10.36036036     0.44490487     1.33520561     140205979.01779789
10.37537538     0.44407073     1.33711360     140609819.55716702
10.39039039     0.44192155     1.33858681     140968451.94118136
10.40540540     0.43921214     1.33943920     141262059.80187634
10.42042042     0.43600439     1.34009383     141535040.99092332
10.43543544     0.43188752     1.34018910     141749058.74038857
10.45045045     0.42741904     1.33901898     141829074.07038581
10.46546546     0.42353025     1.33691933     141810137.49451751
10.48048048     0.42025493     1.33471532     141779474.59839475
10.49549550     0.41708660     1.33264276     141762125.37228078
10.51051051     0.41379962     1.33050747     141737462.31074822
10.52552553     0.41026694     1.32814188     141687580.97919652
10.54054054     0.40664542     1.32499607     141553626.44590852
10.55555556     0.40388999     1.32113778     141342488.21788985
10.57057057     0.40223548     1.31764141     141168951.91510201
10.58558559     0.40093776     1.31515038     141102214.51806724
10.60060060     0.39910426     1.31359943     141135722.22312781
10.61561562     0.39609909     1.31217591     141182468.88483700
10.63063063     0.39239809     1.30984736     141131267.70891228
10.64564565     0.38901456     1.30676251     140997755.25977546
10.66066066     0.38589216     1.30364324     140859584.31897110
10.67567568     0.38260127     1.30031905     140698290.88920125
10.69069069     0.37944050     1.29650594     140483008.67656460
10.70570571     0.37655890     1.29252984     140248881.31374460
10.72072072     0.37363935     1.28823917     139979361.13204840
10.73573574     0.37116601     1.28321218     139628416.38164204
10.75075075     0.36977177     1.27795478     139250834.56549552
10.76576577     0.36935604     1.27314587     138920589.92452285
10.78078078     0.36960927     1.26919054     138682150.82572719
10.79579580     0.37000429     1.26640499     138570505.20961633
10.81081081     0.36986418     1.26465557     138571542.80832624
10.82582583     0.36882393     1.26353588     138641146.10216245
10.84084084     0.36660185     1.26264769     138735844.37077418
10.85585586     0.36303196     1.26123841     138772937.67582384
10.87087087     0.35867896     1.25846937     138659781.85638785
10.88588589     0.35451750     1.25424714     138385447.44936490
10.90090090     0.35115709     1.24899861     137996436.17558011
10.91591592     0.34889859     1.24331155     137557310.63702741
10.93093093     0.34751829     1.23777821     137133483.23905638
10.94594595     0.34664794     1.23237339     136722230.89440128
10.96096096     0.34649100     1.22700303     136313161.38094676
10.97597598     0.34721807     1.22209760     135954179.99361160
10.99099099     0.34856928     1.21811007     135695958.34195319
11.00600601     0.35008510     1.21535191     135573659.26109543
11.02102102     0.35094416     1.21383850     135589564.46715266
11.03603604     0.35049412     1.21269290     135646149.34141132
11.05105105     0.34930380     1.21092270     135632426.04585469
11.06606607     0.34832937     1.20881475     135580282.63356668
11.08108108     0.34734602     1.20721002     135584014.20655799
11.09609610     0.34550046     1.20593090     135623878.03545833
11.11111111     0.34265145     1.20414216     135605960.51192945
11.12612613     0.33929950     1.20118989     135456288.61674023
11.14114114     0.33638161     1.19690098     135154784.37757730
11.15615616     0.33474453     1.19197514     134779955.16064256
11.17117117     0.33427399     1.18753689     134458834.08307871
11.18618619     0.33404052     1.18396723     134234841.01480073
11.20120120     0.33350725     1.18073730     134048329.39343604
11.21621622     0.33285749     1.17736097     133844192.65266155
11.23123123     0.33258892     1.17372391     133609348.07651690
11.24624625     0.33317962     1.17039616     133408653.91714656
11.26126126     0.33422065     1.16819758     133335828.22133075
11.27627628     0.33491435     1.16723266     133403328.44717099
11.29129129     0.33468104     1.16732472     133591497.80938506
11.30630631     0.33277675     1.16806482     133853957.63599108
11.32132132     0.32865759     1.16824413     134052293.82804042
11.33633634     0.32296893     1.16622089     133997613.48519492
11.35135135     0.31768955     1.16128460     133607167.96637310
11.36636637     0.31472508     1.15463959     133018369.19273241
11.38138138     0.31421889     1.14836319     132470069.54758596
11.39639640     0.31498372     1.14356712     132090849.47504014
11.41141141     0.31587228     1.14027021     131883561.90459405
11.42642643     0.31617529     1.13799414     131793495.81075333
11.44144144     0.31566969     1.13611576     131748855.72972342
11.45645646     0.31448621     1.13417058     131695886.63750598
11.47147147     0.31287179     1.13192773     131607716.18032363
11.48648649     0.31104729     1.12929012     131472904.85530719
11.50150150     0.30927008     1.12621181     131285917.36843850
11.51651652     0.30787907     1.12284592     131064424.86774929
11.53153153     0.30699455     1.11969819     130867404.94270326
11.54654655     0.30612809     1.11720661     130746217.14933991
11.56156156     0.30456976     1.11510306     130669740.41711919
11.57657658     0.30218563     1.11252028     130536393.88147911
11.59159159     0.29982558     1.10882249     130271262.96624140
11.60660661     0.29861581     1.10461956     129945582.13724460
11.62162162     0.29844364     1.10141039     129735677.46145241
11.63663664     0.29770624     1.09981544     129715182.24373490
11.65165165     0.29498783     1.09860920     129740106.35517085
11.66666667     0.29058169     1.09588825     129585552.39463645
11.68168168     0.28619854     1.09078749     129148403.16606650
11.69669670     0.28344162     1.08414691     128527154.40274650
11.71171171     0.28248808     1.07745399     127897670.25702591
11.72672673     0.28258306     1.07137960     127339665.04457203
11.74174174     0.28326693     1.06579457     126838048.55626343
11.75675676     0.28464711     1.06070163     126393370.73164578
11.77177177     0.28657466     1.05659527     126064853.38127711
11.78678679     0.28832335     1.05358946     125866562.47892290
11.80180180     0.28946872     1.05113967     125733866.26976769
11.81681682     0.29020798     1.04873686     125606050.27731416
11.83183183     0.29104745     1.04638125     125483165.14118180
11.84684685     0.29208335     1.04475330     125446934.27828389
11.86186186     0.29234867     1.04422585     125542515.29511821
11.87687688     0.29095758     1.04380658     125650959.13869201
11.89189189     0.28846805     1.04216694     125612184.53866246
11.90690691     0.28624621     1.03923977     125417529.83868040
11.92192192     0.28472948     1.03605030     125190287.76860525
11.93693694     0.28325024     1.03299973     124978881.62881206
11.95195195     0.28159323     1.02950846     124713159.85085744
11.96696697     0.28044042     1.02532606     124362549.07171957
11.98198198     0.28041362     1.02110424     124005876.22277673
11.99699700     0.28126640     1.01792599     123774812.81527215
12.01201201     0.28175760     1.01626541     123727553.40292585
12.02702703     0.28073514     1.01525065     123758515.16174559
12.04204204     0.27831172     1.01351184     123700794.76857983
12.05705706     0.27546597     1.01047807     123484296.60741983
12.07207207     0.27290738     1.00640995     123140316.39865360
12.08708709     0.27088033     1.00155225     122698368.64242688
12.10210210     0.26975776     0.99608308     122179938.12200812
12.11711712     0.26985740     0.99058593     121656407.64771934
12.13213213     0.27092371     0.98579455     121217987.22196566
12.14714715     0.27227964     0.98194218     120893718.38527471
12.16216216     0.27347594     0.97878707     120654226.29616469
12.17717718     0.27437560     0.97600436     120459736.40892200
12.19219219     0.27509976     0.97340600     120287180.75301473
12.20720721     0.27568443     0.97106785     120146028.45381118
12.22222222     0.27599359     0.96892638     120028528.43725009
12.23723724     0.27607149     0.96690856     119925713.02716389
12.25225225     0.27574114     0.96505482     119842659.93192421
12.26726727     0.27483796     0.96295651     119728633.82208094
12.28228228     0.27376572     0.96027275     119541087.99176791
12.29729730     0.27290110     0.95720126     119304399.67315236
12.31231231     0.27220833     0.95393807     119042853.27526267
12.32732733     0.27171226     0.95038245     118743777.20630418
12.34234234     0.27172220     0.94654078     118407836.17584999
12.35735736     0.27255954     0.94276821     118079378.76789038
12.37237237     0.27424578     0.93974585     117843850.05585872
12.38738739     0.27612410     0.93820304     117793161.85000320
12.40240240     0.27688635     0.93805895     117917828.73071438
12.41741742     0.27579667     0.93801060     118054501.45039839
12.43243243     0.27355842     0.93685287     118051368.20364891
12.44744745     0.27116083     0.93459231     117908748.54792367
12.46246246     0.26882077     0.93156222     117668239.15721771
12.47747748     0.26670256     0.92763439     117313275.25387904
12.49249249     0.26540668     0.92293945     116859986.27112933
12.50750751     0.26516493     0.91822077     116402259.78678574
12.52252252     0.26539329     0.91389236     115992629.77840348
12.53753754     0.26586295     0.90940108     115560985.95954429
12.55255255     0.26752348     0.90470452     115101858.06917670
12.56756757     0.27068250     0.90133374     114810175.50914174
12.58258258     0.27362069     0.90028009     114812972.50088163
12.59759760     0.27478005     0.90030792     114953534.66214712
12.61261261     0.27458055     0.89990570     115039129.09124641
12.62762763     0.27392741     0.89895429     115054312.45491193
12.64264264     0.27291634     0.89771223     115031962.80283955
12.65765766     0.27151976     0.89595165     114942712.78336501
12.67267267     0.27010813     0.89342761     114754866.57006767
12.68768769     0.26928140     0.89025126     114482368.16304877
12.70270270     0.26942582     0.88717627     114221951.28738996
12.71771772     0.26996505     0.88501345     114078178.65789600
12.73273273     0.26995282     0.88358616     114028668.66405548
12.74774775     0.26917098     0.88215842     113978665.99595512
12.76276276     0.26789381     0.88033578     113877146.76980038
12.77777778     0.26635489     0.87791118     113697113.18670279
12.79279279     0.26498616     0.87465215     113408147.61243755
12.80780781     0.26457059     0.87081767     113043491.05365317
12.82282282     0.26532640     0.86749931     112744744.44850478
12.83783784     0.26627916     0.86542996     112607504.76657759
12.85285285     0.26641302     0.86405377     112559933.93028072
12.86786787     0.26585494     0.86237164     112472043.47492531
12.88288288     0.26548606     0.86022651     112323184.70735365
12.89789790     0.26570844     0.85851510     112230370.68126959
12.91291291     0.26554248     0.85802917     112297425.04372044
12.92792793     0.26370527     0.85799843     112423976.45266251
12.94294294     0.26025345     0.85689507     112409808.62376818
12.95795796     0.25638489     0.85387540     112143625.37975807
12.97297297     0.25338565     0.84933998     111677222.62695393
12.98798799     0.25156776     0.84424369     111135607.34870845
13.00300300     0.25071410     0.83903145     110577159.80212149
13.01801802     0.25075899     0.83397097     110037147.92444338
13.03303303     0.25146279     0.82935304     109554056.32801181
13.04804805     0.25259794     0.82513643     109122632.49511731
13.06306306     0.25428911     0.82143470     108758094.90487213
13.07807808     0.25624060     0.81875210     108527520.14643693
13.09309309     0.25763572     0.81695492     108413626.42481460
13.10810811     0.25832661     0.81522126     108307626.47983542
13.12312312     0.25897573     0.81325106     108169635.19669476
13.13813814     0.25997535     0.81162765     108077224.42647095
13.15315315     0.26077890     0.81098596     108115195.97709134
13.16816817     0.26043014     0.81102557     108243901.58827402
13.18318318     0.25872718     0.81076553     108332580.47659078
13.19819820     0.25618498     0.80958080     108297485.40646698
13.21321321     0.25340327     0.80734323     108121029.96213625
13.22822823     0.25083105     0.80424113     107827983.15520464
13.24324324     0.24863080     0.80060719     107462605.90405896
13.25825826     0.24665562     0.79661587     107048097.65628366
13.27327327     0.24484183     0.79200138     106548539.45497051
13.28828829     0.24379623     0.78655690     105935790.14085048
13.30330330     0.24415832     0.78102508     105309608.35766852
13.31831832     0.24550162     0.77644148     104809740.52478307
13.33333333     0.24672556     0.77296731     104458404.61578578
13.34834835     0.24713467     0.76976645     104142988.92137872
13.36336336     0.24713986     0.76581889     103725461.57155755
13.37837838     0.24784453     0.76105294     103195763.02972214
13.39339339     0.24978666     0.75635552     102673917.44327095
13.40840841     0.25259858     0.75251788     102267485.19153547
13.42342342     0.25565554     0.74975039     102005482.47099863
13.43843844     0.25849681     0.74794348     101873472.97213402
13.45345345     0.26074290     0.74685874     101839386.25924484
13.46846847     0.26219474     0.74598014     101833109.67477733
13.48348348     0.26316781     0.74482952     101789389.89674988
13.49849850     0.26413811     0.74341591     101709341.31964031
13.51351351     0.26534853     0.74205812     101636505.97501554
13.52852853     0.26669366     0.74115280     101625300.63493554
13.54354354     0.26778466     0.74086843     101699055.65660928
13.55855856     0.26821000     0.74107507     101840201.18741700
13.57357357     0.26766447     0.74137001     101993557.29121006
13.58858859     0.26619063     0.74115133     102076264.14610645
13.60360360     0.26428295     0.73994249     102022382.01182102
13.61861862     0.26277748     0.73781738     101841658.52955969
13.63363363     0.26200454     0.73567350     101657694.64849116
13.64864865     0.26120729     0.73403652     101543200.84349878
13.66366366     0.25981156     0.73239010     101426900.26255356
13.67867868     0.25796948     0.73018026     101231987.17817265
13.69369369     0.25605699     0.72708964     100914156.37060575
13.70870871     0.25474073     0.72306030     100464954.21981536
13.72372372     0.25461629     0.71871826     99971030.93635295
13.73873874     0.25548585     0.71496262     99557440.80252233
13.75375375     0.25655451     0.71209402     99266362.75799921
13.76876877     0.25727482     0.70966067     99035150.80406472
13.78378378     0.25780137     0.70716317     98794236.79336350
13.79879880     0.25846942     0.70460193     98543648.13007273
13.81381381     0.25936599     0.70216251     98309335.04115812
13.82882883     0.26046565     0.69997545     98109652.58541909
13.84384384     0.26173198     0.69820881     97968292.60221712
13.85885886     0.26287385     0.69708772     97917074.81512196
13.87387387     0.26339625     0.69637994     97923633.80813245
13.88888889     0.26334563     0.69550500     97906445.36626729
13.90390390     0.26319753     0.69437890     97853598.03874385
13.91891892     0.26302194     0.69332999     97811296.40025599
13.93393393     0.26257432     0.69235265     97778784.21137789
13.94894895     0.26191668     0.69123463     97726084.69505954
13.96396396     0.26125912     0.69010070     97670792.76991023
13.97897898     0.26041196     0.68923354     97652953.36718024
13.99399399     0.25896091     0.68850433     97654415.56131294
14.00900901     0.25678273     0.68749687     97616147.41922334
14.02402402     0.25399409     0.68585386     97487236.75991808
14.03903904     0.25085946     0.68324618     97220559.70738208
14.05405405     0.24788907     0.67954927     96797935.53257884
14.06906907     0.24543981     0.67501726     96255103.45559894
14.08408408     0.24358894     0.66973389     95603636.07564357
14.09909910     0.24277241     0.66366866     94838831.64995944
14.11411411     0.24357240     0.65740563     94043886.53710537
14.12912913     0.24584769     0.65194064     93361317.85943170
14.14414414     0.24881632     0.64769868     92852416.46659280
14.15915916     0.25194386     0.64454427     92498298.36981016
14.17417417     0.25489013     0.64229292     92272953.50230579
14.18918919     0.25752265     0.64055225     92120368.53553313
14.20420420     0.26017163     0.63918047     92020360.66807131
14.21921922     0.26296978     0.63863556     92039101.75258429
14.23423423     0.26534537     0.63937551     92243045.56635132
14.24924925     0.26637627     0.64114620     92596075.59245217
14.26426426     0.26563198     0.64300424     92962273.15551731
14.27927928     0.26342106     0.64409548     93218060.74918105
14.29429429     0.26027295     0.64394239     93293903.03911711
14.30930931     0.25692366     0.64224582     93145844.85371365
14.32432432     0.25430046     0.63936090     92824739.91354352
14.33933934     0.25258520     0.63624841     92469685.18583478
14.35435435     0.25115467     0.63333426     92142538.10128960
14.36936937     0.24961349     0.63028863     91795354.99730138
14.38438438     0.24815171     0.62677811     91379468.29614136
14.39939940     0.24703921     0.62285141     90901773.49745305
14.41441441     0.24640106     0.61854995     90368132.35711443
14.42942943     0.24657459     0.61400336     89797331.74287950
14.44444444     0.24770536     0.60976826     89270749.14505114
14.45945946     0.24944371     0.60632043     88858256.33060227
14.47447447     0.25126570     0.60382420     88584317.45623873
14.48948949     0.25258404     0.60204054     88414266.48645267
14.50450450     0.25329844     0.60031178     88251742.17464918
14.51951952     0.25388293     0.59842108     88064861.58033925
14.53453454     0.25442512     0.59667130     87898163.70526187
14.54954955     0.25464422     0.59494425     87734285.61106029
14.56456456     0.25478672     0.59286306     87517605.01730905
14.57957958     0.25536303     0.59067130     87283950.76990286
14.59459460     0.25627509     0.58896142     87120911.80313693
14.60960961     0.25701045     0.58787237     87049279.97702181
14.62462462     0.25729546     0.58719661     87038578.40418956
14.63963964     0.25693723     0.58685334     87077007.54936163
14.65465465     0.25551159     0.58647132     87109574.96484213
14.66966967     0.25313088     0.58514636     87001826.16890556
14.68468469     0.25076894     0.58246404     86691650.45995842
14.69969970     0.24920688     0.57900144     86264405.55811308
14.71471471     0.24838743     0.57548195     85827621.53006738
14.72972973     0.24793250     0.57209337     85409311.11000626
14.74474475     0.24775320     0.56872790     84993422.80075783
14.75975976     0.24798984     0.56546547     84591924.91456735
14.77477477     0.24863003     0.56268834     84262105.60780767
14.78978979     0.24913792     0.56074940     84057088.08561774
14.80480480     0.24872159     0.55926702     83919989.20629975
14.81981982     0.24735082     0.55728951     83708068.06305662
14.83483484     0.24565605     0.55441378     83360490.38064121
14.84984985     0.24403914     0.55063809     82876583.77597658
14.86486486     0.24297325     0.54590964     82247983.22623269
14.87987988     0.24310952     0.54062515     81534083.37491980
14.89489490     0.24459100     0.53571923     80875729.03729902
14.90990991     0.24668138     0.53182280     80368432.92729782
14.92492492     0.24874773     0.52857983     79958799.22638482
14.93993994     0.25102638     0.52574027     79609266.79337582
14.95495495     0.25350527     0.52377541     79391451.12586337
14.96996997     0.25548016     0.52285065     79330850.11339404
14.98498499     0.25640052     0.52243660     79347534.19392593
15.00000000     0.25622026     0.52189259     79344333.98106043

