# energy grid [eV]  eels components [arbitrary units]
#
    0.000000000    0.000000000    0.000000000    0.000000000
    0.015015015    0.000077101    0.000077101    0.000077101
    0.030030030    0.000155147    0.000155147    0.000155147
    0.045045045    0.000235126    0.000235126    0.000235126
    0.060060060    0.000318116    0.000318116    0.000318116
    0.075075075    0.000405336    0.000405336    0.000405336
    0.090090090    0.000498218    0.000498218    0.000498218
    0.105105105    0.000598494    0.000598494    0.000598494
    0.120120120    0.000708318    0.000708318    0.000708318
    0.135135135    0.000830434    0.000830434    0.000830434
    0.150150150    0.000968421    0.000968421    0.000968421
    0.165165165    0.001127053    0.001127053    0.001127053
    0.180180180    0.001312833    0.001312833    0.001312833
    0.195195195    0.001534824    0.001534824    0.001534824
    0.210210210    0.001805933    0.001805933    0.001805933
    0.225225225    0.002144959    0.002144959    0.002144959
    0.240240240    0.002579851    0.002579851    0.002579851
    0.255255255    0.003152850    0.003152850    0.003152850
    0.270270270    0.003928073    0.003928073    0.003928073
    0.285285285    0.005000352    0.005000352    0.005000352
    0.300300300    0.006495247    0.006495247    0.006495247
    0.315315315    0.008518224    0.008518224    0.008518224
    0.330330330    0.010942819    0.010942819    0.010942819
    0.345345345    0.013001369    0.013001369    0.013001369
    0.360360360    0.013438676    0.013438676    0.013438676
    0.375375375    0.012029813    0.012029813    0.012029813
    0.390390390    0.009941067    0.009941067    0.009941067
    0.405405405    0.008162421    0.008162421    0.008162421
    0.420420420    0.006972635    0.006972635    0.006972635
    0.435435435    0.006326260    0.006326260    0.006326260
    0.450450450    0.006132249    0.006132249    0.006132249
    0.465465465    0.006331605    0.006331605    0.006331605
    0.480480480    0.006893808    0.006893808    0.006893808
    0.495495495    0.007814648    0.007814648    0.007814648
    0.510510511    0.009169217    0.009169217    0.009169217
    0.525525526    0.011079674    0.011079674    0.011079674
    0.540540541    0.013403489    0.013403489    0.013403489
    0.555555556    0.015316958    0.015316958    0.015316958
    0.570570571    0.015659600    0.015659600    0.015659600
    0.585585586    0.014424873    0.014424873    0.014424873
    0.600600601    0.012843622    0.012843622    0.012843622
    0.615615616    0.011879649    0.011879649    0.011879649
    0.630630631    0.011786658    0.011786658    0.011786658
    0.645645646    0.012348288    0.012348288    0.012348288
    0.660660661    0.012999655    0.012999655    0.012999655
    0.675675676    0.013216633    0.013216633    0.013216633
    0.690690691    0.012897299    0.012897299    0.012897299
    0.705705706    0.012094077    0.012094077    0.012094077
    0.720720721    0.011100837    0.011100837    0.011100837
    0.735735736    0.010393834    0.010393834    0.010393834
    0.750750751    0.010155228    0.010155228    0.010155228
    0.765765766    0.010210442    0.010210442    0.010210442
    0.780780781    0.010376784    0.010376784    0.010376784
    0.795795796    0.010794256    0.010794256    0.010794256
    0.810810811    0.011687538    0.011687538    0.011687538
    0.825825826    0.012984469    0.012984469    0.012984469
    0.840840841    0.014310252    0.014310252    0.014310252
    0.855855856    0.015317153    0.015317153    0.015317153
    0.870870871    0.015782776    0.015782776    0.015782776
    0.885885886    0.015742459    0.015742459    0.015742459
    0.900900901    0.015724780    0.015724780    0.015724780
    0.915915916    0.016028457    0.016028457    0.016028457
    0.930930931    0.016261104    0.016261104    0.016261104
    0.945945946    0.016027133    0.016027133    0.016027133
    0.960960961    0.015416820    0.015416820    0.015416820
    0.975975976    0.014525976    0.014525976    0.014525976
    0.990990991    0.013400430    0.013400430    0.013400430
    1.006006006    0.012349624    0.012349624    0.012349624
    1.021021021    0.011686989    0.011686989    0.011686989
    1.036036036    0.011375120    0.011375120    0.011375120
    1.051051051    0.011245248    0.011245248    0.011245248
    1.066066066    0.011360847    0.011360847    0.011360847
    1.081081081    0.011842125    0.011842125    0.011842125
    1.096096096    0.012618293    0.012618293    0.012618293
    1.111111111    0.013616247    0.013616247    0.013616247
    1.126126126    0.014870811    0.014870811    0.014870811
    1.141141141    0.016224588    0.016224588    0.016224588
    1.156156156    0.017364870    0.017364870    0.017364870
    1.171171171    0.018111414    0.018111414    0.018111414
    1.186186186    0.018385959    0.018385959    0.018385959
    1.201201201    0.018210515    0.018210515    0.018210515
    1.216216216    0.017477318    0.017477318    0.017477318
    1.231231231    0.016215195    0.016215195    0.016215195
    1.246246246    0.015023389    0.015023389    0.015023389
    1.261261261    0.014471968    0.014471968    0.014471968
    1.276276276    0.014596732    0.014596732    0.014596732
    1.291291291    0.015031344    0.015031344    0.015031344
    1.306306306    0.015321603    0.015321603    0.015321603
    1.321321321    0.015090391    0.015090391    0.015090391
    1.336336336    0.014311891    0.014311891    0.014311891
    1.351351351    0.013399901    0.013399901    0.013399901
    1.366366366    0.012771554    0.012771554    0.012771554
    1.381381381    0.012577707    0.012577707    0.012577707
    1.396396396    0.012880581    0.012880581    0.012880581
    1.411411411    0.013790102    0.013790102    0.013790102
    1.426426426    0.015287722    0.015287722    0.015287722
    1.441441441    0.017125540    0.017125540    0.017125540
    1.456456456    0.018872698    0.018872698    0.018872698
    1.471471471    0.020021160    0.020021160    0.020021160
    1.486486486    0.020290617    0.020290617    0.020290617
    1.501501502    0.019795479    0.019795479    0.019795479
    1.516516517    0.018856584    0.018856584    0.018856584
    1.531531532    0.017827844    0.017827844    0.017827844
    1.546546547    0.017091142    0.017091142    0.017091142
    1.561561562    0.016724697    0.016724697    0.016724697
    1.576576577    0.016363213    0.016363213    0.016363213
    1.591591592    0.015710675    0.015710675    0.015710675
    1.606606607    0.014890807    0.014890807    0.014890807
    1.621621622    0.014283115    0.014283115    0.014283115
    1.636636637    0.014095407    0.014095407    0.014095407
    1.651651652    0.014216903    0.014216903    0.014216903
    1.666666667    0.014607755    0.014607755    0.014607755
    1.681681682    0.015467978    0.015467978    0.015467978
    1.696696697    0.016881629    0.016881629    0.016881629
    1.711711712    0.018651094    0.018651094    0.018651094
    1.726726727    0.020310252    0.020310252    0.020310252
    1.741741742    0.021195742    0.021195742    0.021195742
    1.756756757    0.021017550    0.021017550    0.021017550
    1.771771772    0.020188942    0.020188942    0.020188942
    1.786786787    0.019347994    0.019347994    0.019347994
    1.801801802    0.018776284    0.018776284    0.018776284
    1.816816817    0.018280033    0.018280033    0.018280033
    1.831831832    0.017678303    0.017678303    0.017678303
    1.846846847    0.017063691    0.017063691    0.017063691
    1.861861862    0.016627225    0.016627225    0.016627225
    1.876876877    0.016525878    0.016525878    0.016525878
    1.891891892    0.016870625    0.016870625    0.016870625
    1.906906907    0.017713622    0.017713622    0.017713622
    1.921921922    0.018990529    0.018990529    0.018990529
    1.936936937    0.020438697    0.020438697    0.020438697
    1.951951952    0.021600607    0.021600607    0.021600607
    1.966966967    0.022126925    0.022126925    0.022126925
    1.981981982    0.021992315    0.021992315    0.021992315
    1.996996997    0.021418344    0.021418344    0.021418344
    2.012012012    0.020857307    0.020857307    0.020857307
    2.027027027    0.020681936    0.020681936    0.020681936
    2.042042042    0.020859120    0.020859120    0.020859120
    2.057057057    0.021143739    0.021143739    0.021143739
    2.072072072    0.021503894    0.021503894    0.021503894
    2.087087087    0.022040879    0.022040879    0.022040879
    2.102102102    0.022706467    0.022706467    0.022706467
    2.117117117    0.023459834    0.023459834    0.023459834
    2.132132132    0.024423449    0.024423449    0.024423449
    2.147147147    0.025683652    0.025683652    0.025683652
    2.162162162    0.027200811    0.027200811    0.027200811
    2.177177177    0.028970631    0.028970631    0.028970631
    2.192192192    0.030966338    0.030966338    0.030966338
    2.207207207    0.033044656    0.033044656    0.033044656
    2.222222222    0.035041183    0.035041183    0.035041183
    2.237237237    0.036820019    0.036820019    0.036820019
    2.252252252    0.038318437    0.038318437    0.038318437
    2.267267267    0.039529759    0.039529759    0.039529759
    2.282282282    0.040381475    0.040381475    0.040381475
    2.297297297    0.040876443    0.040876443    0.040876443
    2.312312312    0.041339802    0.041339802    0.041339802
    2.327327327    0.042258524    0.042258524    0.042258524
    2.342342342    0.043869168    0.043869168    0.043869168
    2.357357357    0.045854658    0.045854658    0.045854658
    2.372372372    0.047668311    0.047668311    0.047668311
    2.387387387    0.049050199    0.049050199    0.049050199
    2.402402402    0.049910498    0.049910498    0.049910498
    2.417417417    0.050290792    0.050290792    0.050290792
    2.432432432    0.050434202    0.050434202    0.050434202
    2.447447447    0.050555751    0.050555751    0.050555751
    2.462462462    0.050700911    0.050700911    0.050700911
    2.477477477    0.051047590    0.051047590    0.051047590
    2.492492492    0.052030495    0.052030495    0.052030495
    2.507507508    0.053831633    0.053831633    0.053831633
    2.522522523    0.056076409    0.056076409    0.056076409
    2.537537538    0.058231887    0.058231887    0.058231887
    2.552552553    0.059907406    0.059907406    0.059907406
    2.567567568    0.060689974    0.060689974    0.060689974
    2.582582583    0.060453474    0.060453474    0.060453474
    2.597597598    0.059655018    0.059655018    0.059655018
    2.612612613    0.058818055    0.058818055    0.058818055
    2.627627628    0.058390947    0.058390947    0.058390947
    2.642642643    0.058666938    0.058666938    0.058666938
    2.657657658    0.059466567    0.059466567    0.059466567
    2.672672673    0.060301017    0.060301017    0.060301017
    2.687687688    0.060916956    0.060916956    0.060916956
    2.702702703    0.061462221    0.061462221    0.061462221
    2.717717718    0.062160334    0.062160334    0.062160334
    2.732732733    0.063110200    0.063110200    0.063110200
    2.747747748    0.064151684    0.064151684    0.064151684
    2.762762763    0.065032240    0.065032240    0.065032240
    2.777777778    0.065553481    0.065553481    0.065553481
    2.792792793    0.065657373    0.065657373    0.065657373
    2.807807808    0.065624744    0.065624744    0.065624744
    2.822822823    0.065753994    0.065753994    0.065753994
    2.837837838    0.066037331    0.066037331    0.066037331
    2.852852853    0.066344223    0.066344223    0.066344223
    2.867867868    0.066528193    0.066528193    0.066528193
    2.882882883    0.066409763    0.066409763    0.066409763
    2.897897898    0.065979326    0.065979326    0.065979326
    2.912912913    0.065536017    0.065536017    0.065536017
    2.927927928    0.065413160    0.065413160    0.065413160
    2.942942943    0.065586738    0.065586738    0.065586738
    2.957957958    0.065819845    0.065819845    0.065819845
    2.972972973    0.066074223    0.066074223    0.066074223
    2.987987988    0.066467337    0.066467337    0.066467337
    3.003003003    0.067107116    0.067107116    0.067107116
    3.018018018    0.067865669    0.067865669    0.067865669
    3.033033033    0.068410285    0.068410285    0.068410285
    3.048048048    0.068420041    0.068420041    0.068420041
    3.063063063    0.067914847    0.067914847    0.067914847
    3.078078078    0.067253285    0.067253285    0.067253285
    3.093093093    0.066791230    0.066791230    0.066791230
    3.108108108    0.066589973    0.066589973    0.066589973
    3.123123123    0.066346211    0.066346211    0.066346211
    3.138138138    0.065765540    0.065765540    0.065765540
    3.153153153    0.064974728    0.064974728    0.064974728
    3.168168168    0.064220104    0.064220104    0.064220104
    3.183183183    0.063586584    0.063586584    0.063586584
    3.198198198    0.063143919    0.063143919    0.063143919
    3.213213213    0.063133344    0.063133344    0.063133344
    3.228228228    0.063748527    0.063748527    0.063748527
    3.243243243    0.064650970    0.064650970    0.064650970
    3.258258258    0.065073828    0.065073828    0.065073828
    3.273273273    0.064685122    0.064685122    0.064685122
    3.288288288    0.063887972    0.063887972    0.063887972
    3.303303303    0.062995541    0.062995541    0.062995541
    3.318318318    0.062128410    0.062128410    0.062128410
    3.333333333    0.061376041    0.061376041    0.061376041
    3.348348348    0.060676984    0.060676984    0.060676984
    3.363363363    0.060039699    0.060039699    0.060039699
    3.378378378    0.059449998    0.059449998    0.059449998
    3.393393393    0.058798147    0.058798147    0.058798147
    3.408408408    0.057996408    0.057996408    0.057996408
    3.423423423    0.057046567    0.057046567    0.057046567
    3.438438438    0.056286836    0.056286836    0.056286836
    3.453453453    0.055925027    0.055925027    0.055925027
    3.468468468    0.055647584    0.055647584    0.055647584
    3.483483483    0.055088626    0.055088626    0.055088626
    3.498498498    0.054267634    0.054267634    0.054267634
    3.513513514    0.053304392    0.053304392    0.053304392
    3.528528529    0.052258085    0.052258085    0.052258085
    3.543543544    0.051380404    0.051380404    0.051380404
    3.558558559    0.050815595    0.050815595    0.050815595
    3.573573574    0.050278227    0.050278227    0.050278227
    3.588588589    0.049519106    0.049519106    0.049519106
    3.603603604    0.048597789    0.048597789    0.048597789
    3.618618619    0.047586967    0.047586967    0.047586967
    3.633633634    0.046548055    0.046548055    0.046548055
    3.648648649    0.045623857    0.045623857    0.045623857
    3.663663664    0.044795446    0.044795446    0.044795446
    3.678678679    0.043752882    0.043752882    0.043752882
    3.693693694    0.042330369    0.042330369    0.042330369
    3.708708709    0.040752169    0.040752169    0.040752169
    3.723723724    0.039295446    0.039295446    0.039295446
    3.738738739    0.038084233    0.038084233    0.038084233
    3.753753754    0.037095375    0.037095375    0.037095375
    3.768768769    0.036169561    0.036169561    0.036169561
    3.783783784    0.035295661    0.035295661    0.035295661
    3.798798799    0.034701380    0.034701380    0.034701380
    3.813813814    0.034520101    0.034520101    0.034520101
    3.828828829    0.034667391    0.034667391    0.034667391
    3.843843844    0.034977429    0.034977429    0.034977429
    3.858858859    0.035313494    0.035313494    0.035313494
    3.873873874    0.035624672    0.035624672    0.035624672
    3.888888889    0.035964163    0.035964163    0.035964163
    3.903903904    0.036368788    0.036368788    0.036368788
    3.918918919    0.036769121    0.036769121    0.036769121
    3.933933934    0.037096250    0.037096250    0.037096250
    3.948948949    0.037374967    0.037374967    0.037374967
    3.963963964    0.037627123    0.037627123    0.037627123
    3.978978979    0.037854902    0.037854902    0.037854902
    3.993993994    0.038086136    0.038086136    0.038086136
    4.009009009    0.038349576    0.038349576    0.038349576
    4.024024024    0.038656660    0.038656660    0.038656660
    4.039039039    0.038946823    0.038946823    0.038946823
    4.054054054    0.039079029    0.039079029    0.039079029
    4.069069069    0.038972991    0.038972991    0.038972991
    4.084084084    0.038680651    0.038680651    0.038680651
    4.099099099    0.038290277    0.038290277    0.038290277
    4.114114114    0.037796100    0.037796100    0.037796100
    4.129129129    0.037171972    0.037171972    0.037171972
    4.144144144    0.036540118    0.036540118    0.036540118
    4.159159159    0.036071176    0.036071176    0.036071176
    4.174174174    0.035816087    0.035816087    0.035816087
    4.189189189    0.035811121    0.035811121    0.035811121
    4.204204204    0.036172758    0.036172758    0.036172758
    4.219219219    0.036975180    0.036975180    0.036975180
    4.234234234    0.038171478    0.038171478    0.038171478
    4.249249249    0.039593771    0.039593771    0.039593771
    4.264264264    0.041020656    0.041020656    0.041020656
    4.279279279    0.042404898    0.042404898    0.042404898
    4.294294294    0.044031848    0.044031848    0.044031848
    4.309309309    0.046175590    0.046175590    0.046175590
    4.324324324    0.048624389    0.048624389    0.048624389
    4.339339339    0.050820364    0.050820364    0.050820364
    4.354354354    0.052369271    0.052369271    0.052369271
    4.369369369    0.053202924    0.053202924    0.053202924
    4.384384384    0.053534746    0.053534746    0.053534746
    4.399399399    0.053853444    0.053853444    0.053853444
    4.414414414    0.054769244    0.054769244    0.054769244
    4.429429429    0.056579633    0.056579633    0.056579633
    4.444444444    0.059030294    0.059030294    0.059030294
    4.459459459    0.061735773    0.061735773    0.061735773
    4.474474474    0.064344963    0.064344963    0.064344963
    4.489489489    0.066401435    0.066401435    0.066401435
    4.504504505    0.067655978    0.067655978    0.067655978
    4.519519520    0.068258998    0.068258998    0.068258998
    4.534534535    0.068467928    0.068467928    0.068467928
    4.549549550    0.068561161    0.068561161    0.068561161
    4.564564565    0.069022260    0.069022260    0.069022260
    4.579579580    0.070468090    0.070468090    0.070468090
    4.594594595    0.073199003    0.073199003    0.073199003
    4.609609610    0.076792414    0.076792414    0.076792414
    4.624624625    0.080280227    0.080280227    0.080280227
    4.639639640    0.082739634    0.082739634    0.082739634
    4.654654655    0.083793990    0.083793990    0.083793990
    4.669669670    0.083530423    0.083530423    0.083530423
    4.684684685    0.082357165    0.082357165    0.082357165
    4.699699700    0.080912097    0.080912097    0.080912097
    4.714714715    0.079618490    0.079618490    0.079618490
    4.729729730    0.078446759    0.078446759    0.078446759
    4.744744745    0.077273953    0.077273953    0.077273953
    4.759759760    0.076293438    0.076293438    0.076293438
    4.774774775    0.076034742    0.076034742    0.076034742
    4.789789790    0.076964909    0.076964909    0.076964909
    4.804804805    0.079078091    0.079078091    0.079078091
    4.819819820    0.081909187    0.081909187    0.081909187
    4.834834835    0.084850717    0.084850717    0.084850717
    4.849849850    0.087530224    0.087530224    0.087530224
    4.864864865    0.089868448    0.089868448    0.089868448
    4.879879880    0.091840607    0.091840607    0.091840607
    4.894894895    0.093334000    0.093334000    0.093334000
    4.909909910    0.094212955    0.094212955    0.094212955
    4.924924925    0.094441965    0.094441965    0.094441965
    4.939939940    0.094074733    0.094074733    0.094074733
    4.954954955    0.093138022    0.093138022    0.093138022
    4.969969970    0.091708503    0.091708503    0.091708503
    4.984984985    0.090116872    0.090116872    0.090116872
    5.000000000    0.088950611    0.088950611    0.088950611
    5.015015015    0.088701616    0.088701616    0.088701616
    5.030030030    0.089577934    0.089577934    0.089577934
    5.045045045    0.091611185    0.091611185    0.091611185
    5.060060060    0.094660798    0.094660798    0.094660798
    5.075075075    0.098362780    0.098362780    0.098362780
    5.090090090    0.102323394    0.102323394    0.102323394
    5.105105105    0.106384209    0.106384209    0.106384209
    5.120120120    0.110528291    0.110528291    0.110528291
    5.135135135    0.114666100    0.114666100    0.114666100
    5.150150150    0.118321572    0.118321572    0.118321572
    5.165165165    0.120598894    0.120598894    0.120598894
    5.180180180    0.121098693    0.121098693    0.121098693
    5.195195195    0.120222392    0.120222392    0.120222392
    5.210210210    0.118633147    0.118633147    0.118633147
    5.225225225    0.116792318    0.116792318    0.116792318
    5.240240240    0.115081227    0.115081227    0.115081227
    5.255255255    0.114033171    0.114033171    0.114033171
    5.270270270    0.114058760    0.114058760    0.114058760
    5.285285285    0.115005621    0.115005621    0.115005621
    5.300300300    0.116605616    0.116605616    0.116605616
    5.315315315    0.119048256    0.119048256    0.119048256
    5.330330330    0.122380775    0.122380775    0.122380775
    5.345345345    0.126198429    0.126198429    0.126198429
    5.360360360    0.130095989    0.130095989    0.130095989
    5.375375375    0.133739450    0.133739450    0.133739450
    5.390390390    0.136776657    0.136776657    0.136776657
    5.405405405    0.138807367    0.138807367    0.138807367
    5.420420420    0.139256099    0.139256099    0.139256099
    5.435435435    0.137819541    0.137819541    0.137819541
    5.450450450    0.135081613    0.135081613    0.135081613
    5.465465465    0.132100858    0.132100858    0.132100858
    5.480480480    0.129449818    0.129449818    0.129449818
    5.495495495    0.127086038    0.127086038    0.127086038
    5.510510511    0.124956812    0.124956812    0.124956812
    5.525525526    0.123268420    0.123268420    0.123268420
    5.540540541    0.122107782    0.122107782    0.122107782
    5.555555556    0.121119266    0.121119266    0.121119266
    5.570570571    0.119797143    0.119797143    0.119797143
    5.585585586    0.117733486    0.117733486    0.117733486
    5.600600601    0.114834176    0.114834176    0.114834176
    5.615615616    0.111297081    0.111297081    0.111297081
    5.630630631    0.107278782    0.107278782    0.107278782
    5.645645646    0.103121858    0.103121858    0.103121858
    5.660660661    0.099475205    0.099475205    0.099475205
    5.675675676    0.096859805    0.096859805    0.096859805
    5.690690691    0.095357918    0.095357918    0.095357918
    5.705705706    0.094777321    0.094777321    0.094777321
    5.720720721    0.094922074    0.094922074    0.094922074
    5.735735736    0.095564820    0.095564820    0.095564820
    5.750750751    0.096322700    0.096322700    0.096322700
    5.765765766    0.096952073    0.096952073    0.096952073
    5.780780781    0.097605283    0.097605283    0.097605283
    5.795795796    0.098486962    0.098486962    0.098486962
    5.810810811    0.099671687    0.099671687    0.099671687
    5.825825826    0.101216564    0.101216564    0.101216564
    5.840840841    0.103085301    0.103085301    0.103085301
    5.855855856    0.105023316    0.105023316    0.105023316
    5.870870871    0.106771491    0.106771491    0.106771491
    5.885885886    0.108182092    0.108182092    0.108182092
    5.900900901    0.109065374    0.109065374    0.109065374
    5.915915916    0.109311041    0.109311041    0.109311041
    5.930930931    0.109118353    0.109118353    0.109118353
    5.945945946    0.108884140    0.108884140    0.108884140
    5.960960961    0.108816199    0.108816199    0.108816199
    5.975975976    0.108860808    0.108860808    0.108860808
    5.990990991    0.109005158    0.109005158    0.109005158
    6.006006006    0.109252571    0.109252571    0.109252571
    6.021021021    0.109403590    0.109403590    0.109403590
    6.036036036    0.109247683    0.109247683    0.109247683
    6.051051051    0.108892190    0.108892190    0.108892190
    6.066066066    0.108778466    0.108778466    0.108778466
    6.081081081    0.109312830    0.109312830    0.109312830
    6.096096096    0.110376596    0.110376596    0.110376596
    6.111111111    0.111604545    0.111604545    0.111604545
    6.126126126    0.112986363    0.112986363    0.112986363
    6.141141141    0.114625668    0.114625668    0.114625668
    6.156156156    0.116262992    0.116262992    0.116262992
    6.171171171    0.117602952    0.117602952    0.117602952
    6.186186186    0.118537204    0.118537204    0.118537204
    6.201201201    0.118946218    0.118946218    0.118946218
    6.216216216    0.118813521    0.118813521    0.118813521
    6.231231231    0.118533721    0.118533721    0.118533721
    6.246246246    0.118624869    0.118624869    0.118624869
    6.261261261    0.119136619    0.119136619    0.119136619
    6.276276276    0.119720485    0.119720485    0.119720485
    6.291291291    0.120113565    0.120113565    0.120113565
    6.306306306    0.120284173    0.120284173    0.120284173
    6.321321321    0.120305142    0.120305142    0.120305142
    6.336336336    0.120190303    0.120190303    0.120190303
    6.351351351    0.120045600    0.120045600    0.120045600
    6.366366366    0.120211260    0.120211260    0.120211260
    6.381381381    0.120858584    0.120858584    0.120858584
    6.396396396    0.121738290    0.121738290    0.121738290
    6.411411411    0.122671116    0.122671116    0.122671116
    6.426426426    0.123724256    0.123724256    0.123724256
    6.441441441    0.124927699    0.124927699    0.124927699
    6.456456456    0.126158275    0.126158275    0.126158275
    6.471471471    0.127343794    0.127343794    0.127343794
    6.486486486    0.128531804    0.128531804    0.128531804
    6.501501502    0.129764687    0.129764687    0.129764687
    6.516516517    0.131033970    0.131033970    0.131033970
    6.531531532    0.132212846    0.132212846    0.132212846
    6.546546547    0.133203138    0.133203138    0.133203138
    6.561561562    0.133775796    0.133775796    0.133775796
    6.576576577    0.133544427    0.133544427    0.133544427
    6.591591592    0.132612824    0.132612824    0.132612824
    6.606606607    0.131646191    0.131646191    0.131646191
    6.621621622    0.131170143    0.131170142    0.131170142
    6.636636637    0.131171169    0.131171169    0.131171169
    6.651651652    0.131485953    0.131485953    0.131485953
    6.666666667    0.132210636    0.132210636    0.132210636
    6.681681682    0.133459861    0.133459861    0.133459861
    6.696696697    0.135216331    0.135216331    0.135216331
    6.711711712    0.137396479    0.137396479    0.137396479
    6.726726727    0.139870935    0.139870935    0.139870935
    6.741741742    0.142467125    0.142467125    0.142467125
    6.756756757    0.144857653    0.144857653    0.144857653
    6.771771772    0.146699379    0.146699379    0.146699379
    6.786786787    0.147771181    0.147771181    0.147771181
    6.801801802    0.147966228    0.147966228    0.147966228
    6.816816817    0.147262720    0.147262720    0.147262720
    6.831831832    0.145873345    0.145873345    0.145873345
    6.846846847    0.144384354    0.144384354    0.144384354
    6.861861862    0.143410606    0.143410606    0.143410606
    6.876876877    0.143250593    0.143250593    0.143250593
    6.891891892    0.143931023    0.143931023    0.143931023
    6.906906907    0.145377145    0.145377145    0.145377145
    6.921921922    0.147552630    0.147552630    0.147552630
    6.936936937    0.150104282    0.150104282    0.150104282
    6.951951952    0.152287884    0.152287884    0.152287884
    6.966966967    0.153792593    0.153792593    0.153792593
    6.981981982    0.155006138    0.155006138    0.155006138
    6.996996997    0.156388165    0.156388165    0.156388165
    7.012012012    0.157776442    0.157776442    0.157776442
    7.027027027    0.158654343    0.158654343    0.158654343
    7.042042042    0.158849444    0.158849444    0.158849444
    7.057057057    0.158674427    0.158674427    0.158674427
    7.072072072    0.158877766    0.158877766    0.158877766
    7.087087087    0.160280296    0.160280296    0.160280296
    7.102102102    0.163068170    0.163068170    0.163068170
    7.117117117    0.166545268    0.166545268    0.166545268
    7.132132132    0.169595559    0.169595559    0.169595559
    7.147147147    0.171561553    0.171561553    0.171561553
    7.162162162    0.172498080    0.172498080    0.172498080
    7.177177177    0.172553678    0.172553678    0.172553678
    7.192192192    0.171704566    0.171704566    0.171704566
    7.207207207    0.170052253    0.170052253    0.170052253
    7.222222222    0.168006313    0.168006313    0.168006313
    7.237237237    0.166106876    0.166106876    0.166106876
    7.252252252    0.164980971    0.164980971    0.164980971
    7.267267267    0.165170412    0.165170412    0.165170412
    7.282282282    0.166752406    0.166752406    0.166752406
    7.297297297    0.169453298    0.169453298    0.169453298
    7.312312312    0.172971971    0.172971971    0.172971971
    7.327327327    0.176841665    0.176841665    0.176841665
    7.342342342    0.180429520    0.180429520    0.180429520
    7.357357357    0.183590573    0.183590573    0.183590573
    7.372372372    0.186696200    0.186696200    0.186696200
    7.387387387    0.189942238    0.189942238    0.189942238
    7.402402402    0.192878036    0.192878036    0.192878036
    7.417417417    0.194716080    0.194716079    0.194716079
    7.432432432    0.194783782    0.194783782    0.194783782
    7.447447447    0.193144512    0.193144512    0.193144512
    7.462462462    0.190589221    0.190589221    0.190589221
    7.477477477    0.187930934    0.187930934    0.187930934
    7.492492492    0.185744472    0.185744472    0.185744472
    7.507507508    0.184337830    0.184337830    0.184337830
    7.522522523    0.183836718    0.183836718    0.183836718
    7.537537538    0.184401339    0.184401339    0.184401339
    7.552552553    0.186350947    0.186350947    0.186350947
    7.567567568    0.189457551    0.189457551    0.189457551
    7.582582583    0.192571375    0.192571375    0.192571375
    7.597597598    0.194914174    0.194914174    0.194914174
    7.612612613    0.197065477    0.197065477    0.197065477
    7.627627628    0.199729169    0.199729169    0.199729169
    7.642642643    0.202634320    0.202634320    0.202634320
    7.657657658    0.205169183    0.205169183    0.205169183
    7.672672673    0.207096764    0.207096764    0.207096764
    7.687687688    0.208440117    0.208440117    0.208440117
    7.702702703    0.209113889    0.209113889    0.209113889
    7.717717718    0.208986407    0.208986407    0.208986407
    7.732732733    0.208308688    0.208308688    0.208308688
    7.747747748    0.207704746    0.207704746    0.207704746
    7.762762763    0.207382424    0.207382424    0.207382424
    7.777777778    0.207100783    0.207100783    0.207100783
    7.792792793    0.206919545    0.206919545    0.206919545
    7.807807808    0.207369027    0.207369027    0.207369027
    7.822822823    0.208831469    0.208831469    0.208831469
    7.837837838    0.210969478    0.210969478    0.210969478
    7.852852853    0.213284530    0.213284530    0.213284530
    7.867867868    0.215874045    0.215874045    0.215874045
    7.882882883    0.218924456    0.218924456    0.218924456
    7.897897898    0.221923187    0.221923187    0.221923187
    7.912912913    0.224343597    0.224343597    0.224343597
    7.927927928    0.226283613    0.226283613    0.226283613
    7.942942943    0.227851300    0.227851300    0.227851300
    7.957957958    0.228953020    0.228953020    0.228953020
    7.972972973    0.229501731    0.229501731    0.229501731
    7.987987988    0.229842397    0.229842397    0.229842397
    8.003003003    0.230689057    0.230689056    0.230689056
    8.018018018    0.232042269    0.232042269    0.232042269
    8.033033033    0.233332630    0.233332630    0.233332630
    8.048048048    0.234566743    0.234566743    0.234566743
    8.063063063    0.236259843    0.236259843    0.236259843
    8.078078078    0.238735758    0.238735758    0.238735758
    8.093093093    0.241922221    0.241922221    0.241922221
    8.108108108    0.245216291    0.245216291    0.245216291
    8.123123123    0.247608036    0.247608036    0.247608036
    8.138138138    0.248955803    0.248955803    0.248955803
    8.153153153    0.249893167    0.249893167    0.249893167
    8.168168168    0.250889347    0.250889347    0.250889347
    8.183183183    0.252169040    0.252169040    0.252169040
    8.198198198    0.253698766    0.253698766    0.253698766
    8.213213213    0.255759311    0.255759311    0.255759311
    8.228228228    0.258695108    0.258695108    0.258695108
    8.243243243    0.262122667    0.262122667    0.262122667
    8.258258258    0.264950900    0.264950900    0.264950900
    8.273273273    0.265805262    0.265805262    0.265805262
    8.288288288    0.264319200    0.264319200    0.264319200
    8.303303303    0.261377628    0.261377628    0.261377628
    8.318318318    0.257774482    0.257774482    0.257774482
    8.333333333    0.253810092    0.253810092    0.253810092
    8.348348348    0.250002574    0.250002574    0.250002574
    8.363363363    0.247394081    0.247394081    0.247394081
    8.378378378    0.246719032    0.246719032    0.246719032
    8.393393393    0.247247766    0.247247766    0.247247766
    8.408408408    0.247750206    0.247750205    0.247750206
    8.423423423    0.248002753    0.248002753    0.248002753
    8.438438438    0.248243437    0.248243436    0.248243437
    8.453453453    0.248506800    0.248506800    0.248506800
    8.468468468    0.248640756    0.248640756    0.248640756
    8.483483483    0.248570613    0.248570613    0.248570613
    8.498498498    0.248517312    0.248517312    0.248517312
    8.513513514    0.248879472    0.248879472    0.248879472
    8.528528529    0.249722587    0.249722587    0.249722587
    8.543543544    0.250811136    0.250811136    0.250811136
    8.558558559    0.251721700    0.251721700    0.251721700
    8.573573574    0.252036607    0.252036607    0.252036607
    8.588588589    0.251671338    0.251671338    0.251671338
    8.603603604    0.250823938    0.250823938    0.250823938
    8.618618619    0.249881088    0.249881088    0.249881088
    8.633633634    0.249210624    0.249210623    0.249210624
    8.648648649    0.248874125    0.248874125    0.248874125
    8.663663664    0.248632935    0.248632935    0.248632935
    8.678678679    0.248134566    0.248134566    0.248134566
    8.693693694    0.247333629    0.247333629    0.247333629
    8.708708709    0.246742044    0.246742044    0.246742044
    8.723723724    0.246677656    0.246677656    0.246677656
    8.738738739    0.247246681    0.247246681    0.247246681
    8.753753754    0.248883432    0.248883432    0.248883432
    8.768768769    0.251733237    0.251733237    0.251733237
    8.783783784    0.254979787    0.254979787    0.254979787
    8.798798799    0.257782354    0.257782354    0.257782354
    8.813813814    0.259963273    0.259963273    0.259963273
    8.828828829    0.261525867    0.261525867    0.261525867
    8.843843844    0.262289630    0.262289630    0.262289630
    8.858858859    0.262664463    0.262664463    0.262664463
    8.873873874    0.263884007    0.263884007    0.263884007
    8.888888889    0.266255055    0.266255055    0.266255055
    8.903903904    0.268743481    0.268743481    0.268743481
    8.918918919    0.270360098    0.270360098    0.270360098
    8.933933934    0.270818664    0.270818664    0.270818664
    8.948948949    0.270626788    0.270626788    0.270626788
    8.963963964    0.270172322    0.270172322    0.270172322
    8.978978979    0.269440736    0.269440735    0.269440735
    8.993993994    0.269115308    0.269115307    0.269115307
    9.009009009    0.270093440    0.270093440    0.270093440
    9.024024024    0.272099265    0.272099265    0.272099265
    9.039039039    0.274163709    0.274163709    0.274163709
    9.054054054    0.275957096    0.275957096    0.275957096
    9.069069069    0.277886336    0.277886335    0.277886335
    9.084084084    0.280221458    0.280221458    0.280221458
    9.099099099    0.282775719    0.282775719    0.282775719
    9.114114114    0.285345135    0.285345135    0.285345135
    9.129129129    0.287733907    0.287733907    0.287733907
    9.144144144    0.289868540    0.289868540    0.289868540
    9.159159159    0.292105018    0.292105018    0.292105018
    9.174174174    0.294950369    0.294950369    0.294950369
    9.189189189    0.298109379    0.298109379    0.298109379
    9.204204204    0.300741679    0.300741679    0.300741679
    9.219219219    0.302943943    0.302943943    0.302943943
    9.234234234    0.305345154    0.305345153    0.305345153
    9.249249249    0.307984852    0.307984852    0.307984852
    9.264264264    0.310118522    0.310118522    0.310118522
    9.279279279    0.311277799    0.311277799    0.311277799
    9.294294294    0.311804991    0.311804991    0.311804991
    9.309309309    0.312233467    0.312233467    0.312233467
    9.324324324    0.312810137    0.312810137    0.312810137
    9.339339339    0.313402118    0.313402118    0.313402118
    9.354354354    0.313424374    0.313424374    0.313424374
    9.369369369    0.312970819    0.312970818    0.312970818
    9.384384384    0.313093748    0.313093748    0.313093748
    9.399399399    0.314400704    0.314400704    0.314400704
    9.414414414    0.317044561    0.317044561    0.317044561
    9.429429429    0.321379919    0.321379918    0.321379918
    9.444444444    0.327636797    0.327636797    0.327636797
    9.459459459    0.335109896    0.335109895    0.335109895
    9.474474474    0.341699581    0.341699581    0.341699581
    9.489489489    0.345163008    0.345163007    0.345163008
    9.504504505    0.345245106    0.345245106    0.345245106
    9.519519520    0.343676373    0.343676373    0.343676373
    9.534534535    0.342601434    0.342601434    0.342601434
    9.549549550    0.343010535    0.343010535    0.343010535
    9.564564565    0.344771027    0.344771027    0.344771027
    9.579579580    0.347635916    0.347635916    0.347635916
    9.594594595    0.351862285    0.351862285    0.351862285
    9.609609610    0.357731327    0.357731327    0.357731327
    9.624624625    0.364638991    0.364638991    0.364638991
    9.639639640    0.371885764    0.371885763    0.371885763
    9.654654655    0.379006837    0.379006837    0.379006837
    9.669669670    0.385497292    0.385497292    0.385497292
    9.684684685    0.390361672    0.390361672    0.390361672
    9.699699700    0.391805259    0.391805259    0.391805259
    9.714714715    0.389362231    0.389362231    0.389362231
    9.729729730    0.385332806    0.385332806    0.385332806
    9.744744745    0.383092909    0.383092909    0.383092909
    9.759759760    0.384618494    0.384618494    0.384618494
    9.774774775    0.389315801    0.389315801    0.389315801
    9.789789790    0.394533069    0.394533068    0.394533069
    9.804804805    0.397415444    0.397415444    0.397415444
    9.819819820    0.397391092    0.397391091    0.397391092
    9.834834835    0.396549575    0.396549575    0.396549575
    9.849849850    0.397263372    0.397263372    0.397263372
    9.864864865    0.400113353    0.400113352    0.400113353
    9.879879880    0.403693439    0.403693439    0.403693439
    9.894894895    0.406183358    0.406183358    0.406183358
    9.909909910    0.407097246    0.407097246    0.407097246
    9.924924925    0.407384695    0.407384695    0.407384695
    9.939939940    0.407862409    0.407862409    0.407862409
    9.954954955    0.408942410    0.408942410    0.408942410
    9.969969970    0.410941094    0.410941094    0.410941094
    9.984984985    0.413511238    0.413511238    0.413511238
   10.000000000    0.415926760    0.415926759    0.415926760
   10.015015015    0.417487362    0.417487362    0.417487362
   10.030030030    0.417454946    0.417454946    0.417454946
   10.045045045    0.415741369    0.415741369    0.415741369
   10.060060060    0.413187360    0.413187360    0.413187360
   10.075075075    0.411138702    0.411138702    0.411138702
   10.090090090    0.410620593    0.410620593    0.410620593
   10.105105105    0.411623385    0.411623385    0.411623385
   10.120120120    0.413066754    0.413066754    0.413066754
   10.135135135    0.413747443    0.413747443    0.413747443
   10.150150150    0.413600854    0.413600854    0.413600854
   10.165165165    0.413147761    0.413147761    0.413147761
   10.180180180    0.412320458    0.412320457    0.412320457
   10.195195195    0.411105373    0.411105373    0.411105373
   10.210210210    0.410369515    0.410369515    0.410369515
   10.225225225    0.411233042    0.411233042    0.411233042
   10.240240240    0.413903942    0.413903942    0.413903942
   10.255255255    0.417400488    0.417400488    0.417400488
   10.270270270    0.420703040    0.420703040    0.420703040
   10.285285285    0.423388264    0.423388264    0.423388264
   10.300300300    0.425162916    0.425162916    0.425162916
   10.315315315    0.426553395    0.426553395    0.426553395
   10.330330330    0.428697962    0.428697962    0.428697962
   10.345345345    0.432037618    0.432037618    0.432037618
   10.360360360    0.435848512    0.435848512    0.435848512
   10.375375375    0.439058223    0.439058223    0.439058223
   10.390390390    0.440437397    0.440437397    0.440437397
   10.405405405    0.439285439    0.439285439    0.439285439
   10.420420420    0.436755261    0.436755261    0.436755261
   10.435435435    0.434851806    0.434851806    0.434851806
   10.450450450    0.434794321    0.434794320    0.434794320
   10.465465465    0.436725992    0.436725991    0.436725992
   10.480480480    0.439716437    0.439716437    0.439716437
   10.495495495    0.441980630    0.441980630    0.441980630
   10.510510511    0.442435497    0.442435497    0.442435497
   10.525525526    0.441998141    0.441998141    0.441998141
   10.540540541    0.442586692    0.442586692    0.442586692
   10.555555556    0.445088196    0.445088196    0.445088196
   10.570570571    0.448972309    0.448972309    0.448972309
   10.585585586    0.453623652    0.453623651    0.453623651
   10.600600601    0.458304433    0.458304433    0.458304433
   10.615615616    0.462400885    0.462400884    0.462400885
   10.630630631    0.466488587    0.466488587    0.466488587
   10.645645646    0.471131226    0.471131226    0.471131226
   10.660660661    0.476210197    0.476210197    0.476210197
   10.675675676    0.481781148    0.481781148    0.481781148
   10.690690691    0.486806099    0.486806099    0.486806099
   10.705705706    0.489291956    0.489291956    0.489291956
   10.720720721    0.489268687    0.489268686    0.489268687
   10.735735736    0.489100638    0.489100638    0.489100638
   10.750750751    0.491560024    0.491560023    0.491560023
   10.765765766    0.497370519    0.497370519    0.497370519
   10.780780781    0.504302553    0.504302553    0.504302553
   10.795795796    0.509508902    0.509508902    0.509508902
   10.810810811    0.511559733    0.511559733    0.511559733
   10.825825826    0.511604188    0.511604188    0.511604188
   10.840840841    0.511907121    0.511907121    0.511907121
   10.855855856    0.513487881    0.513487880    0.513487880
   10.870870871    0.516505189    0.516505189    0.516505189
   10.885885886    0.521423627    0.521423626    0.521423626
   10.900900901    0.528194974    0.528194974    0.528194974
   10.915915916    0.536340411    0.536340411    0.536340411
   10.930930931    0.545381282    0.545381281    0.545381282
   10.945945946    0.554092896    0.554092896    0.554092896
   10.960960961    0.560909180    0.560909179    0.560909180
   10.975975976    0.565459697    0.565459697    0.565459697
   10.990990991    0.568608289    0.568608289    0.568608289
   11.006006006    0.570703505    0.570703504    0.570703505
   11.021021021    0.571094120    0.571094119    0.571094119
   11.036036036    0.570344416    0.570344415    0.570344415
   11.051051051    0.570084319    0.570084319    0.570084319
   11.066066066    0.571306179    0.571306179    0.571306179
   11.081081081    0.575207265    0.575207265    0.575207265
   11.096096096    0.582202300    0.582202300    0.582202300
   11.111111111    0.590073346    0.590073345    0.590073346
   11.126126126    0.596197403    0.596197403    0.596197403
   11.141141141    0.599971872    0.599971871    0.599971872
   11.156156156    0.603038448    0.603038448    0.603038448
   11.171171171    0.608045452    0.608045451    0.608045451
   11.186186186    0.615614054    0.615614054    0.615614054
   11.201201201    0.622999668    0.622999667    0.622999667
   11.216216216    0.627743486    0.627743485    0.627743485
   11.231231231    0.629924679    0.629924679    0.629924679
   11.246246246    0.630628824    0.630628824    0.630628824
   11.261261261    0.631716944    0.631716943    0.631716944
   11.276276276    0.636293273    0.636293273    0.636293273
   11.291291291    0.646242176    0.646242175    0.646242176
   11.306306306    0.659442310    0.659442310    0.659442310
   11.321321321    0.671560477    0.671560476    0.671560477
   11.336336336    0.680546064    0.680546064    0.680546064
   11.351351351    0.687133163    0.687133163    0.687133163
   11.366366366    0.692774518    0.692774517    0.692774518
   11.381381381    0.698972277    0.698972277    0.698972277
   11.396396396    0.705846774    0.705846773    0.705846774
   11.411411411    0.711772193    0.711772192    0.711772193
   11.426426426    0.716640999    0.716640999    0.716640999
   11.441441441    0.722673467    0.722673466    0.722673467
   11.456456456    0.730588213    0.730588213    0.730588213
   11.471471471    0.738898984    0.738898984    0.738898984
   11.486486486    0.746395463    0.746395463    0.746395463
   11.501501502    0.752937170    0.752937169    0.752937170
   11.516516517    0.758194193    0.758194192    0.758194192
   11.531531532    0.760539576    0.760539576    0.760539576
   11.546546547    0.758774505    0.758774504    0.758774504
   11.561561562    0.754634234    0.754634233    0.754634234
   11.576576577    0.751588949    0.751588949    0.751588949
   11.591591592    0.752316046    0.752316045    0.752316045
   11.606606607    0.757144270    0.757144269    0.757144270
   11.621621622    0.763864929    0.763864928    0.763864928
   11.636636637    0.771225545    0.771225545    0.771225545
   11.651651652    0.781025669    0.781025668    0.781025669
   11.666666667    0.794436102    0.794436101    0.794436102
   11.681681682    0.808787015    0.808787014    0.808787015
   11.696696697    0.820087226    0.820087225    0.820087226
   11.711711712    0.826917853    0.826917852    0.826917853
   11.726726727    0.832350509    0.832350508    0.832350509
   11.741741742    0.839860363    0.839860363    0.839860363
   11.756756757    0.848985945    0.848985945    0.848985945
   11.771771772    0.857461275    0.857461274    0.857461275
   11.786786787    0.864193272    0.864193271    0.864193272
   11.801801802    0.869220855    0.869220855    0.869220855
   11.816816817    0.871873001    0.871873001    0.871873001
   11.831831832    0.871161708    0.871161708    0.871161708
   11.846846847    0.867562414    0.867562413    0.867562413
   11.861861862    0.863922382    0.863922382    0.863922382
   11.876876877    0.864742816    0.864742815    0.864742815
   11.891891892    0.872460794    0.872460793    0.872460793
   11.906906907    0.884542397    0.884542396    0.884542396
   11.921921922    0.896787615    0.896787614    0.896787615
   11.936936937    0.908468880    0.908468879    0.908468879
   11.951951952    0.921522632    0.921522631    0.921522631
   11.966966967    0.936042199    0.936042198    0.936042198
   11.981981982    0.951144680    0.951144679    0.951144680
   11.996996997    0.966981581    0.966981580    0.966981581
   12.012012012    0.983765484    0.983765483    0.983765484
   12.027027027    1.001397037    1.001397036    1.001397036
   12.042042042    1.020015142    1.020015141    1.020015142
   12.057057057    1.039681810    1.039681809    1.039681809
   12.072072072    1.060015736    1.060015735    1.060015736
   12.087087087    1.082333775    1.082333774    1.082333775
   12.102102102    1.110415608    1.110415607    1.110415608
   12.117117117    1.146446461    1.146446460    1.146446460
   12.132132132    1.185828710    1.185828708    1.185828709
   12.147147147    1.219580779    1.219580778    1.219580778
   12.162162162    1.242798631    1.242798630    1.242798630
   12.177177177    1.257247328    1.257247326    1.257247327
   12.192192192    1.265959410    1.265959409    1.265959410
   12.207207207    1.271387646    1.271387645    1.271387646
   12.222222222    1.277333683    1.277333682    1.277333683
   12.237237237    1.285758436    1.285758435    1.285758436
   12.252252252    1.296280770    1.296280768    1.296280769
   12.267267267    1.310011644    1.310011643    1.310011644
   12.282282282    1.330464886    1.330464885    1.330464885
   12.297297297    1.359808385    1.359808383    1.359808384
   12.312312312    1.394539759    1.394539758    1.394539758
   12.327327327    1.427728762    1.427728761    1.427728761
   12.342342342    1.457681060    1.457681059    1.457681060
   12.357357357    1.489838731    1.489838729    1.489838730
   12.372372372    1.527634900    1.527634898    1.527634899
   12.387387387    1.566067035    1.566067034    1.566067035
   12.402402402    1.594154287    1.594154286    1.594154286
   12.417417417    1.603694213    1.603694212    1.603694212
   12.432432432    1.599300034    1.599300032    1.599300033
   12.447447447    1.592066290    1.592066289    1.592066289
   12.462462462    1.588854219    1.588854218    1.588854219
   12.477477477    1.592141146    1.592141145    1.592141145
   12.492492492    1.601717327    1.601717325    1.601717326
   12.507507508    1.616459772    1.616459771    1.616459771
   12.522522523    1.634106621    1.634106619    1.634106620
   12.537537538    1.652539359    1.652539358    1.652539359
   12.552552553    1.670711470    1.670711469    1.670711469
   12.567567568    1.686043748    1.686043746    1.686043747
   12.582582583    1.697507026    1.697507025    1.697507026
   12.597597598    1.708506480    1.708506478    1.708506479
   12.612612613    1.721607585    1.721607584    1.721607584
   12.627627628    1.736129944    1.736129942    1.736129943
   12.642642643    1.751120975    1.751120973    1.751120974
   12.657657658    1.765142265    1.765142264    1.765142264
   12.672672673    1.777222650    1.777222649    1.777222649
   12.687687688    1.790680650    1.790680649    1.790680650
   12.702702703    1.810716033    1.810716031    1.810716032
   12.717717718    1.838229786    1.838229784    1.838229785
   12.732732733    1.869514251    1.869514249    1.869514250
   12.747747748    1.897665824    1.897665822    1.897665823
   12.762762763    1.917763417    1.917763416    1.917763416
   12.777777778    1.930731219    1.930731217    1.930731218
   12.792792793    1.938948417    1.938948415    1.938948416
   12.807807808    1.943800064    1.943800063    1.943800064
   12.822822823    1.948431258    1.948431257    1.948431257
   12.837837838    1.957103007    1.957103005    1.957103006
   12.852852853    1.971055924    1.971055923    1.971055924
   12.867867868    1.987137140    1.987137138    1.987137139
   12.882882883    2.004636213    2.004636211    2.004636212
   12.897897898    2.027661091    2.027661089    2.027661090
   12.912912913    2.057143656    2.057143654    2.057143655
   12.927927928    2.090686966    2.090686965    2.090686965
   12.942942943    2.129709748    2.129709746    2.129709747
   12.957957958    2.172217692    2.172217690    2.172217691
   12.972972973    2.204200557    2.204200555    2.204200556
   12.987987988    2.213862997    2.213862995    2.213862996
   13.003003003    2.207722700    2.207722698    2.207722699
   13.018018018    2.200529590    2.200529589    2.200529590
   13.033033033    2.197269444    2.197269443    2.197269444
   13.048048048    2.190104745    2.190104743    2.190104744
   13.063063063    2.171518247    2.171518245    2.171518246
   13.078078078    2.145181344    2.145181342    2.145181343
   13.093093093    2.123498734    2.123498733    2.123498734
   13.108108108    2.118932143    2.118932142    2.118932143
   13.123123123    2.136938162    2.136938161    2.136938162
   13.138138138    2.172471192    2.172471191    2.172471191
   13.153153153    2.211149783    2.211149781    2.211149782
   13.168168168    2.238712929    2.238712927    2.238712928
   13.183183183    2.254105163    2.254105161    2.254105162
   13.198198198    2.266363186    2.266363184    2.266363185
   13.213213213    2.281208763    2.281208761    2.281208762
   13.228228228    2.299503015    2.299503013    2.299503014
   13.243243243    2.322005344    2.322005342    2.322005343
   13.258258258    2.345864330    2.345864328    2.345864329
   13.273273273    2.363409039    2.363409038    2.363409038
   13.288288288    2.370874718    2.370874716    2.370874717
   13.303303303    2.371957793    2.371957791    2.371957792
   13.318318318    2.372173423    2.372173422    2.372173423
   13.333333333    2.373789518    2.373789516    2.373789517
   13.348348348    2.376495200    2.376495198    2.376495199
   13.363363363    2.378384522    2.378384520    2.378384521
   13.378378378    2.376758477    2.376758475    2.376758476
   13.393393393    2.373003186    2.373003185    2.373003185
   13.408408408    2.374069183    2.374069181    2.374069182
   13.423423423    2.384815689    2.384815687    2.384815688
   13.438438438    2.403129317    2.403129315    2.403129316
   13.453453453    2.424423906    2.424423904    2.424423905
   13.468468468    2.447535862    2.447535860    2.447535861
   13.483483483    2.474215409    2.474215407    2.474215408
   13.498498498    2.504022225    2.504022224    2.504022224
   13.513513514    2.532489175    2.532489173    2.532489174
   13.528528529    2.555155091    2.555155090    2.555155091
   13.543543544    2.573729131    2.573729129    2.573729130
   13.558558559    2.595022518    2.595022516    2.595022517
   13.573573574    2.622374670    2.622374669    2.622374669
   13.588588589    2.653262343    2.653262341    2.653262342
   13.603603604    2.683744751    2.683744749    2.683744750
   13.618618619    2.712054567    2.712054565    2.712054566
   13.633633634    2.736218723    2.736218722    2.736218723
   13.648648649    2.752912394    2.752912392    2.752912393
   13.663663664    2.762016100    2.762016098    2.762016099
   13.678678679    2.770225101    2.770225099    2.770225100
   13.693693694    2.784311647    2.784311645    2.784311646
   13.708708709    2.803600750    2.803600748    2.803600749
   13.723723724    2.824197360    2.824197359    2.824197359
   13.738738739    2.843971985    2.843971984    2.843971985
   13.753753754    2.862677165    2.862677164    2.862677164
   13.768768769    2.880960220    2.880960219    2.880960219
   13.783783784    2.895656119    2.895656117    2.895656118
   13.798798799    2.897282967    2.897282966    2.897282966
   13.813813814    2.883489366    2.883489365    2.883489366
   13.828828829    2.865233730    2.865233729    2.865233729
   13.843843844    2.853998188    2.853998187    2.853998187
   13.858858859    2.855217204    2.855217203    2.855217204
   13.873873874    2.871750853    2.871750851    2.871750852
   13.888888889    2.901412688    2.901412687    2.901412688
   13.903903904    2.934836111    2.934836109    2.934836110
   13.918918919    2.960454991    2.960454989    2.960454990
   13.933933934    2.973398576    2.973398574    2.973398575
   13.948948949    2.979946413    2.979946412    2.979946413
   13.963963964    2.987417362    2.987417361    2.987417362
   13.978978979    2.996258265    2.996258264    2.996258265
   13.993993994    3.008228916    3.008228915    3.008228915
   14.009009009    3.029413206    3.029413204    3.029413205
   14.024024024    3.058907087    3.058907086    3.058907087
   14.039039039    3.085451694    3.085451693    3.085451693
   14.054054054    3.099996192    3.099996190    3.099996191
   14.069069069    3.103204061    3.103204059    3.103204060
   14.084084084    3.100176155    3.100176154    3.100176154
   14.099099099    3.099097200    3.099097199    3.099097200
   14.114114114    3.108201093    3.108201092    3.108201093
   14.129129129    3.126691171    3.126691170    3.126691170
   14.144144144    3.147590980    3.147590979    3.147590979
   14.159159159    3.168617508    3.168617507    3.168617507
   14.174174174    3.192087727    3.192087726    3.192087726
   14.189189189    3.218432968    3.218432967    3.218432968
   14.204204204    3.247188303    3.247188301    3.247188302
   14.219219219    3.277073526    3.277073525    3.277073525
   14.234234234    3.305603240    3.305603238    3.305603239
   14.249249249    3.331359527    3.331359526    3.331359527
   14.264264264    3.354395742    3.354395741    3.354395742
   14.279279279    3.372647215    3.372647214    3.372647215
   14.294294294    3.384048975    3.384048974    3.384048975
   14.309309309    3.396497925    3.396497924    3.396497924
   14.324324324    3.422895558    3.422895557    3.422895558
   14.339339339    3.463748043    3.463748042    3.463748042
   14.354354354    3.504620841    3.504620840    3.504620841
   14.369369369    3.539101463    3.539101462    3.539101462
   14.384384384    3.577009969    3.577009968    3.577009969
   14.399399399    3.622822452    3.622822451    3.622822451
   14.414414414    3.664482886    3.664482885    3.664482885
   14.429429429    3.691695384    3.691695384    3.691695384
   14.444444444    3.705232468    3.705232468    3.705232468
   14.459459459    3.708650859    3.708650859    3.708650859
   14.474474474    3.707174971    3.707174971    3.707174971
   14.489489489    3.706556190    3.706556190    3.706556190
   14.504504505    3.711625352    3.711625352    3.711625352
   14.519519520    3.723650344    3.723650344    3.723650344
   14.534534535    3.738534296    3.738534297    3.738534297
   14.549549550    3.745651329    3.745651329    3.745651329
   14.564564565    3.736520903    3.736520904    3.736520903
   14.579579580    3.715841407    3.715841407    3.715841407
   14.594594595    3.696421569    3.696421570    3.696421569
   14.609609610    3.686460867    3.686460868    3.686460867
   14.624624625    3.684224168    3.684224168    3.684224168
   14.639639640    3.684632253    3.684632253    3.684632253
   14.654654655    3.687337272    3.687337272    3.687337272
   14.669669670    3.697418350    3.697418351    3.697418351
   14.684684685    3.719136997    3.719136998    3.719136997
   14.699699700    3.744331648    3.744331648    3.744331648
   14.714714715    3.760447439    3.760447440    3.760447439
   14.729729730    3.766495702    3.766495703    3.766495702
   14.744744745    3.765485347    3.765485348    3.765485348
   14.759759760    3.754476708    3.754476709    3.754476708
   14.774774775    3.729239116    3.729239118    3.729239117
   14.789789790    3.687562576    3.687562577    3.687562576
   14.804804805    3.635730316    3.635730317    3.635730316
   14.819819820    3.589331388    3.589331390    3.589331389
   14.834834835    3.560843447    3.560843448    3.560843448
   14.849849850    3.555112275    3.555112277    3.555112276
   14.864864865    3.573510013    3.573510015    3.573510014
   14.879879880    3.613461384    3.613461386    3.613461385
   14.894894895    3.662003312    3.662003313    3.662003313
   14.909909910    3.697449882    3.697449883    3.697449882
   14.924924925    3.707933389    3.707933390    3.707933389
   14.939939940    3.702135743    3.702135745    3.702135744
   14.954954955    3.695582300    3.695582302    3.695582301
   14.969969970    3.694356030    3.694356032    3.694356031
   14.984984985    3.697433996    3.697433998    3.697433997
   15.000000000    3.703601501    3.703601503    3.703601502
