# energy grid [eV]     epsi_x  epsi_y  epsi_z
#
    0.000000000    0.000000000    0.000000000    0.000000000
    0.015015015    0.011407494    0.011407494    0.011407494
    0.030030030    0.022973345    0.022973345    0.022973345
    0.045045045    0.034863378    0.034863378    0.034863378
    0.060060060    0.047259042    0.047259042    0.047259042
    0.075075075    0.060367048    0.060367048    0.060367048
    0.090090090    0.074431488    0.074431488    0.074431488
    0.105105105    0.089749860    0.089749860    0.089749860
    0.120120120    0.106695056    0.106695056    0.106695056
    0.135135135    0.125746466    0.125746466    0.125746466
    0.150150150    0.147535097    0.147535097    0.147535097
    0.165165165    0.172910565    0.172910565    0.172910565
    0.180180180    0.203042714    0.203042714    0.203042714
    0.195195195    0.239578861    0.239578861    0.239578861
    0.210210210    0.284891388    0.284891388    0.284891388
    0.225225225    0.342472192    0.342472192    0.342472192
    0.240240240    0.417560363    0.417560363    0.417560363
    0.255255255    0.518109179    0.518109179    0.518109179
    0.270270270    0.656105960    0.656105960    0.656105960
    0.285285285    0.848621464    0.848621464    0.848621464
    0.300300300    1.115291331    1.115291331    1.115291331
    0.315315315    1.461020900    1.461020900    1.461020900
    0.330330330    1.825157486    1.825157486    1.825157486
    0.345345345    2.035714653    2.035714653    2.035714653
    0.360360360    1.946965158    1.946965158    1.946965158
    0.375375375    1.652161577    1.652161577    1.652161577
    0.390390390    1.343140438    1.343140438    1.343140438
    0.405405405    1.112854463    1.112854463    1.112854463
    0.420420420    0.971238457    0.971238457    0.971238457
    0.435435435    0.904887317    0.904887317    0.904887317
    0.450450450    0.902243177    0.902243177    0.902243177
    0.465465465    0.958101130    0.958101130    0.958101130
    0.480480480    1.071080219    1.071080219    1.071080219
    0.495495495    1.242868442    1.242868442    1.242868442
    0.510510511    1.484879975    1.484879975    1.484879975
    0.525525526    1.803404359    1.803404359    1.803404359
    0.540540541    2.134589926    2.134589926    2.134589926
    0.555555556    2.309492368    2.309492368    2.309492368
    0.570570571    2.214326248    2.214326248    2.214326248
    0.585585586    1.963412940    1.963412940    1.963412940
    0.600600601    1.741548053    1.741548053    1.741548053
    0.615615616    1.636729232    1.636729232    1.636729232
    0.630630631    1.653988373    1.653988373    1.653988373
    0.645645646    1.744930101    1.744930101    1.744930101
    0.660660661    1.819633323    1.819633323    1.819633323
    0.675675676    1.817172191    1.817172191    1.817172191
    0.690690691    1.744597793    1.744597793    1.744597793
    0.705705706    1.623317792    1.623317792    1.623317792
    0.720720721    1.500188074    1.500188074    1.500188074
    0.735735736    1.431077701    1.431077701    1.431077701
    0.750750751    1.428703959    1.428703959    1.428703959
    0.765765766    1.463967965    1.463967965    1.463967965
    0.780780781    1.515912423    1.515912423    1.515912423
    0.795795796    1.610526685    1.610526685    1.610526685
    0.810810811    1.775328970    1.775328970    1.775328970
    0.825825826    1.982770399    1.982770399    1.982770399
    0.840840841    2.162117391    2.162117391    2.162117391
    0.855855856    2.265024487    2.265024487    2.265024487
    0.870870871    2.277914195    2.277914195    2.277914195
    0.885885886    2.236109435    2.236109435    2.236109435
    0.900900901    2.220218726    2.220218726    2.220218726
    0.915915916    2.243958833    2.243958833    2.243958833
    0.930930931    2.236760530    2.236760530    2.236760530
    0.945945946    2.164088999    2.164088999    2.164088999
    0.960960961    2.055503377    2.055503377    2.055503377
    0.975975976    1.925219664    1.925219664    1.925219664
    0.990990991    1.783873868    1.783873868    1.783873868
    1.006006006    1.672108383    1.672108383    1.672108383
    1.021021021    1.620673402    1.620673402    1.620673402
    1.036036036    1.616038215    1.616038215    1.616038215
    1.051051051    1.637307414    1.637307414    1.637307414
    1.066066066    1.698906139    1.698906139    1.698906139
    1.081081081    1.816127558    1.816127558    1.816127558
    1.096096096    1.973661078    1.973661078    1.973661078
    1.111111111    2.159049835    2.159049835    2.159049835
    1.126126126    2.368929967    2.368929967    2.368929967
    1.141141141    2.560916576    2.560916576    2.560916576
    1.156156156    2.684313485    2.684313485    2.684313485
    1.171171171    2.725741902    2.725741902    2.725741902
    1.186186186    2.692896447    2.692896447    2.692896447
    1.201201201    2.603037270    2.603037270    2.603037270
    1.216216216    2.452819965    2.452819965    2.452819965
    1.231231231    2.270525702    2.270525702    2.270525702
    1.246246246    2.140675029    2.140675029    2.140675029
    1.261261261    2.117412617    2.117412617    2.117412617
    1.276276276    2.181466627    2.181466627    2.181466627
    1.291291291    2.265296044    2.265296044    2.265296044
    1.306306306    2.301656420    2.301656420    2.301656420
    1.321321321    2.253136765    2.253136765    2.253136765
    1.336336336    2.144991120    2.144991120    2.144991120
    1.351351351    2.047810180    2.047810180    2.047810180
    1.366366366    2.013781447    2.013781447    2.013781447
    1.381381381    2.058010041    2.058010041    2.058010041
    1.396396396    2.191440501    2.191440501    2.191440501
    1.411411411    2.429751422    2.429751422    2.429751422
    1.426426426    2.751283017    2.751283017    2.751283017
    1.441441441    3.079949944    3.079949944    3.079949944
    1.456456456    3.314297950    3.314297950    3.314297950
    1.471471471    3.384463261    3.384463261    3.384463261
    1.486486486    3.304876105    3.304876105    3.304876105
    1.501501502    3.145151073    3.145151073    3.145151073
    1.516516517    2.969598548    2.969598548    2.969598548
    1.531531532    2.826261431    2.826261431    2.826261431
    1.546546547    2.753510139    2.753510139    2.753510139
    1.561561562    2.733790175    2.733790175    2.733790175
    1.576576577    2.699659232    2.699659232    2.699659232
    1.591591592    2.623484420    2.623484420    2.623484420
    1.606606607    2.545406559    2.545406559    2.545406559
    1.621621622    2.527669258    2.527669258    2.527669258
    1.636636637    2.591765634    2.591765634    2.591765634
    1.651651652    2.713419403    2.713419403    2.713419403
    1.666666667    2.896369662    2.896369662    2.896369662
    1.681681682    3.179036096    3.179036096    3.179036096
    1.696696697    3.550006134    3.550006134    3.550006134
    1.711711712    3.921626288    3.921626288    3.921626288
    1.726726727    4.161131725    4.161131725    4.161131725
    1.741741742    4.175352612    4.175352612    4.175352612
    1.756756757    4.020496503    4.020496503    4.020496503
    1.771771772    3.836116905    3.836116905    3.836116905
    1.786786787    3.718967455    3.718967455    3.718967455
    1.801801802    3.671913540    3.671913540    3.671913540
    1.816816817    3.637822245    3.637822245    3.637822245
    1.831831832    3.597851492    3.597851492    3.597851492
    1.846846847    3.584883281    3.584883281    3.584883281
    1.861861862    3.638659152    3.638659152    3.638659152
    1.876876877    3.788920397    3.788920397    3.788920397
    1.891891892    4.054960453    4.054960453    4.054960453
    1.906906907    4.432840392    4.432840392    4.432840392
    1.921921922    4.870298881    4.870298881    4.870298881
    1.936936937    5.254572032    5.254572032    5.254572032
    1.951951952    5.470236586    5.470236585    5.470236586
    1.966966967    5.506752729    5.506752729    5.506752729
    1.981981982    5.440811616    5.440811616    5.440811616
    1.996996997    5.373353990    5.373353990    5.373353990
    2.012012012    5.410947710    5.410947710    5.410947710
    2.027027027    5.593659514    5.593659514    5.593659514
    2.042042042    5.864026155    5.864026155    5.864026155
    2.057057057    6.162226809    6.162226809    6.162226809
    2.072072072    6.510300260    6.510300260    6.510300260
    2.087087087    6.929885810    6.929885810    6.929885811
    2.102102102    7.395593809    7.395593809    7.395593809
    2.117117117    7.917199534    7.917199534    7.917199534
    2.132132132    8.532946208    8.532946208    8.532946208
    2.147147147    9.220509493    9.220509493    9.220509493
    2.162162162    9.921893537    9.921893537    9.921893537
    2.177177177   10.590113354   10.590113354   10.590113354
    2.192192192   11.145164070   11.145164070   11.145164070
    2.207207207   11.515672405   11.515672405   11.515672405
    2.222222222   11.693998286   11.693998286   11.693998286
    2.237237237   11.721852402   11.721852402   11.721852402
    2.252252252   11.662728945   11.662728945   11.662728945
    2.267267267   11.560027124   11.560027124   11.560027124
    2.282282282   11.450062949   11.450062949   11.450062949
    2.297297297   11.414552542   11.414552542   11.414552542
    2.312312312   11.527643066   11.527643066   11.527643066
    2.327327327   11.757523375   11.757523375   11.757523375
    2.342342342   11.940200630   11.940200630   11.940200630
    2.357357357   11.921680338   11.921680338   11.921680338
    2.372372372   11.728884497   11.728884497   11.728884497
    2.387387387   11.466091889   11.466091889   11.466091889
    2.402402402   11.205526244   11.205526244   11.205526244
    2.417417417   11.011398847   11.011398847   11.011398847
    2.432432432   10.909969072   10.909969072   10.909969072
    2.447447447   10.885034821   10.885034821   10.885034821
    2.462462462   10.928397683   10.928397683   10.928397683
    2.477477477   11.063563341   11.063563341   11.063563341
    2.492492492   11.242493375   11.242493374   11.242493375
    2.507507508   11.318474722   11.318474721   11.318474722
    2.522522523   11.196531654   11.196531654   11.196531654
    2.537537538   10.915328429   10.915328429   10.915328429
    2.552552553   10.546875135   10.546875135   10.546875135
    2.567567568   10.170656536   10.170656536   10.170656536
    2.582582583    9.887654471    9.887654471    9.887654471
    2.597597598    9.745154214    9.745154214    9.745154214
    2.612612613    9.733055785    9.733055785    9.733055785
    2.627627628    9.820241598    9.820241598    9.820241598
    2.642642643    9.925303041    9.925303041    9.925303041
    2.657657658    9.960186550    9.960186550    9.960186550
    2.672672673    9.919369581    9.919369581    9.919369581
    2.687687688    9.864224557    9.864224557    9.864224557
    2.702702703    9.830355455    9.830355455    9.830355455
    2.717717718    9.805188513    9.805188513    9.805188513
    2.732732733    9.751561714    9.751561714    9.751561714
    2.747747748    9.643660677    9.643660677    9.643660677
    2.762762763    9.495020232    9.495020232    9.495020232
    2.777777778    9.334983351    9.334983351    9.334983351
    2.792792793    9.207436258    9.207436258    9.207436258
    2.807807808    9.132823513    9.132823513    9.132823513
    2.822822823    9.081399395    9.081399395    9.081399395
    2.837837838    9.019858133    9.019858133    9.019858133
    2.852852853    8.939168433    8.939168433    8.939168433
    2.867867868    8.841100382    8.841100382    8.841100382
    2.882882883    8.744567367    8.744567367    8.744567367
    2.897897898    8.686704350    8.686704349    8.686704350
    2.912912913    8.685614822    8.685614821    8.685614822
    2.927927928    8.713104919    8.713104918    8.713104918
    2.942942943    8.724354486    8.724354486    8.724354486
    2.957957958    8.716971695    8.716971695    8.716971695
    2.972972973    8.708514149    8.708514149    8.708514149
    2.987987988    8.700357049    8.700357049    8.700357049
    3.003003003    8.668711602    8.668711602    8.668711602
    3.018018018    8.585460632    8.585460632    8.585460632
    3.033033033    8.451860758    8.451860758    8.451860758
    3.048048048    8.305813972    8.305813972    8.305813972
    3.063063063    8.196933265    8.196933265    8.196933265
    3.078078078    8.143641791    8.143641791    8.143641791
    3.093093093    8.124414923    8.124414923    8.124414923
    3.108108108    8.096142229    8.096142229    8.096142229
    3.123123123    8.037340020    8.037340020    8.037340020
    3.138138138    7.977673865    7.977673865    7.977673865
    3.153153153    7.953796118    7.953796118    7.953796118
    3.168168168    7.965977447    7.965977448    7.965977448
    3.183183183    8.005562497    8.005562497    8.005562497
    3.198198198    8.074940374    8.074940374    8.074940374
    3.213213213    8.167685267    8.167685268    8.167685267
    3.228228228    8.227444503    8.227444503    8.227444503
    3.243243243    8.184137321    8.184137321    8.184137321
    3.258258258    8.049527353    8.049527353    8.049527353
    3.273273273    7.914131501    7.914131501    7.914131501
    3.288288288    7.827234731    7.827234731    7.827234731
    3.303303303    7.778078254    7.778078254    7.778078254
    3.318318318    7.759088749    7.759088749    7.759088749
    3.333333333    7.755344240    7.755344240    7.755344240
    3.348348348    7.756429043    7.756429043    7.756429043
    3.363363363    7.763246431    7.763246431    7.763246431
    3.378378378    7.764126281    7.764126281    7.764126281
    3.393393393    7.756575972    7.756575972    7.756575972
    3.408408408    7.748314780    7.748314780    7.748314780
    3.423423423    7.767660350    7.767660350    7.767660350
    3.438438438    7.833623906    7.833623906    7.833623906
    3.453453453    7.899290751    7.899290751    7.899290751
    3.468468468    7.913928197    7.913928197    7.913928197
    3.483483483    7.893934022    7.893934022    7.893934022
    3.498498498    7.879927882    7.879927882    7.879927882
    3.513513514    7.883157766    7.883157766    7.883157766
    3.528528529    7.918338571    7.918338571    7.918338571
    3.543543544    7.998565466    7.998565466    7.998565466
    3.558558559    8.081882797    8.081882797    8.081882797
    3.573573574    8.123459440    8.123459440    8.123459440
    3.588588589    8.142871291    8.142871291    8.142871291
    3.603603604    8.170509793    8.170509793    8.170509793
    3.618618619    8.213577791    8.213577791    8.213577791
    3.633633634    8.282719471    8.282719471    8.282719471
    3.648648649    8.377057395    8.377057395    8.377057395
    3.663663664    8.455752860    8.455752860    8.455752860
    3.678678679    8.493418252    8.493418252    8.493418252
    3.693693694    8.538456465    8.538456465    8.538456465
    3.708708709    8.655744993    8.655744993    8.655744993
    3.723723724    8.865092483    8.865092483    8.865092483
    3.738738739    9.155853870    9.155853870    9.155853870
    3.753753754    9.498847588    9.498847588    9.498847588
    3.768768769    9.882037995    9.882037995    9.882037995
    3.783783784   10.360068999   10.360068999   10.360068999
    3.798798799   10.979844274   10.979844274   10.979844274
    3.813813814   11.701156759   11.701156759   11.701156759
    3.828828829   12.440174268   12.440174268   12.440174268
    3.843843844   13.139313320   13.139313320   13.139313320
    3.858858859   13.788595627   13.788595627   13.788595627
    3.873873874   14.416665055   14.416665055   14.416665055
    3.888888889   15.041110831   15.041110831   15.041110831
    3.903903904   15.631971636   15.631971636   15.631971636
    3.918918919   16.164998650   16.164998650   16.164998650
    3.933933934   16.668964357   16.668964357   16.668964357
    3.948948949   17.169548763   17.169548763   17.169548763
    3.963963964   17.664814565   17.664814565   17.664814565
    3.978978979   18.160576352   18.160576352   18.160576352
    3.993993994   18.654728597   18.654728597   18.654728597
    4.009009009   19.128575331   19.128575331   19.128575331
    4.024024024   19.550116622   19.550116622   19.550116622
    4.039039039   19.899269060   19.899269059   19.899269060
    4.054054054   20.225308272   20.225308272   20.225308272
    4.069069069   20.621507712   20.621507712   20.621507712
    4.084084084   21.138797324   21.138797324   21.138797324
    4.099099099   21.767364360   21.767364360   21.767364360
    4.114114114   22.510694763   22.510694763   22.510694763
    4.129129129   23.432441415   23.432441415   23.432441415
    4.144144144   24.529943745   24.529943745   24.529943745
    4.159159159   25.658442450   25.658442450   25.658442450
    4.174174174   26.653326721   26.653326721   26.653326721
    4.189189189   27.354469558   27.354469558   27.354469558
    4.204204204   27.527921555   27.527921555   27.527921555
    4.219219219   27.041073488   27.041073488   27.041073488
    4.234234234   26.027217415   26.027217415   26.027217415
    4.249249249   24.792731746   24.792731746   24.792731746
    4.264264264   23.591750591   23.591750591   23.591750591
    4.279279279   22.442345009   22.442345009   22.442345009
    4.294294294   21.201780309   21.201780309   21.201780309
    4.309309309   19.893766939   19.893766939   19.893766939
    4.324324324   18.762566666   18.762566666   18.762566666
    4.339339339   17.971227329   17.971227329   17.971227329
    4.354354354   17.492310485   17.492310485   17.492310485
    4.369369369   17.212283725   17.212283725   17.212283725
    4.384384384   16.976490322   16.976490322   16.976490322
    4.399399399   16.597517508   16.597517508   16.597517508
    4.414414414   15.959516363   15.959516363   15.959516363
    4.429429429   15.162365015   15.162365015   15.162365015
    4.444444444   14.409655791   14.409655791   14.409655791
    4.459459459   13.799261014   13.799261014   13.799261014
    4.474474474   13.365115725   13.365115725   13.365115725
    4.489489489   13.117357659   13.117357659   13.117357659
    4.504504505   13.006512403   13.006512403   13.006512403
    4.519519520   12.951496497   12.951496497   12.951496497
    4.534534535   12.890511690   12.890511690   12.890511690
    4.549549550   12.759804386   12.759804386   12.759804386
    4.564564565   12.478885738   12.478885738   12.478885738
    4.579579580   12.019461627   12.019461627   12.019461627
    4.594594595   11.483288823   11.483288823   11.483288823
    4.609609610   11.035286299   11.035286299   11.035286299
    4.624624625   10.775802843   10.775802843   10.775802843
    4.639639640   10.711962728   10.711962728   10.711962728
    4.654654655   10.799229501   10.799229501   10.799229501
    4.669669670   10.986966920   10.986966920   10.986966920
    4.684684685   11.212414163   11.212414163   11.212414163
    4.699699700   11.401555263   11.401555263   11.401555263
    4.714714715   11.521393704   11.521393704   11.521393704
    4.729729730   11.589297292   11.589297292   11.589297292
    4.744744745   11.605183846   11.605183846   11.605183846
    4.759759760   11.510264788   11.510264788   11.510264788
    4.774774775   11.234346701   11.234346701   11.234346701
    4.789789790   10.796327936   10.796327936   10.796327936
    4.804804805   10.313320320   10.313320320   10.313320320
    4.819819820    9.898556291    9.898556291    9.898556291
    4.834834835    9.595281403    9.595281403    9.595281403
    4.849849850    9.387248893    9.387248893    9.387248893
    4.864864865    9.246270198    9.246270198    9.246270198
    4.879879880    9.159665965    9.159665965    9.159665965
    4.894894895    9.126306171    9.126306171    9.126306171
    4.909909910    9.142729732    9.142729732    9.142729732
    4.924924925    9.197255139    9.197255139    9.197255139
    4.939939940    9.276953314    9.276953314    9.276953314
    4.954954955    9.371159922    9.371159922    9.371159922
    4.969969970    9.454530826    9.454530826    9.454530826
    4.984984985    9.471839565    9.471839565    9.471839565
    5.000000000    9.362207708    9.362207708    9.362207708
    5.015015015    9.113506553    9.113506553    9.113506553
    5.030030030    8.766308730    8.766308730    8.766308730
    5.045045045    8.380477694    8.380477694    8.380477694
    5.060060060    8.015568664    8.015568664    8.015568664
    5.075075075    7.711529542    7.711529542    7.711529542
    5.090090090    7.474082522    7.474082522    7.474082522
    5.105105105    7.288884467    7.288884467    7.288884467
    5.120120120    7.147321013    7.147321013    7.147321013
    5.135135135    7.053903065    7.053903065    7.053903065
    5.150150150    7.030217019    7.030217019    7.030217019
    5.165165165    7.091420743    7.091420743    7.091420743
    5.180180180    7.216709439    7.216709439    7.216709439
    5.195195195    7.366998307    7.366998307    7.366998307
    5.210210210    7.508886240    7.508886240    7.508886240
    5.225225225    7.622166429    7.622166429    7.622166429
    5.240240240    7.682846475    7.682846475    7.682846475
    5.255255255    7.662654917    7.662654917    7.662654917
    5.270270270    7.562704963    7.562704963    7.562704963
    5.285285285    7.422086860    7.422086860    7.422086860
    5.300300300    7.261404907    7.261404907    7.261404907
    5.315315315    7.079509681    7.079509681    7.079509681
    5.330330330    6.900024969    6.900024969    6.900024969
    5.345345345    6.752046380    6.752046380    6.752046380
    5.360360360    6.645510157    6.645510157    6.645510157
    5.375375375    6.583705387    6.583705387    6.583705387
    5.390390390    6.569530163    6.569530163    6.569530163
    5.405405405    6.609032469    6.609032469    6.609032469
    5.420420420    6.714105780    6.714105780    6.714105780
    5.435435435    6.882395718    6.882395718    6.882395718
    5.450450450    7.081404873    7.081404873    7.081404873
    5.465465465    7.268303666    7.268303666    7.268303666
    5.480480480    7.426951172    7.426951172    7.426951172
    5.495495495    7.565999103    7.565999103    7.565999103
    5.510510511    7.687119260    7.687119260    7.687119260
    5.525525526    7.778421090    7.778421090    7.778421090
    5.540540541    7.843471845    7.843471845    7.843471845
    5.555555556    7.912402344    7.912402344    7.912402344
    5.570570571    8.016422132    8.016422132    8.016422132
    5.585585586    8.175541299    8.175541299    8.175541299
    5.600600601    8.388687826    8.388687826    8.388687826
    5.615615616    8.640017207    8.640017207    8.640017207
    5.630630631    8.913606626    8.913606626    8.913606626
    5.645645646    9.163765290    9.163765290    9.163765290
    5.660660661    9.310894042    9.310894042    9.310894042
    5.675675676    9.302267901    9.302267901    9.302267901
    5.690690691    9.154742568    9.154742568    9.154742568
    5.705705706    8.920814375    8.920814375    8.920814375
    5.720720721    8.648863113    8.648863113    8.648863113
    5.735735736    8.382508175    8.382508175    8.382508175
    5.750750751    8.152251366    8.152251366    8.152251366
    5.765765766    7.948672031    7.948672031    7.948672031
    5.780780781    7.745201179    7.745201179    7.745201179
    5.795795796    7.536593237    7.536593237    7.536593237
    5.810810811    7.329496653    7.329496653    7.329496653
    5.825825826    7.132213678    7.132213678    7.132213678
    5.840840841    6.960786781    6.960786781    6.960786781
    5.855855856    6.830035827    6.830035827    6.830035827
    5.870870871    6.739275799    6.739275799    6.739275799
    5.885885886    6.683517774    6.683517774    6.683517774
    5.900900901    6.658419162    6.658419162    6.658419162
    5.915915916    6.648333320    6.648333320    6.648333320
    5.930930931    6.628010106    6.628010106    6.628010106
    5.945945946    6.582904526    6.582904526    6.582904526
    5.960960961    6.520292606    6.520292606    6.520292606
    5.975975976    6.450657129    6.450657129    6.450657129
    5.990990991    6.375905844    6.375905844    6.375905844
    6.006006006    6.302617392    6.302617392    6.302617392
    6.021021021    6.239654102    6.239654102    6.239654102
    6.036036036    6.179345825    6.179345825    6.179345825
    6.051051051    6.099661554    6.099661554    6.099661554
    6.066066066    5.985133486    5.985133486    5.985133486
    6.081081081    5.849885244    5.849885244    5.849885244
    6.096096096    5.724416384    5.724416384    5.724416384
    6.111111111    5.616645019    5.616645019    5.616645019
    6.126126126    5.517956987    5.517956987    5.517956987
    6.141141141    5.434572893    5.434572893    5.434572893
    6.156156156    5.377718642    5.377718642    5.377718642
    6.171171171    5.343616184    5.343616184    5.343616184
    6.186186186    5.324904463    5.324904463    5.324904463
    6.201201201    5.315189804    5.315189804    5.315189804
    6.216216216    5.298617613    5.298617613    5.298617613
    6.231231231    5.256611178    5.256611178    5.256611178
    6.246246246    5.192448275    5.192448275    5.192448275
    6.261261261    5.128382595    5.128382595    5.128382595
    6.276276276    5.077169449    5.077169449    5.077169449
    6.291291291    5.034954210    5.034954210    5.034954210
    6.306306306    4.993308681    4.993308681    4.993308681
    6.321321321    4.947477925    4.947477925    4.947477925
    6.336336336    4.894681988    4.894681988    4.894681988
    6.351351351    4.827192225    4.827192225    4.827192225
    6.366366366    4.743504898    4.743504898    4.743504898
    6.381381381    4.658209358    4.658209358    4.658209358
    6.396396396    4.582648375    4.582648375    4.582648375
    6.411411411    4.513058466    4.513058466    4.513058466
    6.426426426    4.446502015    4.446502015    4.446502015
    6.441441441    4.386344436    4.386344436    4.386344436
    6.456456456    4.334713240    4.334713240    4.334713240
    6.471471471    4.288315185    4.288315185    4.288315185
    6.486486486    4.245293427    4.245293427    4.245293427
    6.501501502    4.206415260    4.206415260    4.206415260
    6.516516517    4.174754523    4.174754523    4.174754523
    6.531531532    4.152272000    4.152272000    4.152272000
    6.546546547    4.139022878    4.139022878    4.139022878
    6.561561562    4.137039641    4.137039641    4.137039641
    6.576576577    4.137837501    4.137837501    4.137837501
    6.591591592    4.119863701    4.119863701    4.119863701
    6.606606607    4.071763806    4.071763806    4.071763806
    6.621621622    4.003489691    4.003489691    4.003489691
    6.636636637    3.929657528    3.929657528    3.929657528
    6.651651652    3.853049186    3.853049186    3.853049186
    6.666666667    3.773542123    3.773542123    3.773542123
    6.681681682    3.696747617    3.696747617    3.696747617
    6.696696697    3.628402451    3.628402451    3.628402451
    6.711711712    3.572600841    3.572600841    3.572600841
    6.726726727    3.531773047    3.531773047    3.531773047
    6.741741742    3.508248953    3.508248953    3.508248953
    6.756756757    3.502771369    3.502771369    3.502771369
    6.771771772    3.511387801    3.511387801    3.511387801
    6.786786787    3.527952085    3.527952085    3.527952085
    6.801801802    3.545442868    3.545442868    3.545442868
    6.816816817    3.554933055    3.554933055    3.554933055
    6.831831832    3.543979929    3.543979929    3.543979929
    6.846846847    3.504283351    3.504283351    3.504283351
    6.861861862    3.440629090    3.440629090    3.440629090
    6.876876877    3.365348498    3.365348498    3.365348498
    6.891891892    3.289867416    3.289867416    3.289867416
    6.906906907    3.221134388    3.221134388    3.221134388
    6.921921922    3.165751880    3.165751880    3.165751880
    6.936936937    3.131507014    3.131507014    3.131507014
    6.951951952    3.114938269    3.114938269    3.114938269
    6.966966967    3.101602591    3.101602591    3.101602591
    6.981981982    3.082503443    3.082503443    3.082503443
    6.996996997    3.062257765    3.062257765    3.062257765
    7.012012012    3.049374027    3.049374027    3.049374027
    7.027027027    3.041518115    3.041518115    3.041518115
    7.042042042    3.028166153    3.028166153    3.028166153
    7.057057057    2.999162126    2.999162126    2.999162126
    7.072072072    2.951422629    2.951422629    2.951422629
    7.087087087    2.896290153    2.896290153    2.896290153
    7.102102102    2.853697029    2.853697029    2.853697029
    7.117117117    2.836829443    2.836829443    2.836829443
    7.132132132    2.843722172    2.843722172    2.843722172
    7.147147147    2.861788998    2.861788998    2.861788998
    7.162162162    2.881019119    2.881019119    2.881019119
    7.177177177    2.897956699    2.897956699    2.897956699
    7.192192192    2.908687969    2.908687969    2.908687969
    7.207207207    2.905531162    2.905531162    2.905531162
    7.222222222    2.881581559    2.881581559    2.881581559
    7.237237237    2.834552906    2.834552906    2.834552906
    7.252252252    2.767807130    2.767807130    2.767807130
    7.267267267    2.693077342    2.693077342    2.693077342
    7.282282282    2.624178131    2.624178131    2.624178131
    7.297297297    2.568598713    2.568598713    2.568598713
    7.312312312    2.529272428    2.529272428    2.529272428
    7.327327327    2.507651825    2.507651825    2.507651825
    7.342342342    2.498978658    2.498978658    2.498978658
    7.357357357    2.494999842    2.494999842    2.494999842
    7.372372372    2.493474786    2.493474786    2.493474786
    7.387387387    2.499836975    2.499836975    2.499836975
    7.402402402    2.519302396    2.519302396    2.519302396
    7.417417417    2.550914850    2.550914850    2.550914850
    7.432432432    2.586267012    2.586267012    2.586267012
    7.447447447    2.611202428    2.611202428    2.611202428
    7.462462462    2.615931356    2.615931356    2.615931356
    7.477477477    2.598706308    2.598706308    2.598706308
    7.492492492    2.563147859    2.563147859    2.563147859
    7.507507508    2.515346569    2.515346569    2.515346569
    7.522522523    2.460946015    2.460946015    2.460946015
    7.537537538    2.404122975    2.404122975    2.404122975
    7.552552553    2.352409655    2.352409655    2.352409655
    7.567567568    2.317096970    2.317096970    2.317096970
    7.582582583    2.299449786    2.299449786    2.299449786
    7.597597598    2.286843669    2.286843669    2.286843669
    7.612612613    2.270481225    2.270481225    2.270481225
    7.627627628    2.256012313    2.256012313    2.256012313
    7.642642643    2.250270722    2.250270722    2.250270722
    7.657657658    2.252134292    2.252134292    2.252134292
    7.672672673    2.257311319    2.257311319    2.257311319
    7.687687688    2.263657927    2.263657927    2.263657927
    7.702702703    2.270084929    2.270084929    2.270084929
    7.717717718    2.273050242    2.273050242    2.273050242
    7.732732733    2.267216698    2.267216698    2.267216698
    7.747747748    2.252434608    2.252434608    2.252434608
    7.762762763    2.233662871    2.233662871    2.233662871
    7.777777778    2.211846443    2.211846443    2.211846443
    7.792792793    2.183894843    2.183894843    2.183894843
    7.807807808    2.150164455    2.150164455    2.150164455
    7.822822823    2.117486139    2.117486139    2.117486139
    7.837837838    2.091527179    2.091527179    2.091527179
    7.852852853    2.070594128    2.070594128    2.070594128
    7.867867868    2.052096046    2.052096046    2.052096046
    7.882882883    2.039305533    2.039305533    2.039305533
    7.897897898    2.034693778    2.034693778    2.034693778
    7.912912913    2.034069015    2.034069015    2.034069015
    7.927927928    2.033812501    2.033812501    2.033812501
    7.942942943    2.033768062    2.033768062    2.033768062
    7.957957958    2.033325734    2.033325734    2.033325734
    7.972972973    2.029815315    2.029815315    2.029815315
    7.987987988    2.019551462    2.019551462    2.019551462
    8.003003003    2.004712222    2.004712222    2.004712222
    8.018018018    1.991613736    1.991613736    1.991613736
    8.033033033    1.980181971    1.980181971    1.980181971
    8.048048048    1.966266976    1.966266976    1.966266976
    8.063063063    1.949783164    1.949783164    1.949783164
    8.078078078    1.934666152    1.934666152    1.934666152
    8.093093093    1.925450280    1.925450280    1.925450280
    8.108108108    1.925611060    1.925611060    1.925611060
    8.123123123    1.932134842    1.932134842    1.932134842
    8.138138138    1.937044728    1.937044729    1.937044729
    8.153153153    1.937235758    1.937235758    1.937235758
    8.168168168    1.933640771    1.933640771    1.933640771
    8.183183183    1.928414656    1.928414656    1.928414656
    8.198198198    1.922557755    1.922557755    1.922557755
    8.213213213    1.916049156    1.916049156    1.916049156
    8.228228228    1.913360471    1.913360471    1.913360471
    8.243243243    1.920560526    1.920560526    1.920560526
    8.258258258    1.940779618    1.940779618    1.940779618
    8.273273273    1.970339604    1.970339604    1.970339604
    8.288288288    1.998593543    1.998593543    1.998593543
    8.303303303    2.017630647    2.017630647    2.017630647
    8.318318318    2.026209418    2.026209418    2.026209418
    8.333333333    2.023315951    2.023315951    2.023315951
    8.348348348    2.006009503    2.006009503    2.006009503
    8.363363363    1.975481357    1.975481357    1.975481357
    8.378378378    1.942550648    1.942550648    1.942550648
    8.393393393    1.918146866    1.918146866    1.918146866
    8.408408408    1.900987064    1.900987064    1.900987064
    8.423423423    1.885425824    1.885425824    1.885425824
    8.438438438    1.870159606    1.870159606    1.870159606
    8.453453453    1.855899498    1.855899498    1.855899498
    8.468468468    1.842432269    1.842432269    1.842432269
    8.483483483    1.828049454    1.828049454    1.828049454
    8.498498498    1.811139857    1.811139857    1.811139857
    8.513513514    1.793024878    1.793024878    1.793024878
    8.528528529    1.776878487    1.776878487    1.776878487
    8.543543544    1.764624714    1.764624714    1.764624714
    8.558558559    1.756609190    1.756609190    1.756609190
    8.573573574    1.750517929    1.750517929    1.750517929
    8.588588589    1.743100439    1.743100439    1.743100439
    8.603603604    1.731914438    1.731914438    1.731914438
    8.618618619    1.716233679    1.716233679    1.716233679
    8.633633634    1.697683243    1.697683243    1.697683243
    8.648648649    1.678876410    1.678876410    1.678876410
    8.663663664    1.661040747    1.661040747    1.661040747
    8.678678679    1.643025250    1.643025250    1.643025250
    8.693693694    1.621519836    1.621519836    1.621519836
    8.708708709    1.595777509    1.595777509    1.595777509
    8.723723724    1.568147758    1.568147758    1.568147758
    8.738738739    1.539549694    1.539549694    1.539549694
    8.753753754    1.512076179    1.512076179    1.512076179
    8.768768769    1.490990841    1.490990841    1.490990841
    8.783783784    1.478349956    1.478349956    1.478349956
    8.798798799    1.470722139    1.470722139    1.470722139
    8.813813814    1.464690475    1.464690475    1.464690475
    8.828828829    1.458967556    1.458967556    1.458967556
    8.843843844    1.451235342    1.451235342    1.451235342
    8.858858859    1.437932615    1.437932615    1.437932615
    8.873873874    1.421536136    1.421536136    1.421536136
    8.888888889    1.409559818    1.409559818    1.409559818
    8.903903904    1.404155961    1.404155961    1.404155961
    8.918918919    1.401865973    1.401865973    1.401865973
    8.933933934    1.397749697    1.397749697    1.397749697
    8.948948949    1.389379323    1.389379323    1.389379323
    8.963963964    1.377696750    1.377696750    1.377696750
    8.978978979    1.361718662    1.361718662    1.361718662
    8.993993994    1.340626919    1.340626919    1.340626919
    9.009009009    1.319231652    1.319231652    1.319231652
    9.024024024    1.302500755    1.302500755    1.302500755
    9.039039039    1.289573376    1.289573376    1.289573376
    9.054054054    1.276935396    1.276935396    1.276935396
    9.069069069    1.263781725    1.263781725    1.263781725
    9.084084084    1.251753334    1.251753334    1.251753334
    9.099099099    1.241646928    1.241646928    1.241646928
    9.114114114    1.233075095    1.233075095    1.233075095
    9.129129129    1.225408719    1.225408719    1.225408719
    9.144144144    1.217218562    1.217218562    1.217218562
    9.159159159    1.207949401    1.207949401    1.207949401
    9.174174174    1.199576688    1.199576688    1.199576688
    9.189189189    1.194584772    1.194584772    1.194584772
    9.204204204    1.191106859    1.191106859    1.191106859
    9.219219219    1.186429712    1.186429712    1.186429712
    9.234234234    1.181382325    1.181382325    1.181382325
    9.249249249    1.178412340    1.178412340    1.178412340
    9.264264264    1.177446355    1.177446355    1.177446355
    9.279279279    1.175561736    1.175561736    1.175561736
    9.294294294    1.170852481    1.170852481    1.170852481
    9.309309309    1.163770565    1.163770565    1.163770565
    9.324324324    1.155609182    1.155609182    1.155609182
    9.339339339    1.147506460    1.147506460    1.147506460
    9.354354354    1.138300637    1.138300637    1.138300637
    9.369369369    1.124839781    1.124839781    1.124839781
    9.384384384    1.107533976    1.107533976    1.107533976
    9.399399399    1.089299712    1.089299712    1.089299712
    9.414414414    1.071877568    1.071877568    1.071877568
    9.429429429    1.057024567    1.057024567    1.057024567
    9.444444444    1.047920419    1.047920419    1.047920419
    9.459459459    1.047609836    1.047609836    1.047609836
    9.474474474    1.055759486    1.055759486    1.055759486
    9.489489489    1.066303830    1.066303830    1.066303830
    9.504504505    1.071383368    1.071383368    1.071383368
    9.519519520    1.067057312    1.067057312    1.067057312
    9.534534535    1.055379192    1.055379192    1.055379192
    9.549549550    1.041179934    1.041179934    1.041179934
    9.564564565    1.027263837    1.027263837    1.027263837
    9.579579580    1.014150474    1.014150474    1.014150474
    9.594594595    1.002317379    1.002317379    1.002317379
    9.609609610    0.994021776    0.994021776    0.994021776
    9.624624625    0.990623118    0.990623118    0.990623118
    9.639639640    0.991586153    0.991586153    0.991586153
    9.654654655    0.996542117    0.996542117    0.996542117
    9.669669670    1.005406297    1.005406297    1.005406297
    9.684684685    1.018276046    1.018276046    1.018276046
    9.699699700    1.032107117    1.032107117    1.032107117
    9.714714715    1.039554238    1.039554238    1.039554238
    9.729729730    1.035287965    1.035287965    1.035287965
    9.744744745    1.021699612    1.021699612    1.021699612
    9.759759760    1.007173679    1.007173679    1.007173679
    9.774774775    0.999386340    0.999386340    0.999386340
    9.789789790    1.000322470    1.000322470    1.000322470
    9.804804805    1.005436337    1.005436337    1.005436337
    9.819819820    1.007242318    1.007242318    1.007242318
    9.834834835    1.002282062    1.002282062    1.002282062
    9.849849850    0.993678818    0.993678818    0.993678818
    9.864864865    0.987153344    0.987153344    0.987153344
    9.879879880    0.985475890    0.985475890    0.985475890
    9.894894895    0.986688194    0.986688194    0.986688194
    9.909909910    0.986809692    0.986809692    0.986809692
    9.924924925    0.984155141    0.984155141    0.984155141
    9.939939940    0.979584797    0.979584797    0.979584797
    9.954954955    0.974090036    0.974090036    0.974090036
    9.969969970    0.969282940    0.969282940    0.969282940
    9.984984985    0.966738795    0.966738795    0.966738795
   10.000000000    0.966595174    0.966595174    0.966595174
   10.015015015    0.968253791    0.968253791    0.968253791
   10.030030030    0.970015254    0.970015254    0.970015254
   10.045045045    0.969117508    0.969117508    0.969117508
   10.060060060    0.963699392    0.963699392    0.963699392
   10.075075075    0.954146856    0.954146856    0.954146856
   10.090090090    0.943215195    0.943215195    0.943215195
   10.105105105    0.934093178    0.934093178    0.934093178
   10.120120120    0.928025945    0.928025945    0.928025945
   10.135135135    0.923301014    0.923301014    0.923301014
   10.150150150    0.917615413    0.917615413    0.917615413
   10.165165165    0.910786347    0.910786347    0.910786347
   10.180180180    0.902906083    0.902906083    0.902906083
   10.195195195    0.892769091    0.892769091    0.892769091
   10.210210210    0.879941752    0.879941752    0.879941752
   10.225225225    0.866438267    0.866438267    0.866438267
   10.240240240    0.855241114    0.855241114    0.855241114
   10.255255255    0.847469234    0.847469234    0.847469234
   10.270270270    0.841943976    0.841943976    0.841943976
   10.285285285    0.837426872    0.837426872    0.837426872
   10.300300300    0.832480324    0.832480324    0.832480324
   10.315315315    0.825802897    0.825802897    0.825802897
   10.330330330    0.818330171    0.818330171    0.818330171
   10.345345345    0.812389543    0.812389543    0.812389543
   10.360360360    0.809219362    0.809219362    0.809219362
   10.375375375    0.808462228    0.808462228    0.808462228
   10.390390390    0.808608205    0.808608205    0.808608205
   10.405405405    0.806303206    0.806303206    0.806303206
   10.420420420    0.799034303    0.799034303    0.799034303
   10.435435435    0.787776823    0.787776823    0.787776823
   10.450450450    0.775482797    0.775482797    0.775482797
   10.465465465    0.764894868    0.764894868    0.764894868
   10.480480480    0.757535694    0.757535694    0.757535694
   10.495495495    0.752373163    0.752373163    0.752373163
   10.510510511    0.746139857    0.746139857    0.746139857
   10.525525526    0.736585187    0.736585187    0.736585187
   10.540540541    0.724856688    0.724856688    0.724856688
   10.555555556    0.713815217    0.713815217    0.713815217
   10.570570571    0.704781135    0.704781135    0.704781135
   10.585585586    0.697767934    0.697767934    0.697767934
   10.600600601    0.692437732    0.692437732    0.692437732
   10.615615616    0.687372467    0.687372467    0.687372467
   10.630630631    0.681934723    0.681934723    0.681934723
   10.645645646    0.677013385    0.677013385    0.677013385
   10.660660661    0.673013156    0.673013156    0.673013156
   10.675675676    0.670533055    0.670533055    0.670533055
   10.690690691    0.670186453    0.670186453    0.670186453
   10.705705706    0.669736310    0.669736310    0.669736310
   10.720720721    0.665818573    0.665818573    0.665818573
   10.735735736    0.657740744    0.657740744    0.657740744
   10.750750751    0.648310423    0.648310423    0.648310423
   10.765765766    0.641769273    0.641769273    0.641769273
   10.780780781    0.639532492    0.639532492    0.639532492
   10.795795796    0.639637082    0.639637082    0.639637082
   10.810810811    0.638612292    0.638612292    0.638612292
   10.825825826    0.634112434    0.634112434    0.634112434
   10.840840841    0.626841900    0.626841900    0.626841900
   10.855855856    0.618599288    0.618599288    0.618599288
   10.870870871    0.610181008    0.610181008    0.610181008
   10.885885886    0.602451848    0.602451848    0.602451848
   10.900900901    0.596433144    0.596433144    0.596433144
   10.915915916    0.592453450    0.592453450    0.592453450
   10.930930931    0.590836234    0.590836234    0.590836234
   10.945945946    0.591556220    0.591556220    0.591556220
   10.960960961    0.593311909    0.593311909    0.593311909
   10.975975976    0.594416075    0.594416075    0.594416075
   10.990990991    0.594364833    0.594364833    0.594364833
   11.006006006    0.593610910    0.593610910    0.593610910
   11.021021021    0.591490269    0.591490269    0.591490269
   11.036036036    0.586777340    0.586777340    0.586777340
   11.051051051    0.579874223    0.579874223    0.579874223
   11.066066066    0.571744730    0.571744730    0.571744730
   11.081081081    0.563653882    0.563653882    0.563653882
   11.096096096    0.557907820    0.557907820    0.557907820
   11.111111111    0.555264222    0.555264222    0.555264222
   11.126126126    0.553897218    0.553897218    0.553897218
   11.141141141    0.551474491    0.551474491    0.551474491
   11.156156156    0.546952496    0.546952496    0.546952496
   11.171171171    0.541680032    0.541680032    0.541680032
   11.186186186    0.538338364    0.538338364    0.538338364
   11.201201201    0.537416302    0.537416302    0.537416302
   11.216216216    0.536759190    0.536759190    0.536759190
   11.231231231    0.534506886    0.534506886    0.534506886
   11.246246246    0.529832644    0.529832644    0.529832644
   11.261261261    0.522457759    0.522457759    0.522457759
   11.276276276    0.513834336    0.513834336    0.513834336
   11.291291291    0.507263720    0.507263720    0.507263720
   11.306306306    0.504865411    0.504865411    0.504865411
   11.321321321    0.505462555    0.505462555    0.505462555
   11.336336336    0.506462472    0.506462472    0.506462472
   11.351351351    0.506461916    0.506461916    0.506461916
   11.366366366    0.505232775    0.505232775    0.505232775
   11.381381381    0.503417795    0.503417795    0.503417795
   11.396396396    0.502121950    0.502121950    0.502121950
   11.411411411    0.501095319    0.501095319    0.501095319
   11.426426426    0.499046970    0.499046970    0.499046970
   11.441441441    0.496255381    0.496255381    0.496255381
   11.456456456    0.494287784    0.494287784    0.494287784
   11.471471471    0.493576829    0.493576829    0.493576829
   11.486486486    0.493576499    0.493576499    0.493576499
   11.501501502    0.493914249    0.493914249    0.493914249
   11.516516517    0.494754253    0.494754253    0.494754253
   11.531531532    0.495677679    0.495677679    0.495677679
   11.546546547    0.494925501    0.494925501    0.494925501
   11.561561562    0.490862164    0.490862164    0.490862164
   11.576576577    0.483769828    0.483769828    0.483769828
   11.591591592    0.475471574    0.475471574    0.475471574
   11.606606607    0.468063461    0.468063461    0.468063461
   11.621621622    0.462042868    0.462042868    0.462042868
   11.636636637    0.456320002    0.456320002    0.456320002
   11.651651652    0.450817922    0.450817922    0.450817922
   11.666666667    0.447184086    0.447184086    0.447184086
   11.681681682    0.446271304    0.446271304    0.446271304
   11.696696697    0.446843623    0.446843623    0.446843623
   11.711711712    0.446589475    0.446589475    0.446589475
   11.726726727    0.444408828    0.444408828    0.444408828
   11.741741742    0.441709856    0.441709856    0.441709856
   11.756756757    0.439977737    0.439977737    0.439977737
   11.771771772    0.439154438    0.439154438    0.439154438
   11.786786787    0.438513132    0.438513132    0.438513132
   11.801801802    0.437759185    0.437759185    0.437759185
   11.816816817    0.436722607    0.436722607    0.436722607
   11.831831832    0.434560532    0.434560532    0.434560532
   11.846846847    0.430050862    0.430050862    0.430050862
   11.861861862    0.422547014    0.422547014    0.422547014
   11.876876877    0.413151407    0.413151407    0.413151407
   11.891891892    0.404481510    0.404481510    0.404481510
   11.906906907    0.398097019    0.398097019    0.398097019
   11.921921922    0.393162411    0.393162411    0.393162411
   11.936936937    0.388258427    0.388258427    0.388258427
   11.951951952    0.383406803    0.383406803    0.383406803
   11.966966967    0.379128662    0.379128662    0.379128662
   11.981981982    0.375237205    0.375237205    0.375237205
   11.996996997    0.371536253    0.371536253    0.371536253
   12.012012012    0.368082267    0.368082267    0.368082267
   12.027027027    0.364845096    0.364845096    0.364845096
   12.042042042    0.361774069    0.361774069    0.361774069
   12.057057057    0.358916310    0.358916310    0.358916310
   12.072072072    0.356048420    0.356048420    0.356048420
   12.087087087    0.352792783    0.352792783    0.352792783
   12.102102102    0.349688602    0.349688602    0.349688602
   12.117117117    0.348469042    0.348469042    0.348469042
   12.132132132    0.350490292    0.350490292    0.350490292
   12.147147147    0.355079781    0.355079781    0.355079781
   12.162162162    0.360196331    0.360196331    0.360196331
   12.177177177    0.364317779    0.364317779    0.364317779
   12.192192192    0.366992528    0.366992528    0.366992528
   12.207207207    0.367820096    0.367820096    0.367820096
   12.222222222    0.366850817    0.366850817    0.366850817
   12.237237237    0.364818659    0.364818659    0.364818659
   12.252252252    0.362021917    0.362021917    0.362021917
   12.267267267    0.358261126    0.358261126    0.358261126
   12.282282282    0.353915562    0.353915562    0.353915562
   12.297297297    0.350341274    0.350341274    0.350341274
   12.312312312    0.348808008    0.348808008    0.348808008
   12.327327327    0.348988239    0.348988239    0.348988239
   12.342342342    0.349362287    0.349362287    0.349362287
   12.357357357    0.349413692    0.349413692    0.349413692
   12.372372372    0.350447181    0.350447181    0.350447181
   12.387387387    0.354000019    0.354000019    0.354000019
   12.402402402    0.360346166    0.360346166    0.360346166
   12.417417417    0.367671797    0.367671797    0.367671797
   12.432432432    0.373156284    0.373156284    0.373156284
   12.447447447    0.375636740    0.375636740    0.375636740
   12.462462462    0.375617733    0.375617733    0.375617733
   12.477477477    0.374106706    0.374106706    0.374106706
   12.492492492    0.372026324    0.372026324    0.372026324
   12.507507508    0.370055493    0.370055493    0.370055493
   12.522522523    0.368676611    0.368676611    0.368676611
   12.537537538    0.367908922    0.367908922    0.367908922
   12.552552553    0.367776224    0.367776224    0.367776224
   12.567567568    0.368283014    0.368283014    0.368283014
   12.582582583    0.368688158    0.368688158    0.368688158
   12.597597598    0.368347349    0.368347349    0.368347349
   12.612612613    0.367566908    0.367566908    0.367566908
   12.627627628    0.366774770    0.366774770    0.366774770
   12.642642643    0.366105188    0.366105188    0.366105188
   12.657657658    0.365610699    0.365610699    0.365610699
   12.672672673    0.364842308    0.364842308    0.364842308
   12.687687688    0.363047070    0.363047070    0.363047070
   12.702702703    0.360396553    0.360396553    0.360396553
   12.717717718    0.357967243    0.357967243    0.357967243
   12.732732733    0.356820648    0.356820648    0.356820648
   12.747747748    0.357433070    0.357433070    0.357433070
   12.762762763    0.359208871    0.359208871    0.359208871
   12.777777778    0.361185387    0.361185387    0.361185387
   12.792792793    0.362916718    0.362916718    0.362916718
   12.807807808    0.364057966    0.364057966    0.364057966
   12.822822823    0.364099485    0.364099485    0.364099485
   12.837837838    0.362956928    0.362956928    0.362956928
   12.852852853    0.361293262    0.361293262    0.361293262
   12.867867868    0.359682898    0.359682898    0.359682898
   12.882882883    0.357713487    0.357713487    0.357713487
   12.897897898    0.355099904    0.355099904    0.355099904
   12.912912913    0.352511399    0.352511399    0.352511399
   12.927927928    0.350341121    0.350341121    0.350341121
   12.942942943    0.348604410    0.348604410    0.348604410
   12.957957958    0.348492397    0.348492397    0.348492397
   12.972972973    0.351426671    0.351426671    0.351426671
   12.987987988    0.356689291    0.356689291    0.356689291
   13.003003003    0.361815196    0.361815196    0.361815196
   13.018018018    0.365361197    0.365361197    0.365361197
   13.033033033    0.368164051    0.368164051    0.368164051
   13.048048048    0.371773262    0.371773262    0.371773262
   13.063063063    0.376102657    0.376102657    0.376102657
   13.078078078    0.379259043    0.379259043    0.379259043
   13.093093093    0.379110073    0.379110073    0.379110073
   13.108108108    0.375032644    0.375032644    0.375032644
   13.123123123    0.368557516    0.368557516    0.368557516
   13.138138138    0.362444376    0.362444376    0.362444376
   13.153153153    0.358924498    0.358924498    0.358924498
   13.168168168    0.358155544    0.358155544    0.358155544
   13.183183183    0.358369010    0.358369010    0.358369010
   13.198198198    0.358030079    0.358030079    0.358030079
   13.213213213    0.357017663    0.357017663    0.357017663
   13.228228228    0.355637572    0.355637572    0.355637572
   13.243243243    0.354171242    0.354171242    0.354171242
   13.258258258    0.353433307    0.353433307    0.353433307
   13.273273273    0.354107843    0.354107843    0.354107843
   13.288288288    0.355770037    0.355770037    0.355770037
   13.303303303    0.357423490    0.357423490    0.357423490
   13.318318318    0.358492365    0.358492365    0.358492365
   13.333333333    0.359047461    0.359047461    0.359047461
   13.348348348    0.359354545    0.359354545    0.359354545
   13.363363363    0.359737579    0.359737579    0.359737579
   13.378378378    0.360264248    0.360264248    0.360264248
   13.393393393    0.360232691    0.360232691    0.360232691
   13.408408408    0.358737323    0.358737323    0.358737323
   13.423423423    0.355897702    0.355897702    0.355897702
   13.438438438    0.352653064    0.352653064    0.352653064
   13.453453453    0.349585452    0.349585452    0.349585452
   13.468468468    0.346578670    0.346578670    0.346578670
   13.483483483    0.343474630    0.343474630    0.343474630
   13.498498498    0.340628205    0.340628205    0.340628205
   13.513513514    0.338572546    0.338572546    0.338572546
   13.528528529    0.337325426    0.337325426    0.337325426
   13.543543544    0.336121385    0.336121385    0.336121385
   13.558558559    0.334250984    0.334250984    0.334250984
   13.573573574    0.331886356    0.331886356    0.331886356
   13.588588589    0.329660020    0.329660020    0.329660020
   13.603603604    0.327935912    0.327935912    0.327935912
   13.618618619    0.326749064    0.326749064    0.326749064
   13.633633634    0.326231297    0.326231297    0.326231297
   13.648648649    0.326486163    0.326486163    0.326486163
   13.663663664    0.327093191    0.327093191    0.327093191
   13.678678679    0.327161404    0.327161404    0.327161404
   13.693693694    0.326361678    0.326361678    0.326361678
   13.708708709    0.325204333    0.325204333    0.325204333
   13.723723724    0.324173534    0.324173534    0.324173534
   13.738738739    0.323390823    0.323390823    0.323390823
   13.753753754    0.322810591    0.322810591    0.322810591
   13.768768769    0.322419892    0.322419892    0.322419892
   13.783783784    0.322713874    0.322713874    0.322713874
   13.798798799    0.324445435    0.324445435    0.324445435
   13.813813814    0.327198042    0.327198042    0.327198042
   13.828828829    0.329488427    0.329488427    0.329488427
   13.843843844    0.330285990    0.330285990    0.330285990
   13.858858859    0.329349191    0.329349191    0.329349191
   13.873873874    0.326818701    0.326818701    0.326818701
   13.888888889    0.323515002    0.323515002    0.323515002
   13.903903904    0.320700726    0.320700726    0.320700726
   13.918918919    0.319273707    0.319273707    0.319273707
   13.933933934    0.319090955    0.319090955    0.319090955
   13.948948949    0.319150930    0.319150930    0.319150930
   13.963963964    0.318836303    0.318836303    0.318836303
   13.978978979    0.318243701    0.318243701    0.318243701
   13.993993994    0.317139954    0.317139954    0.317139954
   14.009009009    0.315110317    0.315110317    0.315110317
   14.024024024    0.312703160    0.312703160    0.312703160
   14.039039039    0.311118884    0.311118884    0.311118884
   14.054054054    0.310825126    0.310825126    0.310825126
   14.069069069    0.311386237    0.311386237    0.311386237
   14.084084084    0.312149810    0.312149810    0.312149810
   14.099099099    0.312288062    0.312288062    0.312288062
   14.114114114    0.311227950    0.311227950    0.311227950
   14.129129129    0.309400441    0.309400441    0.309400441
   14.144144144    0.307546481    0.307546481    0.307546481
   14.159159159    0.305738993    0.305738993    0.305738993
   14.174174174    0.303738559    0.303738559    0.303738559
   14.189189189    0.301567823    0.301567823    0.301567823
   14.204204204    0.299304390    0.299304390    0.299304390
   14.219219219    0.297097378    0.297097378    0.297097378
   14.234234234    0.295141172    0.295141172    0.295141172
   14.249249249    0.293488448    0.293488448    0.293488448
   14.264264264    0.292091465    0.292091465    0.292091465
   14.279279279    0.291103016    0.291103016    0.291103016
   14.294294294    0.290549591    0.290549591    0.290549591
   14.309309309    0.289634444    0.289634444    0.289634444
   14.324324324    0.287436676    0.287436676    0.287436676
   14.339339339    0.284298204    0.284298204    0.284298204
   14.354354354    0.281486209    0.281486209    0.281486209
   14.369369369    0.279241491    0.279241491    0.279241491
   14.384384384    0.276710304    0.276710304    0.276710304
   14.399399399    0.273739105    0.273739105    0.273739105
   14.414414414    0.271276506    0.271276506    0.271276506
   14.429429429    0.269871502    0.269871502    0.269871502
   14.444444444    0.269327239    0.269327239    0.269327239
   14.459459459    0.269363356    0.269363356    0.269363356
   14.474474474    0.269629891    0.269629891    0.269629891
   14.489489489    0.269753617    0.269753617    0.269753617
   14.504504505    0.269418719    0.269418719    0.269418719
   14.519519520    0.268549789    0.268549789    0.268549789
   14.534534535    0.267430297    0.267430297    0.267430297
   14.549549550    0.266775526    0.266775526    0.266775526
   14.564564565    0.267182559    0.267182559    0.267182559
   14.579579580    0.268417656    0.268417656    0.268417656
   14.594594595    0.269651336    0.269651336    0.269651336
   14.609609610    0.270259784    0.270259784    0.270259784
   14.624624625    0.270297826    0.270297826    0.270297826
   14.639639640    0.270124759    0.270124759    0.270124759
   14.654654655    0.269798367    0.269798367    0.269798367
   14.669669670    0.268962385    0.268962385    0.268962385
   14.684684685    0.267234935    0.267234935    0.267234935
   14.699699700    0.265092116    0.265092116    0.265092116
   14.714714715    0.263413558    0.263413558    0.263413558
   14.729729730    0.262330349    0.262330349    0.262330349
   14.744744745    0.261620922    0.261620922    0.261620922
   14.759759760    0.261451312    0.261451312    0.261451312
   14.774774775    0.262164585    0.262164585    0.262164585
   14.789789790    0.264120255    0.264120255    0.264120255
   14.804804805    0.267272413    0.267272413    0.267272413
   14.819819820    0.270750358    0.270750358    0.270750358
   14.834834835    0.273467469    0.273467469    0.273467469
   14.849849850    0.274712092    0.274712092    0.274712092
   14.864864865    0.274071762    0.274071762    0.274071762
   14.879879880    0.271499585    0.271499585    0.271499585
   14.894894895    0.267804978    0.267804978    0.267804978
   14.909909910    0.264579378    0.264579378    0.264579378
   14.924924925    0.262922979    0.262922979    0.262922979
   14.939939940    0.262586600    0.262586600    0.262586600
   14.954954955    0.262595970    0.262595970    0.262595970
   14.969969970    0.262388375    0.262388375    0.262388375
   14.984984985    0.261931614    0.261931614    0.261931614
   15.000000000    0.261280949    0.261280949    0.261280949
