# energy grid [eV]     epsr_x  epsr_y  epsr_z
# plasmon frequences [eV]:    13.186217176   13.186217176   13.186217176
    0.000000000   12.162080352   12.162080351   12.162080352
    0.015015015   12.163700674   12.163700674   12.163700674
    0.030030030   12.168580916   12.168580915   12.168580916
    0.045045045   12.176779587   12.176779587   12.176779587
    0.060060060   12.188396532   12.188396532   12.188396532
    0.075075075   12.203576542   12.203576542   12.203576542
    0.090090090   12.222514654   12.222514653   12.222514654
    0.105105105   12.245463351   12.245463351   12.245463351
    0.120120120   12.272741919   12.272741919   12.272741919
    0.135135135   12.304748083   12.304748083   12.304748083
    0.150150150   12.341971752   12.341971752   12.341971752
    0.165165165   12.385009774   12.385009774   12.385009774
    0.180180180   12.434578342   12.434578341   12.434578342
    0.195195195   12.491514366   12.491514366   12.491514366
    0.210210210   12.556744479   12.556744479   12.556744479
    0.225225225   12.631170446   12.631170445   12.631170445
    0.240240240   12.715348325   12.715348324   12.715348324
    0.255255255   12.808668087   12.808668087   12.808668087
    0.270270270   12.907343424   12.907343424   12.907343424
    0.285285285   12.999699035   12.999699035   12.999699035
    0.300300300   13.056223236   13.056223236   13.056223236
    0.315315315   13.014703259   13.014703259   13.014703259
    0.330330330   12.785117416   12.785117416   12.785117416
    0.345345345   12.346368355   12.346368355   12.346368355
    0.360360360   11.878008002   11.878008001   11.878008002
    0.375375375   11.602124323   11.602124323   11.602124323
    0.390390390   11.545833251   11.545833250   11.545833251
    0.405405405   11.623266867   11.623266866   11.623266866
    0.420420420   11.762209536   11.762209536   11.762209536
    0.435435435   11.925513106   11.925513106   11.925513106
    0.450450450   12.096149930   12.096149929   12.096149929
    0.465465465   12.263868477   12.263868477   12.263868477
    0.480480480   12.418583720   12.418583719   12.418583720
    0.495495495   12.549848884   12.549848884   12.549848884
    0.510510511   12.638709821   12.638709821   12.638709821
    0.525525526   12.629910904   12.629910904   12.629910904
    0.540540541   12.437837996   12.437837995   12.437837995
    0.555555556   12.060113671   12.060113670   12.060113671
    0.570570571   11.683343593   11.683343593   11.683343593
    0.585585586   11.500348643   11.500348643   11.500348643
    0.600600601   11.513615533   11.513615533   11.513615533
    0.615615616   11.623123709   11.623123708   11.623123708
    0.630630631   11.729939923   11.729939923   11.729939923
    0.645645646   11.758600959   11.758600959   11.758600959
    0.660660661   11.690356722   11.690356722   11.690356722
    0.675675676   11.584005901   11.584005900   11.584005901
    0.690690691   11.498905849   11.498905848   11.498905848
    0.705705706   11.471226476   11.471226476   11.471226476
    0.720720721   11.527849675   11.527849675   11.527849675
    0.735735736   11.646341684   11.646341684   11.646341684
    0.750750751   11.774776323   11.774776322   11.774776323
    0.765765766   11.884287164   11.884287164   11.884287164
    0.780780781   11.991201939   11.991201938   11.991201939
    0.795795796   12.108195677   12.108195677   12.108195677
    0.810810811   12.196209284   12.196209284   12.196209284
    0.825825826   12.197206676   12.197206675   12.197206675
    0.840840841   12.100163310   12.100163310   12.100163310
    0.855855856   11.947581115   11.947581115   11.947581115
    0.870870871   11.795771798   11.795771797   11.795771798
    0.885885886   11.706537895   11.706537895   11.706537895
    0.900900901   11.673173721   11.673173721   11.673173721
    0.915915916   11.617361314   11.617361313   11.617361314
    0.930930931   11.513023383   11.513023383   11.513023383
    0.945945946   11.416799151   11.416799151   11.416799151
    0.960960961   11.362373455   11.362373455   11.362373455
    0.975975976   11.350324539   11.350324539   11.350324539
    0.990990991   11.399054201   11.399054201   11.399054201
    1.006006006   11.515275556   11.515275555   11.515275556
    1.021021021   11.663906642   11.663906641   11.663906642
    1.036036036   11.809158044   11.809158044   11.809158044
    1.051051051   11.954880093   11.954880093   11.954880093
    1.066066066   12.110085155   12.110085155   12.110085155
    1.081081081   12.250033216   12.250033216   12.250033216
    1.096096096   12.349791308   12.349791308   12.349791308
    1.111111111   12.405754552   12.405754552   12.405754552
    1.126126126   12.397129985   12.397129985   12.397129985
    1.141141141   12.299732007   12.299732007   12.299732007
    1.156156156   12.139911286   12.139911285   12.139911285
    1.171171171   11.961141358   11.961141358   11.961141358
    1.186186186   11.798861979   11.798861979   11.798861979
    1.201201201   11.669003360   11.669003359   11.669003359
    1.216216216   11.589940251   11.589940251   11.589940251
    1.231231231   11.613323410   11.613323409   11.613323410
    1.246246246   11.743380957   11.743380957   11.743380957
    1.261261261   11.909151051   11.909151051   11.909151051
    1.276276276   12.028723234   12.028723234   12.028723234
    1.291291291   12.065374427   12.065374427   12.065374427
    1.306306306   12.038493807   12.038493807   12.038493807
    1.321321321   12.009693667   12.009693667   12.009693667
    1.336336336   12.052956653   12.052956653   12.052956653
    1.351351351   12.191360147   12.191360147   12.191360147
    1.366366366   12.394425047   12.394425047   12.394425047
    1.381381381   12.624904730   12.624904730   12.624904730
    1.396396396   12.858180496   12.858180496   12.858180496
    1.411411411   13.049583318   13.049583318   13.049583318
    1.426426426   13.130014439   13.130014439   13.130014439
    1.441441441   13.052177166   13.052177165   13.052177165
    1.456456456   12.830775143   12.830775143   12.830775143
    1.471471471   12.553474567   12.553474566   12.553474567
    1.486486486   12.326997007   12.326997007   12.326997007
    1.501501502   12.206159022   12.206159021   12.206159022
    1.516516517   12.192820090   12.192820090   12.192820090
    1.531531532   12.269596318   12.269596318   12.269596318
    1.546546547   12.390545785   12.390545785   12.390545785
    1.561561562   12.489382257   12.489382256   12.489382257
    1.576576577   12.557678184   12.557678184   12.557678184
    1.591591592   12.653248825   12.653248825   12.653248825
    1.606606607   12.824157819   12.824157819   12.824157819
    1.621621622   13.060625362   13.060625361   13.060625361
    1.636636637   13.309989266   13.309989266   13.309989266
    1.651651652   13.546071049   13.546071049   13.546071049
    1.666666667   13.779956851   13.779956851   13.779956851
    1.681681682   13.979178261   13.979178261   13.979178261
    1.696696697   14.060070303   14.060070303   14.060070303
    1.711711712   13.960063956   13.960063955   13.960063956
    1.726726727   13.695377651   13.695377650   13.695377651
    1.741741742   13.399872869   13.399872869   13.399872869
    1.756756757   13.233592143   13.233592142   13.233592143
    1.771771772   13.239901789   13.239901788   13.239901788
    1.786786787   13.356044042   13.356044042   13.356044042
    1.801801802   13.493639189   13.493639189   13.493639189
    1.816816817   13.629801181   13.629801180   13.629801181
    1.831831832   13.804831802   13.804831802   13.804831802
    1.846846847   14.044108753   14.044108753   14.044108753
    1.861861862   14.338674385   14.338674385   14.338674385
    1.876876877   14.660015032   14.660015032   14.660015032
    1.891891892   14.963741666   14.963741666   14.963741666
    1.906906907   15.185529166   15.185529166   15.185529166
    1.921921922   15.255803723   15.255803723   15.255803723
    1.936936937   15.148559484   15.148559484   15.148559484
    1.951951952   14.943931371   14.943931371   14.943931371
    1.966966967   14.783328315   14.783328315   14.783328315
    1.981981982   14.757832106   14.757832106   14.757832106
    1.996996997   14.899775854   14.899775854   14.899775854
    2.012012012   15.170649594   15.170649594   15.170649594
    2.027027027   15.465189577   15.465189577   15.465189577
    2.042042042   15.707911545   15.707911545   15.707911545
    2.057057057   15.920787515   15.920787515   15.920787515
    2.072072072   16.135855276   16.135855276   16.135855276
    2.087087087   16.321374891   16.321374891   16.321374891
    2.102102102   16.462365626   16.462365626   16.462365626
    2.117117117   16.576998263   16.576998262   16.576998262
    2.132132132   16.630213088   16.630213088   16.630213088
    2.147147147   16.552500011   16.552500011   16.552500011
    2.162162162   16.319333550   16.319333549   16.319333550
    2.177177177   15.918417636   15.918417636   15.918417636
    2.192192192   15.352444668   15.352444668   15.352444668
    2.207207207   14.692769789   14.692769789   14.692769789
    2.222222222   14.034670045   14.034670045   14.034670045
    2.237237237   13.451899062   13.451899061   13.451899062
    2.252252252   12.974749731   12.974749731   12.974749731
    2.267267267   12.601760331   12.601760330   12.601760330
    2.282282282   12.346800144   12.346800143   12.346800143
    2.297297297   12.204640241   12.204640241   12.204640241
    2.312312312   12.081572461   12.081572461   12.081572461
    2.327327327   11.831698470   11.831698470   11.831698470
    2.342342342   11.384599828   11.384599828   11.384599828
    2.357357357   10.856424913   10.856424913   10.856424913
    2.372372372   10.415627382   10.415627382   10.415627382
    2.387387387   10.113907804   10.113907804   10.113907804
    2.402402402    9.947290711    9.947290710    9.947290711
    2.417417417    9.884516473    9.884516473    9.884516473
    2.432432432    9.863742566    9.863742566    9.863742566
    2.447447447    9.839896646    9.839896646    9.839896646
    2.462462462    9.803902278    9.803902277    9.803902278
    2.477477477    9.712257178    9.712257178    9.712257178
    2.492492492    9.470027547    9.470027547    9.470027547
    2.507507508    9.063612788    9.063612788    9.063612788
    2.522522523    8.619936812    8.619936812    8.619936812
    2.537537538    8.264472386    8.264472386    8.264472386
    2.552552553    8.050861370    8.050861370    8.050861370
    2.567567568    8.008841831    8.008841831    8.008841831
    2.582582583    8.111249834    8.111249833    8.111249833
    2.597597598    8.269853049    8.269853049    8.269853049
    2.612612613    8.411003177    8.411003176    8.411003176
    2.627627628    8.470168100    8.470168099    8.470168100
    2.642642643    8.406478316    8.406478315    8.406478315
    2.657657658    8.263588270    8.263588269    8.263588270
    2.672672673    8.130415651    8.130415651    8.130415651
    2.687687688    8.039037296    8.039037296    8.039037296
    2.702702703    7.956477838    7.956477838    7.956477838
    2.717717718    7.848474866    7.848474866    7.848474866
    2.732732733    7.708661146    7.708661146    7.708661146
    2.747747748    7.571375397    7.571375397    7.571375397
    2.762762763    7.473246031    7.473246031    7.473246031
    2.777777778    7.433750307    7.433750307    7.433750307
    2.792792793    7.446994658    7.446994658    7.446994658
    2.807807808    7.467189058    7.467189058    7.467189058
    2.822822823    7.459218352    7.459218352    7.459218352
    2.837837838    7.431649860    7.431649859    7.431649859
    2.852852853    7.404760701    7.404760701    7.404760701
    2.867867868    7.397802454    7.397802454    7.397802454
    2.882882883    7.430240389    7.430240389    7.430240389
    2.897897898    7.496608641    7.496608641    7.496608641
    2.912912913    7.555926448    7.555926448    7.555926448
    2.927927928    7.568547020    7.568547020    7.568547020
    2.942942943    7.543589248    7.543589248    7.543589248
    2.957957958    7.513403716    7.513403715    7.513403716
    2.972972973    7.480691536    7.480691536    7.480691536
    2.987987988    7.429705013    7.429705012    7.429705012
    3.003003003    7.350555999    7.350555998    7.350555999
    3.018018018    7.266123360    7.266123360    7.266123360
    3.033033033    7.218911882    7.218911882    7.218911882
    3.048048048    7.239331051    7.239331051    7.239331051
    3.063063063    7.314681190    7.314681189    7.314681189
    3.078078078    7.400691058    7.400691058    7.400691058
    3.093093093    7.458741829    7.458741829    7.458741829
    3.108108108    7.485618412    7.485618412    7.485618412
    3.123123123    7.519546390    7.519546390    7.519546390
    3.138138138    7.593516451    7.593516450    7.593516451
    3.153153153    7.690956763    7.690956763    7.690956763
    3.168168168    7.783637065    7.783637065    7.783637065
    3.183183183    7.862006797    7.862006796    7.862006796
    3.198198198    7.916871751    7.916871751    7.916871751
    3.213213213    7.915863171    7.915863171    7.915863171
    3.228228228    7.833906513    7.833906512    7.833906512
    3.243243243    7.720715547    7.720715547    7.720715547
    3.258258258    7.674861176    7.674861176    7.674861176
    3.273273273    7.727553466    7.727553466    7.727553466
    3.288288288    7.826199207    7.826199207    7.826199207
    3.303303303    7.935477103    7.935477103    7.935477103
    3.318318318    8.042665937    8.042665937    8.042665937
    3.333333333    8.137105093    8.137105093    8.137105093
    3.348348348    8.226134850    8.226134850    8.226134850
    3.363363363    8.308663710    8.308663710    8.308663710
    3.378378378    8.385559799    8.385559799    8.385559799
    3.393393393    8.470787624    8.470787624    8.470787624
    3.408408408    8.576918272    8.576918272    8.576918272
    3.423423423    8.707867446    8.707867445    8.707867445
    3.438438438    8.820862915    8.820862915    8.820862915
    3.453453453    8.879700050    8.879700049    8.879700049
    3.468468468    8.921035126    8.921035125    8.921035125
    3.483483483    8.998942997    8.998942997    8.998942997
    3.498498498    9.116559888    9.116559888    9.116559888
    3.513513514    9.259874886    9.259874886    9.259874886
    3.528528529    9.424628267    9.424628266    9.424628267
    3.543543544    9.575824528    9.575824528    9.575824528
    3.558558559    9.681246085    9.681246085    9.681246085
    3.573573574    9.776478506    9.776478506    9.776478506
    3.588588589    9.906191298    9.906191297    9.906191297
    3.603603604   10.068162839   10.068162838   10.068162838
    3.618618619   10.253709335   10.253709335   10.253709335
    3.633633634   10.456369731   10.456369731   10.456369731
    3.648648649   10.650645400   10.650645400   10.650645400
    3.663663664   10.828846347   10.828846347   10.828846347
    3.678678679   11.044651732   11.044651732   11.044651732
    3.693693694   11.349216067   11.349216067   11.349216067
    3.708708709   11.725088092   11.725088092   11.725088092
    3.723723724   12.124815496   12.124815496   12.124815496
    3.738738739   12.513231187   12.513231187   12.513231187
    3.753753754   12.877788790   12.877788789   12.877788790
    3.768768769   13.249888001   13.249888001   13.249888001
    3.783783784   13.645197788   13.645197787   13.645197787
    3.798798799   13.994729779   13.994729778   13.994729779
    3.813813814   14.214408146   14.214408145   14.214408146
    3.828828829   14.285858177   14.285858177   14.285858177
    3.843843844   14.248145349   14.248145348   14.248145349
    3.858858859   14.154050344   14.154050344   14.154050344
    3.873873874   14.030032462   14.030032462   14.030032462
    3.888888889   13.856043862   13.856043862   13.856043862
    3.903903904   13.618362332   13.618362332   13.618362332
    3.918918919   13.353950335   13.353950335   13.353950335
    3.933933934   13.095391532   13.095391532   13.095391532
    3.948948949   12.829377379   12.829377379   12.829377379
    3.963963964   12.546894777   12.546894777   12.546894777
    3.978978979   12.244803158   12.244803158   12.244803158
    3.993993994   11.908180353   11.908180353   11.908180353
    4.009009009   11.527903969   11.527903968   11.527903968
    4.024024024   11.114417776   11.114417776   11.114417776
    4.039039039   10.721633578   10.721633577   10.721633577
    4.054054054   10.415651582   10.415651582   10.415651582
    4.069069069   10.191980166   10.191980166   10.191980166
    4.084084084    9.982316178    9.982316178    9.982316178
    4.099099099    9.729576689    9.729576689    9.729576689
    4.114114114    9.426086288    9.426086288    9.426086288
    4.129129129    9.016650073    9.016650072    9.016650073
    4.144144144    8.342496717    8.342496717    8.342496717
    4.159159159    7.278218843    7.278218843    7.278218843
    4.174174174    5.811376810    5.811376810    5.811376810
    4.189189189    3.948043560    3.948043559    3.948043560
    4.204204204    1.796118285    1.796118284    1.796118285
    4.219219219   -0.332795498   -0.332795498   -0.332795498
    4.234234234   -2.105663661   -2.105663661   -2.105663661
    4.249249249   -3.390874068   -3.390874068   -3.390874068
    4.264264264   -4.306751193   -4.306751193   -4.306751193
    4.279279279   -5.057727282   -5.057727282   -5.057727282
    4.294294294   -5.656379148   -5.656379149   -5.656379148
    4.309309309   -5.921713123   -5.921713123   -5.921713123
    4.324324324   -5.816656872   -5.816656872   -5.816656872
    4.339339339   -5.536926008   -5.536926008   -5.536926008
    4.354354354   -5.295061003   -5.295061003   -5.295061003
    4.369369369   -5.220984337   -5.220984337   -5.220984337
    4.384384384   -5.376839425   -5.376839425   -5.376839425
    4.399399399   -5.720165984   -5.720165984   -5.720165984
    4.414414414   -6.057180089   -6.057180089   -6.057180089
    4.429429429   -6.171339187   -6.171339187   -6.171339187
    4.444444444   -6.038868719   -6.038868719   -6.038868719
    4.459459459   -5.753408284   -5.753408285   -5.753408285
    4.474474474   -5.392962750   -5.392962751   -5.392962750
    4.489489489   -5.047893330   -5.047893331   -5.047893331
    4.504504505   -4.803693460   -4.803693461   -4.803693461
    4.519519520   -4.690334797   -4.690334797   -4.690334797
    4.534534535   -4.701649828   -4.701649829   -4.701649829
    4.549549550   -4.826565919   -4.826565919   -4.826565919
    4.564564565   -5.007244848   -5.007244848   -5.007244848
    4.579579580   -5.108675187   -5.108675187   -5.108675187
    4.594594595   -5.001174296   -5.001174296   -5.001174296
    4.609609610   -4.682443125   -4.682443125   -4.682443125
    4.624624625   -4.255517898   -4.255517898   -4.255517898
    4.639639640   -3.836635673   -3.836635673   -3.836635673
    4.654654655   -3.500710340   -3.500710340   -3.500710340
    4.669669670   -3.289236436   -3.289236436   -3.289236436
    4.684684685   -3.228858943   -3.228858943   -3.228858943
    4.699699700   -3.304149114   -3.304149115   -3.304149115
    4.714714715   -3.459046252   -3.459046252   -3.459046252
    4.729729730   -3.663706554   -3.663706555   -3.663706555
    4.744744745   -3.937265349   -3.937265349   -3.937265349
    4.759759760   -4.287441008   -4.287441008   -4.287441008
    4.774774775   -4.641364315   -4.641364315   -4.641364315
    4.789789790   -4.869833852   -4.869833853   -4.869833853
    4.804804805   -4.904575815   -4.904575816   -4.904575815
    4.819819820   -4.781895029   -4.781895029   -4.781895029
    4.834834835   -4.584195176   -4.584195176   -4.584195176
    4.849849850   -4.373254913   -4.373254914   -4.373254914
    4.864864865   -4.170516934   -4.170516934   -4.170516934
    4.879879880   -3.979308839   -3.979308839   -3.979308839
    4.894894895   -3.806795140   -3.806795141   -3.806795140
    4.909909910   -3.667932123   -3.667932123   -3.667932123
    4.924924925   -3.577115582   -3.577115582   -3.577115582
    4.939939940   -3.542700885   -3.542700886   -3.542700885
    4.954954955   -3.577317127   -3.577317127   -3.577317127
    4.969969970   -3.702044275   -3.702044275   -3.702044275
    4.984984985   -3.923063603   -3.923063603   -3.923063603
    5.000000000   -4.195333064   -4.195333064   -4.195333064
    5.015015015   -4.437049589   -4.437049589   -4.437049589
    5.030030030   -4.584124707   -4.584124708   -4.584124707
    5.045045045   -4.609376798   -4.609376798   -4.609376798
    5.060060060   -4.519669082   -4.519669083   -4.519669083
    5.075075075   -4.350996331   -4.350996331   -4.350996331
    5.090090090   -4.145096177   -4.145096177   -4.145096177
    5.105105105   -3.922611971   -3.922611972   -3.922611971
    5.120120120   -3.685225169   -3.685225169   -3.685225169
    5.135135135   -3.429191188   -3.429191189   -3.429191188
    5.150150150   -3.161050290   -3.161050290   -3.161050290
    5.165165165   -2.917783056   -2.917783057   -2.917783056
    5.180180180   -2.740934963   -2.740934964   -2.740934964
    5.195195195   -2.646776142   -2.646776142   -2.646776142
    5.210210210   -2.628999316   -2.628999316   -2.628999316
    5.225225225   -2.676778906   -2.676778906   -2.676778906
    5.240240240   -2.781020791   -2.781020792   -2.781020792
    5.255255255   -2.912119218   -2.912119218   -2.912119218
    5.270270270   -3.018415914   -3.018415914   -3.018415914
    5.285285285   -3.073980783   -3.073980783   -3.073980783
    5.300300300   -3.089530578   -3.089530578   -3.089530578
    5.315315315   -3.057467239   -3.057467240   -3.057467239
    5.330330330   -2.961632037   -2.961632037   -2.961632037
    5.345345345   -2.813055323   -2.813055324   -2.813055324
    5.360360360   -2.630358571   -2.630358571   -2.630358571
    5.375375375   -2.425421986   -2.425421987   -2.425421986
    5.390390390   -2.207340126   -2.207340126   -2.207340126
    5.405405405   -1.983348263   -1.983348263   -1.983348263
    5.420420420   -1.770556744   -1.770556744   -1.770556744
    5.435435435   -1.603235558   -1.603235558   -1.603235558
    5.450450450   -1.508928034   -1.508928035   -1.508928035
    5.465465465   -1.480752585   -1.480752586   -1.480752586
    5.480480480   -1.487818234   -1.487818234   -1.487818234
    5.495495495   -1.513314658   -1.513314658   -1.513314658
    5.510510511   -1.557692678   -1.557692679   -1.557692679
    5.525525526   -1.611724663   -1.611724663   -1.611724663
    5.540540541   -1.647408311   -1.647408312   -1.647408311
    5.555555556   -1.649622025   -1.649622026   -1.649622026
    5.570570571   -1.628991916   -1.628991916   -1.628991916
    5.585585586   -1.612951303   -1.612951304   -1.612951304
    5.600600601   -1.637181490   -1.637181490   -1.637181490
    5.615615616   -1.726361870   -1.726361871   -1.726361871
    5.630630631   -1.906795847   -1.906795847   -1.906795847
    5.645645646   -2.211078449   -2.211078449   -2.211078449
    5.660660661   -2.628193516   -2.628193517   -2.628193516
    5.675675676   -3.083226574   -3.083226574   -3.083226574
    5.690690691   -3.492090876   -3.492090877   -3.492090876
    5.705705706   -3.813529223   -3.813529224   -3.813529223
    5.720720721   -4.038882423   -4.038882423   -4.038882423
    5.735735736   -4.177197010   -4.177197010   -4.177197010
    5.750750751   -4.263283482   -4.263283482   -4.263283482
    5.765765766   -4.336380281   -4.336380281   -4.336380281
    5.780780781   -4.400469602   -4.400469602   -4.400469602
    5.795795796   -4.441117949   -4.441117949   -4.441117949
    5.810810811   -4.451390222   -4.451390223   -4.451390223
    5.825825826   -4.426783787   -4.426783787   -4.426783787
    5.840840841   -4.367147813   -4.367147814   -4.367147814
    5.855855856   -4.287671808   -4.287671808   -4.287671808
    5.870870871   -4.207237110   -4.207237111   -4.207237110
    5.885885886   -4.136526359   -4.136526359   -4.136526359
    5.900900901   -4.088429194   -4.088429194   -4.088429194
    5.915915916   -4.076762425   -4.076762425   -4.076762425
    5.930930931   -4.100117123   -4.100117123   -4.100117123
    5.945945946   -4.138024908   -4.138024908   -4.138024908
    5.960960961   -4.172052589   -4.172052589   -4.172052589
    5.975975976   -4.200599097   -4.200599097   -4.200599097
    5.990990991   -4.223695762   -4.223695762   -4.223695762
    6.006006006   -4.238574994   -4.238574994   -4.238574994
    6.021021021   -4.254418213   -4.254418213   -4.254418213
    6.036036036   -4.287003906   -4.287003906   -4.287003906
    6.051051051   -4.337018623   -4.337018623   -4.337018623
    6.066066066   -4.381721694   -4.381721694   -4.381721694
    6.081081081   -4.392485211   -4.392485211   -4.392485211
    6.096096096   -4.369628023   -4.369628023   -4.369628023
    6.111111111   -4.333544669   -4.333544670   -4.333544670
    6.126126126   -4.288300610   -4.288300610   -4.288300610
    6.141141141   -4.228108372   -4.228108372   -4.228108372
    6.156156156   -4.163522302   -4.163522303   -4.163522302
    6.171171171   -4.108958343   -4.108958343   -4.108958343
    6.186186186   -4.070281523   -4.070281524   -4.070281523
    6.201201201   -4.053938040   -4.053938040   -4.053938040
    6.216216216   -4.064570600   -4.064570600   -4.064570600
    6.231231231   -4.088399104   -4.088399104   -4.088399104
    6.246246246   -4.100059166   -4.100059166   -4.100059166
    6.261261261   -4.092178455   -4.092178455   -4.092178455
    6.276276276   -4.078097304   -4.078097305   -4.078097304
    6.291291291   -4.070321539   -4.070321540   -4.070321539
    6.306306306   -4.071789237   -4.071789237   -4.071789237
    6.321321321   -4.080057802   -4.080057802   -4.080057802
    6.336336336   -4.094694326   -4.094694326   -4.094694326
    6.351351351   -4.112120718   -4.112120719   -4.112120719
    6.366366366   -4.118118475   -4.118118475   -4.118118475
    6.381381381   -4.104111278   -4.104111278   -4.104111278
    6.396396396   -4.079555943   -4.079555943   -4.079555943
    6.411411411   -4.052432147   -4.052432147   -4.052432147
    6.426426426   -4.020873744   -4.020873744   -4.020873744
    6.441441441   -3.983848202   -3.983848202   -3.983848202
    6.456456456   -3.945831550   -3.945831550   -3.945831550
    6.471471471   -3.909661674   -3.909661674   -3.909661674
    6.486486486   -3.873836848   -3.873836848   -3.873836848
    6.501501502   -3.836898073   -3.836898073   -3.836898073
    6.516516517   -3.798883803   -3.798883803   -3.798883803
    6.531531532   -3.763589008   -3.763589008   -3.763589008
    6.546546547   -3.733832214   -3.733832214   -3.733832214
    6.561561562   -3.716191083   -3.716191083   -3.716191083
    6.576576577   -3.723308600   -3.723308601   -3.723308600
    6.591591592   -3.754141789   -3.754141790   -3.754141790
    6.606606607   -3.788183959   -3.788183959   -3.788183959
    6.621621622   -3.807022359   -3.807022359   -3.807022359
    6.636636637   -3.809991203   -3.809991203   -3.809991203
    6.651651652   -3.802354086   -3.802354086   -3.802354086
    6.666666667   -3.781834892   -3.781834893   -3.781834892
    6.681681682   -3.746115146   -3.746115147   -3.746115146
    6.696696697   -3.697127352   -3.697127352   -3.697127352
    6.711711712   -3.638495750   -3.638495750   -3.638495750
    6.726726727   -3.574466042   -3.574466042   -3.574466042
    6.741741742   -3.509581340   -3.509581340   -3.509581340
    6.756756757   -3.451285997   -3.451285997   -3.451285997
    6.771771772   -3.406772312   -3.406772313   -3.406772312
    6.786786787   -3.380529527   -3.380529527   -3.380529527
    6.801801802   -3.375055201   -3.375055201   -3.375055201
    6.816816817   -3.391537355   -3.391537355   -3.391537355
    6.831831832   -3.425655732   -3.425655732   -3.425655732
    6.846846847   -3.462732765   -3.462732766   -3.462732765
    6.861861862   -3.486190807   -3.486190807   -3.486190807
    6.876876877   -3.488146556   -3.488146557   -3.488146557
    6.891891892   -3.469008893   -3.469008894   -3.469008893
    6.906906907   -3.432401872   -3.432401873   -3.432401872
    6.921921922   -3.381284398   -3.381284398   -3.381284398
    6.936936937   -3.325037372   -3.325037373   -3.325037372
    6.951951952   -3.278938046   -3.278938047   -3.278938047
    6.966966967   -3.247691395   -3.247691395   -3.247691395
    6.981981982   -3.222499644   -3.222499645   -3.222499644
    6.996996997   -3.194325012   -3.194325012   -3.194325012
    7.012012012   -3.166780732   -3.166780732   -3.166780732
    7.027027027   -3.149585433   -3.149585434   -3.149585433
    7.042042042   -3.145366530   -3.145366530   -3.145366530
    7.057057057   -3.147440929   -3.147440930   -3.147440929
    7.072072072   -3.140985854   -3.140985854   -3.140985854
    7.087087087   -3.111536686   -3.111536686   -3.111536686
    7.102102102   -3.058829535   -3.058829535   -3.058829535
    7.117117117   -2.997629452   -2.997629452   -2.997629452
    7.132132132   -2.946338925   -2.946338925   -2.946338925
    7.147147147   -2.913930875   -2.913930875   -2.913930875
    7.162162162   -2.898529780   -2.898529780   -2.898529780
    7.177177177   -2.897649029   -2.897649029   -2.897649029
    7.192192192   -2.911976618   -2.911976619   -2.911976619
    7.207207207   -2.940067460   -2.940067460   -2.940067460
    7.222222222   -2.974578014   -2.974578014   -2.974578014
    7.237237237   -3.004986355   -3.004986355   -3.004986355
    7.252252252   -3.019232882   -3.019232882   -3.019232882
    7.267267267   -3.008683378   -3.008683378   -3.008683378
    7.282282282   -2.975006264   -2.975006265   -2.975006264
    7.297297297   -2.925824981   -2.925824982   -2.925824982
    7.312312312   -2.867964771   -2.867964772   -2.867964772
    7.327327327   -2.809251086   -2.809251086   -2.809251086
    7.342342342   -2.757765557   -2.757765557   -2.757765557
    7.357357357   -2.713852861   -2.713852861   -2.713852861
    7.372372372   -2.671773023   -2.671773024   -2.671773024
    7.387387387   -2.629040303   -2.629040303   -2.629040303
    7.402402402   -2.591283435   -2.591283435   -2.591283435
    7.417417417   -2.567785560   -2.567785560   -2.567785560
    7.432432432   -2.566876128   -2.566876128   -2.566876128
    7.447447447   -2.588637715   -2.588637715   -2.588637715
    7.462462462   -2.623432470   -2.623432471   -2.623432471
    7.477477477   -2.659832966   -2.659832966   -2.659832966
    7.492492492   -2.688790708   -2.688790708   -2.688790708
    7.507507508   -2.705243088   -2.705243088   -2.705243088
    7.522522523   -2.707458334   -2.707458334   -2.707458334
    7.537537538   -2.694000978   -2.694000978   -2.694000978
    7.552552553   -2.662651746   -2.662651746   -2.662651746
    7.567567568   -2.619394187   -2.619394188   -2.619394188
    7.582582583   -2.579398576   -2.579398576   -2.579398576
    7.597597598   -2.550081044   -2.550081044   -2.550081044
    7.612612613   -2.523166865   -2.523166865   -2.523166865
    7.627627628   -2.491137427   -2.491137428   -2.491137427
    7.642642643   -2.457918552   -2.457918553   -2.457918553
    7.657657658   -2.429990327   -2.429990327   -2.429990327
    7.672672673   -2.409218957   -2.409218957   -2.409218957
    7.687687688   -2.394962301   -2.394962301   -2.394962301
    7.702702703   -2.387980155   -2.387980156   -2.387980156
    7.717717718   -2.389516362   -2.389516362   -2.389516362
    7.732732733   -2.396592605   -2.396592606   -2.396592605
    7.747747748   -2.402279004   -2.402279004   -2.402279004
    7.762762763   -2.404473654   -2.404473654   -2.404473654
    7.777777778   -2.405781369   -2.405781369   -2.405781369
    7.792792793   -2.405186502   -2.405186502   -2.405186502
    7.807807808   -2.396993089   -2.396993089   -2.396993089
    7.822822823   -2.378222316   -2.378222317   -2.378222317
    7.837837838   -2.353592838   -2.353592838   -2.353592838
    7.852852853   -2.328254891   -2.328254891   -2.328254891
    7.867867868   -2.301062723   -2.301062724   -2.301062724
    7.882882883   -2.270758376   -2.270758376   -2.270758376
    7.897897898   -2.242427445   -2.242427445   -2.242427445
    7.912912913   -2.220207387   -2.220207388   -2.220207387
    7.927927928   -2.202611623   -2.202611623   -2.202611623
    7.942942943   -2.188525580   -2.188525581   -2.188525580
    7.957957958   -2.178660156   -2.178660156   -2.178660156
    7.972972973   -2.173544165   -2.173544166   -2.173544165
    7.987987988   -2.169813661   -2.169813662   -2.169813662
    8.003003003   -2.161303850   -2.161303851   -2.161303851
    8.018018018   -2.148593247   -2.148593247   -2.148593247
    8.033033033   -2.136679455   -2.136679456   -2.136679455
    8.048048048   -2.125168732   -2.125168733   -2.125168733
    8.063063063   -2.109751689   -2.109751689   -2.109751689
    8.078078078   -2.088268187   -2.088268187   -2.088268187
    8.093093093   -2.061942128   -2.061942129   -2.061942129
    8.108108108   -2.035860140   -2.035860141   -2.035860140
    8.123123123   -2.017437531   -2.017437532   -2.017437532
    8.138138138   -2.007121038   -2.007121038   -2.007121038
    8.153153153   -1.999843351   -1.999843352   -1.999843352
    8.168168168   -1.992028901   -1.992028902   -1.992028902
    8.183183183   -1.982051023   -1.982051023   -1.982051023
    8.198198198   -1.970249744   -1.970249744   -1.970249744
    8.213213213   -1.954575704   -1.954575704   -1.954575704
    8.228228228   -1.932679645   -1.932679646   -1.932679646
    8.243243243   -1.907459174   -1.907459174   -1.907459174
    8.258258258   -1.886379696   -1.886379697   -1.886379697
    8.273273273   -1.878957267   -1.878957268   -1.878957268
    8.288288288   -1.888626924   -1.888626925   -1.888626924
    8.303303303   -1.910074250   -1.910074250   -1.910074250
    8.318318318   -1.937748963   -1.937748963   -1.937748963
    8.333333333   -1.969254592   -1.969254593   -1.969254592
    8.348348348   -1.999970321   -1.999970321   -1.999970321
    8.363363363   -2.020552788   -2.020552789   -2.020552789
    8.378378378   -2.024853283   -2.024853283   -2.024853283
    8.393393393   -2.019580976   -2.019580977   -2.019580976
    8.408408408   -2.014757336   -2.014757336   -2.014757336
    8.423423423   -2.011866932   -2.011866932   -2.011866932
    8.438438438   -2.008998322   -2.008998322   -2.008998322
    8.453453453   -2.005951429   -2.005951429   -2.005951429
    8.468468468   -2.003861398   -2.003861398   -2.003861398
    8.483483483   -2.003117883   -2.003117883   -2.003117883
    8.498498498   -2.001887577   -2.001887577   -2.001887577
    8.513513514   -1.997361306   -1.997361306   -1.997361306
    8.528528529   -1.989500542   -1.989500543   -1.989500543
    8.543543544   -1.980346165   -1.980346165   -1.980346165
    8.558558559   -1.972993213   -1.972993213   -1.972993213
    8.573573574   -1.970070497   -1.970070497   -1.970070497
    8.588588589   -1.971724931   -1.971724931   -1.971724931
    8.603603604   -1.976201736   -1.976201737   -1.976201737
    8.618618619   -1.980591712   -1.980591713   -1.980591713
    8.633633634   -1.982451582   -1.982451582   -1.982451582
    8.648648649   -1.981731499   -1.981731499   -1.981731499
    8.663663664   -1.980312702   -1.980312702   -1.980312702
    8.678678679   -1.980398186   -1.980398186   -1.980398186
    8.693693694   -1.981584139   -1.981584139   -1.981584139
    8.708708709   -1.980122746   -1.980122746   -1.980122746
    8.723723724   -1.974331577   -1.974331578   -1.974331578
    8.738738739   -1.963813308   -1.963813308   -1.963813308
    8.753753754   -1.946552059   -1.946552059   -1.946552059
    8.768768769   -1.923498510   -1.923498510   -1.923498510
    8.783783784   -1.900629315   -1.900629315   -1.900629315
    8.798798799   -1.882089983   -1.882089984   -1.882089983
    8.813813814   -1.867860430   -1.867860431   -1.867860431
    8.828828829   -1.857441165   -1.857441166   -1.857441166
    8.843843844   -1.851179550   -1.851179550   -1.851179550
    8.858858859   -1.845740627   -1.845740627   -1.845740627
    8.873873874   -1.834722991   -1.834722992   -1.834722992
    8.888888889   -1.818560419   -1.818560419   -1.818560419
    8.903903904   -1.803673788   -1.803673789   -1.803673788
    8.918918919   -1.794422618   -1.794422619   -1.794422619
    8.933933934   -1.790948712   -1.790948712   -1.790948712
    8.948948949   -1.789848135   -1.789848135   -1.789848135
    8.963963964   -1.789211470   -1.789211470   -1.789211470
    8.978978979   -1.788740638   -1.788740639   -1.788740639
    8.993993994   -1.784468346   -1.784468347   -1.784468347
    9.009009009   -1.773127367   -1.773127367   -1.773127367
    9.024024024   -1.757939292   -1.757939292   -1.757939292
    9.039039039   -1.743749507   -1.743749508   -1.743749508
    9.054054054   -1.731107401   -1.731107401   -1.731107401
    9.069069069   -1.717758025   -1.717758025   -1.717758025
    9.084084084   -1.702976263   -1.702976263   -1.702976263
    9.099099099   -1.687968525   -1.687968525   -1.687968525
    9.114114114   -1.673580573   -1.673580574   -1.673580574
    9.129129129   -1.660481779   -1.660481779   -1.660481779
    9.144144144   -1.648510813   -1.648510813   -1.648510813
    9.159159159   -1.635904638   -1.635904638   -1.635904638
    9.174174174   -1.621129750   -1.621129750   -1.621129750
    9.189189189   -1.606290800   -1.606290801   -1.606290801
    9.204204204   -1.594311479   -1.594311480   -1.594311480
    9.219219219   -1.583893523   -1.583893523   -1.583893523
    9.234234234   -1.572686272   -1.572686272   -1.572686272
    9.249249249   -1.561264431   -1.561264432   -1.561264431
    9.264264264   -1.552540665   -1.552540666   -1.552540665
    9.279279279   -1.547456778   -1.547456778   -1.547456778
    9.294294294   -1.544080247   -1.544080247   -1.544080247
    9.309309309   -1.540416459   -1.540416459   -1.540416459
    9.324324324   -1.535854957   -1.535854958   -1.535854958
    9.339339339   -1.531234731   -1.531234731   -1.531234731
    9.354354354   -1.528427555   -1.528427556   -1.528427555
    9.369369369   -1.526043206   -1.526043207   -1.526043206
    9.384384384   -1.520117167   -1.520117168   -1.520117168
    9.399399399   -1.509341619   -1.509341619   -1.509341619
    9.414414414   -1.493961339   -1.493961340   -1.493961340
    9.429429429   -1.473674924   -1.473674924   -1.473674924
    9.444444444   -1.449235598   -1.449235599   -1.449235598
    9.459459459   -1.424317957   -1.424317958   -1.424317958
    9.474474474   -1.405383230   -1.405383231   -1.405383230
    9.489489489   -1.397237361   -1.397237361   -1.397237361
    9.504504505   -1.398353319   -1.398353319   -1.398353319
    9.519519520   -1.402219824   -1.402219825   -1.402219825
    9.534534535   -1.402377106   -1.402377106   -1.402377106
    9.549549550   -1.396911282   -1.396911282   -1.396911282
    9.564564565   -1.387185224   -1.387185225   -1.387185225
    9.579579580   -1.374327626   -1.374327627   -1.374327627
    9.594594595   -1.357927428   -1.357927428   -1.357927428
    9.609609610   -1.338134224   -1.338134224   -1.338134224
    9.624624625   -1.317341562   -1.317341563   -1.317341562
    9.639639640   -1.297354957   -1.297354957   -1.297354957
    9.654654655   -1.279161875   -1.279161875   -1.279161875
    9.669669670   -1.263817368   -1.263817368   -1.263817368
    9.684684685   -1.253658265   -1.253658265   -1.253658265
    9.699699700   -1.252593260   -1.252593261   -1.252593261
    9.714714715   -1.260641408   -1.260641409   -1.260641408
    9.729729730   -1.270793444   -1.270793445   -1.270793445
    9.744744745   -1.274011753   -1.274011753   -1.274011753
    9.759759760   -1.266582636   -1.266582637   -1.266582636
    9.774774775   -1.252301684   -1.252301685   -1.252301684
    9.789789790   -1.238876137   -1.238876138   -1.238876138
    9.804804805   -1.232491595   -1.232491595   -1.232491595
    9.819819820   -1.232923477   -1.232923477   -1.232923477
    9.834834835   -1.234073847   -1.234073847   -1.234073847
    9.849849850   -1.230411452   -1.230411452   -1.230411452
    9.864864865   -1.221766132   -1.221766132   -1.221766132
    9.879879880   -1.212429959   -1.212429959   -1.212429959
    9.894894895   -1.206489053   -1.206489053   -1.206489053
    9.909909910   -1.204251341   -1.204251341   -1.204251341
    9.924924925   -1.203007425   -1.203007425   -1.203007425
    9.939939940   -1.200902453   -1.200902454   -1.200902454
    9.954954955   -1.197130832   -1.197130833   -1.197130833
    9.969969970   -1.191293956   -1.191293957   -1.191293956
    9.984984985   -1.184607118   -1.184607118   -1.184607118
   10.000000000   -1.178833751   -1.178833752   -1.178833751
   10.015015015   -1.175468228   -1.175468229   -1.175468229
   10.030030030   -1.175887320   -1.175887320   -1.175887320
   10.045045045   -1.179775355   -1.179775356   -1.179775355
   10.060060060   -1.184752281   -1.184752282   -1.184752282
   10.075075075   -1.187579801   -1.187579802   -1.187579802
   10.090090090   -1.186335979   -1.186335979   -1.186335979
   10.105105105   -1.181846343   -1.181846343   -1.181846343
   10.120120120   -1.177047533   -1.177047534   -1.177047534
   10.135135135   -1.174339076   -1.174339076   -1.174339076
   10.150150150   -1.173278869   -1.173278869   -1.173278869
   10.165165165   -1.172592569   -1.172592570   -1.172592569
   10.180180180   -1.172423543   -1.172423543   -1.172423543
   10.195195195   -1.172430874   -1.172430874   -1.172430874
   10.210210210   -1.170456908   -1.170456908   -1.170456908
   10.225225225   -1.164565318   -1.164565318   -1.164565318
   10.240240240   -1.155353563   -1.155353564   -1.155353563
   10.255255255   -1.145489530   -1.145489531   -1.145489530
   10.270270270   -1.136841636   -1.136841636   -1.136841636
   10.285285285   -1.129881983   -1.129881984   -1.129881983
   10.300300300   -1.124723597   -1.124723597   -1.124723597
   10.315315315   -1.119838865   -1.119838865   -1.119838865
   10.330330330   -1.113197741   -1.113197742   -1.113197742
   10.345345345   -1.104713012   -1.104713013   -1.104713013
   10.360360360   -1.096274066   -1.096274066   -1.096274066
   10.375375375   -1.089836787   -1.089836787   -1.089836787
   10.390390390   -1.087232097   -1.087232097   -1.087232097
   10.405405405   -1.088743892   -1.088743893   -1.088743892
   10.420420420   -1.091339797   -1.091339797   -1.091339797
   10.435435435   -1.091332235   -1.091332236   -1.091332235
   10.450450450   -1.087285069   -1.087285069   -1.087285069
   10.465465465   -1.079984042   -1.079984042   -1.079984042
   10.480480480   -1.071877778   -1.071877779   -1.071877778
   10.495495495   -1.065931962   -1.065931963   -1.065931962
   10.510510511   -1.062879537   -1.062879538   -1.062879537
   10.525525526   -1.060156401   -1.060156401   -1.060156401
   10.540540541   -1.054682952   -1.054682952   -1.054682952
   10.555555556   -1.046054072   -1.046054072   -1.046054072
   10.570570571   -1.035880695   -1.035880695   -1.035880695
   10.585585586   -1.025343260   -1.025343260   -1.025343260
   10.600600601   -1.015577909   -1.015577909   -1.015577909
   10.615615616   -1.006999702   -1.006999702   -1.006999702
   10.630630631   -0.998404510   -0.998404510   -0.998404510
   10.645645646   -0.989266514   -0.989266514   -0.989266514
   10.660660661   -0.979960403   -0.979960403   -0.979960403
   10.675675676   -0.970651728   -0.970651728   -0.970651728
   10.690690691   -0.963094563   -0.963094563   -0.963094563
   10.705705706   -0.959291379   -0.959291380   -0.959291380
   10.720720721   -0.957877899   -0.957877900   -0.957877900
   10.735735736   -0.955077717   -0.955077717   -0.955077717
   10.750750751   -0.947933085   -0.947933085   -0.947933085
   10.765765766   -0.937260109   -0.937260110   -0.937260110
   10.780780781   -0.926903765   -0.926903766   -0.926903765
   10.795795796   -0.919925883   -0.919925883   -0.919925883
   10.810810811   -0.916808288   -0.916808288   -0.916808288
   10.825825826   -0.915074017   -0.915074017   -0.915074017
   10.840840841   -0.911916636   -0.911916636   -0.911916636
   10.855855856   -0.906661885   -0.906661886   -0.906661886
   10.870870871   -0.899468653   -0.899468653   -0.899468653
   10.885885886   -0.890196514   -0.890196515   -0.890196514
   10.900900901   -0.879465040   -0.879465040   -0.879465040
   10.915915916   -0.868113455   -0.868113455   -0.868113455
   10.930930931   -0.856888452   -0.856888452   -0.856888452
   10.945945946   -0.847155965   -0.847155966   -0.847155965
   10.960960961   -0.840088809   -0.840088809   -0.840088809
   10.975975976   -0.835390981   -0.835390981   -0.835390981
   10.990990991   -0.831882181   -0.831882181   -0.831882181
   11.006006006   -0.829315970   -0.829315970   -0.829315970
   11.021021021   -0.828162681   -0.828162681   -0.828162681
   11.036036036   -0.827347953   -0.827347953   -0.827347953
   11.051051051   -0.825177929   -0.825177930   -0.825177929
   11.066066066   -0.820899258   -0.820899258   -0.820899258
   11.081081081   -0.813762067   -0.813762067   -0.813762067
   11.096096096   -0.804369490   -0.804369490   -0.804369490
   11.111111111   -0.795418420   -0.795418420   -0.795418420
   11.126126126   -0.788826918   -0.788826918   -0.788826918
   11.141141141   -0.784246854   -0.784246854   -0.784246854
   11.156156156   -0.779639255   -0.779639256   -0.779639255
   11.171171171   -0.772940652   -0.772940652   -0.772940652
   11.186186186   -0.764634298   -0.764634299   -0.764634299
   11.201201201   -0.757502915   -0.757502916   -0.757502915
   11.216216216   -0.752961432   -0.752961432   -0.752961432
   11.231231231   -0.750218278   -0.750218278   -0.750218278
   11.246246246   -0.747959202   -0.747959203   -0.747959203
   11.261261261   -0.744366825   -0.744366826   -0.744366826
   11.276276276   -0.737236409   -0.737236409   -0.737236409
   11.291291291   -0.726379523   -0.726379523   -0.726379523
   11.306306306   -0.714636568   -0.714636569   -0.714636569
   11.321321321   -0.705107305   -0.705107305   -0.705107305
   11.336336336   -0.698352274   -0.698352274   -0.698352274
   11.351351351   -0.693225425   -0.693225425   -0.693225425
   11.366366366   -0.688497463   -0.688497463   -0.688497463
   11.381381381   -0.683224868   -0.683224868   -0.683224868
   11.396396396   -0.677679004   -0.677679004   -0.677679004
   11.411411411   -0.672989073   -0.672989073   -0.672989073
   11.426426426   -0.668821106   -0.668821106   -0.668821106
   11.441441441   -0.663644774   -0.663644774   -0.663644774
   11.456456456   -0.657450368   -0.657450368   -0.657450368
   11.471471471   -0.651438027   -0.651438027   -0.651438027
   11.486486486   -0.646268043   -0.646268043   -0.646268043
   11.501501502   -0.641897240   -0.641897241   -0.641897241
   11.516516517   -0.638561782   -0.638561783   -0.638561782
   11.531531532   -0.637219266   -0.637219266   -0.637219266
   11.546546547   -0.638214927   -0.638214928   -0.638214928
   11.561561562   -0.639935950   -0.639935950   -0.639935950
   11.576576577   -0.640023068   -0.640023068   -0.640023068
   11.591591592   -0.637132007   -0.637132007   -0.637132007
   11.606606607   -0.631753486   -0.631753486   -0.631753486
   11.621621622   -0.625612883   -0.625612883   -0.625612883
   11.636636637   -0.619236388   -0.619236388   -0.619236388
   11.651651652   -0.611535677   -0.611535678   -0.611535677
   11.666666667   -0.602429551   -0.602429551   -0.602429551
   11.681681682   -0.593818529   -0.593818529   -0.593818529
   11.696696697   -0.587540692   -0.587540692   -0.587540692
   11.711711712   -0.583629114   -0.583629115   -0.583629114
   11.726726727   -0.580018178   -0.580018179   -0.580018178
   11.741741742   -0.575173798   -0.575173798   -0.575173798
   11.756756757   -0.569788312   -0.569788312   -0.569788312
   11.771771772   -0.565066336   -0.565066336   -0.565066336
   11.786786787   -0.561365364   -0.561365364   -0.561365364
   11.801801802   -0.558560114   -0.558560115   -0.558560115
   11.816816817   -0.556933563   -0.556933564   -0.556933564
   11.831831832   -0.556763796   -0.556763796   -0.556763796
   11.846846847   -0.557455340   -0.557455340   -0.557455340
   11.861861862   -0.557276416   -0.557276416   -0.557276416
   11.876876877   -0.554147681   -0.554147681   -0.554147681
   11.891891892   -0.547726815   -0.547726815   -0.547726815
   11.906906907   -0.539980198   -0.539980198   -0.539980198
   11.921921922   -0.532761929   -0.532761929   -0.532761929
   11.936936937   -0.525958257   -0.525958258   -0.525958257
   11.951951952   -0.518707199   -0.518707199   -0.518707199
   11.966966967   -0.511170408   -0.511170409   -0.511170409
   11.981981982   -0.503694565   -0.503694565   -0.503694565
   11.996996997   -0.496168813   -0.496168813   -0.496168813
   12.012012012   -0.488540645   -0.488540645   -0.488540645
   12.027027027   -0.480857735   -0.480857735   -0.480857735
   12.042042042   -0.473069464   -0.473069464   -0.473069464
   12.057057057   -0.465184414   -0.465184414   -0.465184414
   12.072072072   -0.457295607   -0.457295607   -0.457295607
   12.087087087   -0.448879581   -0.448879581   -0.448879581
   12.102102102   -0.438901750   -0.438901751   -0.438901751
   12.117117117   -0.427229586   -0.427229586   -0.427229586
   12.132132132   -0.415598670   -0.415598670   -0.415598670
   12.147147147   -0.406284870   -0.406284870   -0.406284870
   12.162162162   -0.400106720   -0.400106721   -0.400106720
   12.177177177   -0.396291192   -0.396291192   -0.396291192
   12.192192192   -0.393966105   -0.393966106   -0.393966106
   12.207207207   -0.392446677   -0.392446677   -0.392446677
   12.222222222   -0.390667294   -0.390667294   -0.390667294
   12.237237237   -0.388130711   -0.388130711   -0.388130711
   12.252252252   -0.384990295   -0.384990295   -0.384990295
   12.267267267   -0.380957098   -0.380957098   -0.380957098
   12.282282282   -0.375170256   -0.375170256   -0.375170256
   12.297297297   -0.367288946   -0.367288946   -0.367288946
   12.312312312   -0.358409093   -0.358409093   -0.358409093
   12.327327327   -0.350204456   -0.350204456   -0.350204456
   12.342342342   -0.342951748   -0.342951748   -0.342951748
   12.357357357   -0.335322665   -0.335322665   -0.335322665
   12.372372372   -0.326484053   -0.326484053   -0.326484053
   12.387387387   -0.317376688   -0.317376689   -0.317376689
   12.402402402   -0.310149731   -0.310149731   -0.310149731
   12.417417417   -0.306729483   -0.306729483   -0.306729483
   12.432432432   -0.306723230   -0.306723230   -0.306723230
   12.447447447   -0.307960941   -0.307960941   -0.307960941
   12.462462462   -0.308738151   -0.308738152   -0.308738151
   12.477477477   -0.308245016   -0.308245016   -0.308245016
   12.492492492   -0.306371617   -0.306371617   -0.306371617
   12.507507508   -0.303296117   -0.303296117   -0.303296117
   12.522522523   -0.299484751   -0.299484751   -0.299484751
   12.537537538   -0.295424266   -0.295424266   -0.295424266
   12.552552553   -0.291328252   -0.291328252   -0.291328252
   12.567567568   -0.287746251   -0.287746252   -0.287746252
   12.582582583   -0.285066544   -0.285066544   -0.285066544
   12.597597598   -0.282694781   -0.282694781   -0.282694781
   12.612612613   -0.279994126   -0.279994127   -0.279994126
   12.627627628   -0.277013075   -0.277013076   -0.277013076
   12.642642643   -0.273927062   -0.273927062   -0.273927062
   12.657657658   -0.271029507   -0.271029507   -0.271029507
   12.672672673   -0.268659620   -0.268659621   -0.268659621
   12.687687688   -0.266344371   -0.266344371   -0.266344371
   12.702702703   -0.262963313   -0.262963314   -0.262963314
   12.717717718   -0.258058553   -0.258058553   -0.258058553
   12.732732733   -0.252074957   -0.252074958   -0.252074958
   12.747747748   -0.246161866   -0.246161867   -0.246161866
   12.762762763   -0.241402426   -0.241402426   -0.241402426
   12.777777778   -0.237943119   -0.237943120   -0.237943119
   12.792792793   -0.235506659   -0.235506659   -0.235506659
   12.807807808   -0.233995034   -0.233995035   -0.233995035
   12.822822823   -0.233022707   -0.233022707   -0.233022707
   12.837837838   -0.231772495   -0.231772495   -0.231772495
   12.852852853   -0.229709653   -0.229709654   -0.229709654
   12.867867868   -0.227230690   -0.227230690   -0.227230690
   12.882882883   -0.224686792   -0.224686793   -0.224686792
   12.897897898   -0.221431472   -0.221431472   -0.221431472
   12.912912913   -0.217014642   -0.217014642   -0.217014642
   12.927927928   -0.211738872   -0.211738872   -0.211738872
   12.942942943   -0.205332202   -0.205332202   -0.205332202
   12.957957958   -0.197445350   -0.197445351   -0.197445351
   12.972972973   -0.189563378   -0.189563379   -0.189563379
   12.987987988   -0.184089635   -0.184089635   -0.184089635
   13.003003003   -0.181592742   -0.181592743   -0.181592743
   13.018018018   -0.180400940   -0.180400940   -0.180400940
   13.033033033   -0.178914758   -0.178914759   -0.178914758
   13.048048048   -0.177583792   -0.177583792   -0.177583792
   13.063063063   -0.178170732   -0.178170732   -0.178170732
   13.078078078   -0.181544414   -0.181544414   -0.181544414
   13.093093093   -0.186564790   -0.186564791   -0.186564791
   13.108108108   -0.190635406   -0.190635406   -0.190635406
   13.123123123   -0.191403395   -0.191403395   -0.191403395
   13.138138138   -0.188332527   -0.188332528   -0.188332528
   13.153153153   -0.183024665   -0.183024665   -0.183024665
   13.168168168   -0.178065712   -0.178065712   -0.178065712
   13.183183183   -0.174804741   -0.174804741   -0.174804741
   13.198198198   -0.172597973   -0.172597973   -0.172597973
   13.213213213   -0.170417460   -0.170417461   -0.170417460
   13.228228228   -0.167870091   -0.167870091   -0.167870091
   13.243243243   -0.164593160   -0.164593160   -0.164593160
   13.258258258   -0.160459321   -0.160459322   -0.160459322
   13.273273273   -0.156323070   -0.156323070   -0.156323070
   13.288288288   -0.153252201   -0.153252201   -0.153252201
   13.303303303   -0.151444939   -0.151444939   -0.151444939
   13.318318318   -0.150357030   -0.150357030   -0.150357030
   13.333333333   -0.149465348   -0.149465348   -0.149465348
   13.348348348   -0.148580925   -0.148580925   -0.148580925
   13.363363363   -0.147789661   -0.147789661   -0.147789661
   13.378378378   -0.147606406   -0.147606407   -0.147606407
   13.393393393   -0.148448518   -0.148448518   -0.148448518
   13.408408408   -0.149713223   -0.149713223   -0.149713223
   13.423423423   -0.150238855   -0.150238855   -0.150238855
   13.438438438   -0.149610333   -0.149610334   -0.149610334
   13.453453453   -0.148267381   -0.148267381   -0.148267381
   13.468468468   -0.146582152   -0.146582153   -0.146582152
   13.483483483   -0.144384259   -0.144384260   -0.144384259
   13.498498498   -0.141438491   -0.141438491   -0.141438491
   13.513513514   -0.138058819   -0.138058820   -0.138058819
   13.528528529   -0.135015371   -0.135015372   -0.135015372
   13.543543544   -0.132738263   -0.132738263   -0.132738263
   13.558558559   -0.130694055   -0.130694056   -0.130694055
   13.573573574   -0.128105111   -0.128105111   -0.128105111
   13.588588589   -0.124785101   -0.124785102   -0.124785102
   13.603603604   -0.121043147   -0.121043148   -0.121043148
   13.618618619   -0.117112418   -0.117112418   -0.117112418
   13.633633634   -0.113137946   -0.113137946   -0.113137946
   13.648648649   -0.109560150   -0.109560150   -0.109560150
   13.663663664   -0.106937195   -0.106937195   -0.106937195
   13.678678679   -0.105188538   -0.105188539   -0.105188539
   13.693693694   -0.103453121   -0.103453121   -0.103453121
   13.708708709   -0.101179932   -0.101179932   -0.101179932
   13.723723724   -0.098467385   -0.098467386   -0.098467385
   13.738738739   -0.095547627   -0.095547627   -0.095547627
   13.753753754   -0.092512712   -0.092512712   -0.092512712
   13.768768769   -0.089215757   -0.089215758   -0.089215757
   13.783783784   -0.085459568   -0.085459569   -0.085459568
   13.798798799   -0.081962268   -0.081962268   -0.081962268
   13.813813814   -0.080089889   -0.080089890   -0.080089889
   13.828828829   -0.080204000   -0.080204000   -0.080204000
   13.843843844   -0.081477819   -0.081477820   -0.081477819
   13.858858859   -0.082940163   -0.082940164   -0.082940164
   13.873873874   -0.083631463   -0.083631464   -0.083631464
   13.888888889   -0.082708065   -0.082708065   -0.082708065
   13.903903904   -0.080155194   -0.080155195   -0.080155194
   13.918918919   -0.076879525   -0.076879526   -0.076879526
   13.933933934   -0.074136317   -0.074136317   -0.074136317
   13.948948949   -0.072403296   -0.072403297   -0.072403296
   13.963963964   -0.071202617   -0.071202618   -0.071202617
   13.978978979   -0.070247098   -0.070247099   -0.070247098
   13.993993994   -0.069616033   -0.069616034   -0.069616033
   14.009009009   -0.068719985   -0.068719985   -0.068719985
   14.024024024   -0.066661986   -0.066661986   -0.066661986
   14.039039039   -0.063554585   -0.063554585   -0.063554585
   14.054054054   -0.060448605   -0.060448606   -0.060448606
   14.069069069   -0.058155591   -0.058155591   -0.058155591
   14.084084084   -0.057011067   -0.057011067   -0.057011067
   14.099099099   -0.056952584   -0.056952584   -0.056952584
   14.114114114   -0.057169726   -0.057169726   -0.057169726
   14.129129129   -0.056797504   -0.056797504   -0.056797504
   14.144144144   -0.055889980   -0.055889980   -0.055889980
   14.159159159   -0.054894271   -0.054894271   -0.054894271
   14.174174174   -0.053818796   -0.053818796   -0.053818796
   14.189189189   -0.052507630   -0.052507630   -0.052507630
   14.204204204   -0.050894826   -0.050894827   -0.050894826
   14.219219219   -0.048913236   -0.048913237   -0.048913237
   14.234234234   -0.046656248   -0.046656248   -0.046656248
   14.249249249   -0.044308378   -0.044308378   -0.044308378
   14.264264264   -0.041949954   -0.041949954   -0.041949954
   14.279279279   -0.039647827   -0.039647827   -0.039647827
   14.294294294   -0.037940754   -0.037940754   -0.037940754
   14.309309309   -0.037233381   -0.037233381   -0.037233381
   14.324324324   -0.036808580   -0.036808580   -0.036808580
   14.339339339   -0.035393940   -0.035393940   -0.035393940
   14.354354354   -0.032925755   -0.032925755   -0.032925755
   14.369369369   -0.030430149   -0.030430149   -0.030430149
   14.384384384   -0.028096233   -0.028096233   -0.028096233
   14.399399399   -0.025030523   -0.025030524   -0.025030523
   14.414414414   -0.020920052   -0.020920052   -0.020920052
   14.429429429   -0.016483132   -0.016483133   -0.016483132
   14.444444444   -0.012295917   -0.012295917   -0.012295917
   14.459459459   -0.008629763   -0.008629764   -0.008629764
   14.474474474   -0.005623616   -0.005623617   -0.005623616
   14.489489489   -0.003226719   -0.003226719   -0.003226719
   14.504504505   -0.001163610   -0.001163610   -0.001163610
   14.519519520    0.001022081    0.001022081    0.001022081
   14.534534535    0.003807500    0.003807500    0.003807500
   14.549549550    0.007317932    0.007317932    0.007317932
   14.564564565    0.010917169    0.010917169    0.010917169
   14.579579580    0.013711262    0.013711262    0.013711262
   14.594594595    0.015409374    0.015409374    0.015409374
   14.609609610    0.016465028    0.016465028    0.016465028
   14.624624625    0.017474739    0.017474738    0.017474738
   14.639639640    0.018541847    0.018541847    0.018541847
   14.654654655    0.019435249    0.019435249    0.019435249
   14.669669670    0.020063104    0.020063104    0.020063104
   14.684684685    0.020964426    0.020964426    0.020964426
   14.699699700    0.022900151    0.022900150    0.022900151
   14.714714715    0.025724677    0.025724676    0.025724677
   14.729729730    0.028830101    0.028830101    0.028830101
   14.744744745    0.032142889    0.032142889    0.032142889
   14.759759760    0.035783085    0.035783084    0.035783085
   14.774774775    0.039616694    0.039616693    0.039616693
   14.789789790    0.043186890    0.043186889    0.043186890
   14.804804805    0.045586993    0.045586993    0.045586993
   14.819819820    0.046110946    0.046110945    0.046110945
   14.834834835    0.044878201    0.044878200    0.044878200
   14.849849850    0.042493249    0.042493248    0.042493249
   14.864864865    0.039750022    0.039750022    0.039750022
   14.879879880    0.037730282    0.037730282    0.037730282
   14.894894895    0.037566269    0.037566269    0.037566269
   14.909909910    0.039433635    0.039433634    0.039433634
   14.924924925    0.042186884    0.042186883    0.042186884
   14.939939940    0.044459948    0.044459948    0.044459948
   14.954954955    0.045826630    0.045826630    0.045826630
   14.969969970    0.046652521    0.046652521    0.046652521
   14.984984985    0.047257669    0.047257669    0.047257669
   15.000000000    0.047750065    0.047750065    0.047750065
