# energy grid [eV]     ieps_x  ieps_y  ieps_z
#
    0.000000000   12.119426718   12.119426718   12.119426718
    0.015015015   12.110034602   12.110034602   12.110034602
    0.030030030   12.094044089   12.094044089   12.094044089
    0.045045045   12.075155143   12.075155143   12.075155143
    0.060060060   12.053635942   12.053635942   12.053635942
    0.075075075   12.029726324   12.029726324   12.029726324
    0.090090090   12.003671525   12.003671525   12.003671525
    0.105105105   11.975715261   11.975715261   11.975715261
    0.120120120   11.946093842   11.946093842   11.946093842
    0.135135135   11.915031573   11.915031573   11.915031573
    0.150150150   11.882737458   11.882737458   11.882737458
    0.165165165   11.849403099   11.849403099   11.849403099
    0.180180180   11.815201636   11.815201636   11.815201636
    0.195195195   11.780287534   11.780287534   11.780287534
    0.210210210   11.744797034   11.744797034   11.744797034
    0.225225225   11.708849068   11.708849068   11.708849068
    0.240240240   11.672546490   11.672546490   11.672546490
    0.255255255   11.635977488   11.635977488   11.635977488
    0.270270270   11.599217070   11.599217070   11.599217070
    0.285285285   11.562328547   11.562328547   11.562328547
    0.300300300   11.525364958   11.525364958   11.525364958
    0.315315315   11.488370409   11.488370409   11.488370409
    0.330330330   11.451381291   11.451381291   11.451381291
    0.345345345   11.414427383   11.414427383   11.414427383
    0.360360360   11.377532831   11.377532831   11.377532831
    0.375375375   11.340717004   11.340717004   11.340717004
    0.390390390   11.303995246   11.303995246   11.303995246
    0.405405405   11.267379524   11.267379524   11.267379524
    0.420420420   11.230878980   11.230878980   11.230878980
    0.435435435   11.194500410   11.194500410   11.194500410
    0.450450450   11.158248670   11.158248670   11.158248670
    0.465465465   11.122127014   11.122127014   11.122127014
    0.480480480   11.086137390   11.086137390   11.086137390
    0.495495495   11.050280683   11.050280683   11.050280683
    0.510510511   11.014556918   11.014556918   11.014556918
    0.525525526   10.978965438   10.978965438   10.978965438
    0.540540541   10.943505046   10.943505046   10.943505046
    0.555555556   10.908174123   10.908174123   10.908174123
    0.570570571   10.872970734   10.872970734   10.872970734
    0.585585586   10.837892710   10.837892710   10.837892710
    0.600600601   10.802937714   10.802937714   10.802937714
    0.615615616   10.768103304   10.768103304   10.768103304
    0.630630631   10.733386975   10.733386975   10.733386975
    0.645645646   10.698786202   10.698786202   10.698786202
    0.660660661   10.664298468   10.664298468   10.664298468
    0.675675676   10.629921289   10.629921289   10.629921289
    0.690690691   10.595652238   10.595652238   10.595652238
    0.705705706   10.561488959   10.561488959   10.561488959
    0.720720721   10.527429177   10.527429177   10.527429177
    0.735735736   10.493470711   10.493470711   10.493470711
    0.750750751   10.459611479   10.459611479   10.459611479
    0.765765766   10.425849505   10.425849505   10.425849505
    0.780780781   10.392182919   10.392182919   10.392182919
    0.795795796   10.358609960   10.358609960   10.358609960
    0.810810811   10.325128977   10.325128977   10.325128977
    0.825825826   10.291738430   10.291738430   10.291738430
    0.840840841   10.258436885   10.258436885   10.258436885
    0.855855856   10.225223015   10.225223015   10.225223015
    0.870870871   10.192095597   10.192095597   10.192095597
    0.885885886   10.159053508   10.159053508   10.159053508
    0.900900901   10.126095724   10.126095724   10.126095724
    0.915915916   10.093221315   10.093221315   10.093221315
    0.930930931   10.060429443   10.060429443   10.060429443
    0.945945946   10.027719354   10.027719354   10.027719354
    0.960960961    9.995090383    9.995090383    9.995090383
    0.975975976    9.962541939    9.962541939    9.962541939
    0.990990991    9.930073511    9.930073511    9.930073511
    1.006006006    9.897684659    9.897684659    9.897684659
    1.021021021    9.865375011    9.865375011    9.865375011
    1.036036036    9.833144260    9.833144260    9.833144260
    1.051051051    9.800992161    9.800992161    9.800992161
    1.066066066    9.768918526    9.768918526    9.768918526
    1.081081081    9.736923221    9.736923221    9.736923221
    1.096096096    9.705006164    9.705006164    9.705006164
    1.111111111    9.673167321    9.673167321    9.673167321
    1.126126126    9.641406700    9.641406700    9.641406700
    1.141141141    9.609724354    9.609724354    9.609724354
    1.156156156    9.578120373    9.578120373    9.578120373
    1.171171171    9.546594882    9.546594882    9.546594882
    1.186186186    9.515148040    9.515148040    9.515148040
    1.201201201    9.483780039    9.483780039    9.483780039
    1.216216216    9.452491096    9.452491096    9.452491096
    1.231231231    9.421281454    9.421281454    9.421281454
    1.246246246    9.390151383    9.390151383    9.390151383
    1.261261261    9.359101170    9.359101170    9.359101170
    1.276276276    9.328131124    9.328131124    9.328131124
    1.291291291    9.297241572    9.297241572    9.297241572
    1.306306306    9.266432855    9.266432855    9.266432855
    1.321321321    9.235705328    9.235705328    9.235705328
    1.336336336    9.205059360    9.205059360    9.205059360
    1.351351351    9.174495328    9.174495328    9.174495328
    1.366366366    9.144013621    9.144013621    9.144013621
    1.381381381    9.113614633    9.113614633    9.113614633
    1.396396396    9.083298766    9.083298766    9.083298766
    1.411411411    9.053066427    9.053066427    9.053066427
    1.426426426    9.022918027    9.022918027    9.022918027
    1.441441441    8.992853979    8.992853979    8.992853979
    1.456456456    8.962874697    8.962874697    8.962874697
    1.471471471    8.932980599    8.932980599    8.932980599
    1.486486486    8.903172100    8.903172100    8.903172100
    1.501501502    8.873449614    8.873449614    8.873449614
    1.516516517    8.843813555    8.843813555    8.843813555
    1.531531532    8.814264332    8.814264332    8.814264332
    1.546546547    8.784802352    8.784802352    8.784802352
    1.561561562    8.755428019    8.755428019    8.755428019
    1.576576577    8.726141729    8.726141729    8.726141729
    1.591591592    8.696943877    8.696943877    8.696943877
    1.606606607    8.667834849    8.667834849    8.667834849
    1.621621622    8.638815026    8.638815026    8.638815026
    1.636636637    8.609884783    8.609884783    8.609884783
    1.651651652    8.581044485    8.581044485    8.581044485
    1.666666667    8.552294494    8.552294494    8.552294494
    1.681681682    8.523635160    8.523635160    8.523635160
    1.696696697    8.495066827    8.495066827    8.495066827
    1.711711712    8.466589831    8.466589831    8.466589831
    1.726726727    8.438204496    8.438204496    8.438204496
    1.741741742    8.409911142    8.409911142    8.409911142
    1.756756757    8.381710075    8.381710075    8.381710075
    1.771771772    8.353601595    8.353601595    8.353601595
    1.786786787    8.325585991    8.325585991    8.325585991
    1.801801802    8.297663542    8.297663542    8.297663542
    1.816816817    8.269834519    8.269834519    8.269834519
    1.831831832    8.242099180    8.242099180    8.242099180
    1.846846847    8.214457777    8.214457777    8.214457777
    1.861861862    8.186910548    8.186910548    8.186910548
    1.876876877    8.159457724    8.159457724    8.159457724
    1.891891892    8.132099524    8.132099524    8.132099524
    1.906906907    8.104836158    8.104836158    8.104836158
    1.921921922    8.077667824    8.077667824    8.077667824
    1.936936937    8.050594712    8.050594712    8.050594712
    1.951951952    8.023617001    8.023617001    8.023617001
    1.966966967    7.996734859    7.996734859    7.996734859
    1.981981982    7.969948445    7.969948445    7.969948445
    1.996996997    7.943257907    7.943257907    7.943257907
    2.012012012    7.916663385    7.916663385    7.916663385
    2.027027027    7.890165006    7.890165006    7.890165006
    2.042042042    7.863762889    7.863762889    7.863762889
    2.057057057    7.837457144    7.837457144    7.837457144
    2.072072072    7.811247870    7.811247870    7.811247870
    2.087087087    7.785135155    7.785135155    7.785135155
    2.102102102    7.759119080    7.759119080    7.759119080
    2.117117117    7.733199715    7.733199715    7.733199716
    2.132132132    7.707377123    7.707377123    7.707377123
    2.147147147    7.681651354    7.681651354    7.681651354
    2.162162162    7.656022451    7.656022451    7.656022451
    2.177177177    7.630490449    7.630490449    7.630490449
    2.192192192    7.605055371    7.605055371    7.605055371
    2.207207207    7.579717235    7.579717235    7.579717235
    2.222222222    7.554476048    7.554476048    7.554476048
    2.237237237    7.529331809    7.529331809    7.529331809
    2.252252252    7.504284508    7.504284508    7.504284508
    2.267267267    7.479334128    7.479334128    7.479334128
    2.282282282    7.454480643    7.454480643    7.454480643
    2.297297297    7.429724019    7.429724019    7.429724019
    2.312312312    7.405064214    7.405064214    7.405064214
    2.327327327    7.380501179    7.380501179    7.380501179
    2.342342342    7.356034857    7.356034857    7.356034857
    2.357357357    7.331665184    7.331665184    7.331665184
    2.372372372    7.307392087    7.307392087    7.307392087
    2.387387387    7.283215488    7.283215488    7.283215488
    2.402402402    7.259135301    7.259135301    7.259135301
    2.417417417    7.235151431    7.235151431    7.235151431
    2.432432432    7.211263781    7.211263781    7.211263781
    2.447447447    7.187472243    7.187472243    7.187472243
    2.462462462    7.163776704    7.163776704    7.163776704
    2.477477477    7.140177045    7.140177045    7.140177045
    2.492492492    7.116673141    7.116673141    7.116673141
    2.507507508    7.093264859    7.093264859    7.093264859
    2.522522523    7.069952062    7.069952062    7.069952062
    2.537537538    7.046734606    7.046734606    7.046734606
    2.552552553    7.023612343    7.023612343    7.023612343
    2.567567568    7.000585116    7.000585116    7.000585116
    2.582582583    6.977652766    6.977652766    6.977652766
    2.597597598    6.954815127    6.954815127    6.954815127
    2.612612613    6.932072028    6.932072028    6.932072028
    2.627627628    6.909423293    6.909423293    6.909423293
    2.642642643    6.886868741    6.886868741    6.886868741
    2.657657658    6.864408186    6.864408186    6.864408186
    2.672672673    6.842041437    6.842041437    6.842041437
    2.687687688    6.819768299    6.819768299    6.819768299
    2.702702703    6.797588572    6.797588572    6.797588572
    2.717717718    6.775502052    6.775502052    6.775502052
    2.732732733    6.753508531    6.753508531    6.753508531
    2.747747748    6.731607796    6.731607796    6.731607796
    2.762762763    6.709799630    6.709799630    6.709799630
    2.777777778    6.688083813    6.688083813    6.688083813
    2.792792793    6.666460120    6.666460120    6.666460120
    2.807807808    6.644928323    6.644928323    6.644928323
    2.822822823    6.623488191    6.623488191    6.623488191
    2.837837838    6.602139487    6.602139487    6.602139487
    2.852852853    6.580881972    6.580881972    6.580881972
    2.867867868    6.559715406    6.559715406    6.559715406
    2.882882883    6.538639542    6.538639542    6.538639542
    2.897897898    6.517654132    6.517654132    6.517654132
    2.912912913    6.496758925    6.496758925    6.496758925
    2.927927928    6.475953666    6.475953666    6.475953666
    2.942942943    6.455238097    6.455238097    6.455238097
    2.957957958    6.434611958    6.434611958    6.434611958
    2.972972973    6.414074987    6.414074987    6.414074987
    2.987987988    6.393626919    6.393626919    6.393626919
    3.003003003    6.373267484    6.373267484    6.373267484
    3.018018018    6.352996414    6.352996414    6.352996414
    3.033033033    6.332813435    6.332813435    6.332813435
    3.048048048    6.312718273    6.312718273    6.312718273
    3.063063063    6.292710650    6.292710650    6.292710650
    3.078078078    6.272790286    6.272790286    6.272790286
    3.093093093    6.252956902    6.252956902    6.252956902
    3.108108108    6.233210213    6.233210213    6.233210213
    3.123123123    6.213549935    6.213549935    6.213549935
    3.138138138    6.193975780    6.193975780    6.193975780
    3.153153153    6.174487461    6.174487461    6.174487461
    3.168168168    6.155084686    6.155084686    6.155084686
    3.183183183    6.135767163    6.135767163    6.135767163
    3.198198198    6.116534600    6.116534600    6.116534600
    3.213213213    6.097386702    6.097386702    6.097386702
    3.228228228    6.078323172    6.078323172    6.078323172
    3.243243243    6.059343712    6.059343712    6.059343712
    3.258258258    6.040448023    6.040448023    6.040448023
    3.273273273    6.021635806    6.021635806    6.021635806
    3.288288288    6.002906759    6.002906759    6.002906759
    3.303303303    5.984260580    5.984260580    5.984260580
    3.318318318    5.965696965    5.965696965    5.965696965
    3.333333333    5.947215610    5.947215610    5.947215610
    3.348348348    5.928816209    5.928816209    5.928816209
    3.363363363    5.910498456    5.910498456    5.910498456
    3.378378378    5.892262044    5.892262044    5.892262044
    3.393393393    5.874106666    5.874106666    5.874106666
    3.408408408    5.856032011    5.856032011    5.856032011
    3.423423423    5.838037773    5.838037773    5.838037773
    3.438438438    5.820123639    5.820123639    5.820123639
    3.453453453    5.802289300    5.802289300    5.802289300
    3.468468468    5.784534445    5.784534445    5.784534445
    3.483483483    5.766858762    5.766858762    5.766858762
    3.498498498    5.749261940    5.749261940    5.749261940
    3.513513514    5.731743665    5.731743665    5.731743665
    3.528528529    5.714303625    5.714303625    5.714303625
    3.543543544    5.696941507    5.696941507    5.696941507
    3.558558559    5.679656998    5.679656998    5.679656998
    3.573573574    5.662449784    5.662449784    5.662449784
    3.588588589    5.645319551    5.645319551    5.645319551
    3.603603604    5.628265985    5.628265985    5.628265985
    3.618618619    5.611288773    5.611288773    5.611288773
    3.633633634    5.594387598    5.594387598    5.594387598
    3.648648649    5.577562149    5.577562149    5.577562149
    3.663663664    5.560812110    5.560812110    5.560812110
    3.678678679    5.544137166    5.544137166    5.544137166
    3.693693694    5.527537004    5.527537004    5.527537004
    3.708708709    5.511011310    5.511011310    5.511011310
    3.723723724    5.494559768    5.494559768    5.494559768
    3.738738739    5.478182066    5.478182066    5.478182066
    3.753753754    5.461877890    5.461877890    5.461877890
    3.768768769    5.445646925    5.445646925    5.445646925
    3.783783784    5.429488858    5.429488858    5.429488858
    3.798798799    5.413403377    5.413403377    5.413403377
    3.813813814    5.397390168    5.397390168    5.397390168
    3.828828829    5.381448919    5.381448919    5.381448919
    3.843843844    5.365579318    5.365579318    5.365579318
    3.858858859    5.349781052    5.349781052    5.349781052
    3.873873874    5.334053810    5.334053810    5.334053810
    3.888888889    5.318397281    5.318397281    5.318397281
    3.903903904    5.302811153    5.302811153    5.302811153
    3.918918919    5.287295118    5.287295118    5.287295118
    3.933933934    5.271848865    5.271848865    5.271848865
    3.948948949    5.256472084    5.256472084    5.256472084
    3.963963964    5.241164467    5.241164467    5.241164467
    3.978978979    5.225925705    5.225925705    5.225925705
    3.993993994    5.210755492    5.210755492    5.210755492
    4.009009009    5.195653518    5.195653518    5.195653518
    4.024024024    5.180619479    5.180619479    5.180619479
    4.039039039    5.165653067    5.165653067    5.165653067
    4.054054054    5.150753978    5.150753978    5.150753978
    4.069069069    5.135921906    5.135921906    5.135921906
    4.084084084    5.121156548    5.121156548    5.121156548
    4.099099099    5.106457600    5.106457600    5.106457600
    4.114114114    5.091824760    5.091824760    5.091824760
    4.129129129    5.077257725    5.077257725    5.077257725
    4.144144144    5.062756194    5.062756194    5.062756194
    4.159159159    5.048319866    5.048319866    5.048319866
    4.174174174    5.033948442    5.033948442    5.033948442
    4.189189189    5.019641622    5.019641622    5.019641622
    4.204204204    5.005399109    5.005399109    5.005399109
    4.219219219    4.991220603    4.991220603    4.991220603
    4.234234234    4.977105810    4.977105810    4.977105810
    4.249249249    4.963054433    4.963054433    4.963054433
    4.264264264    4.949066176    4.949066176    4.949066176
    4.279279279    4.935140746    4.935140746    4.935140746
    4.294294294    4.921277849    4.921277849    4.921277849
    4.309309309    4.907477192    4.907477192    4.907477192
    4.324324324    4.893738484    4.893738484    4.893738484
    4.339339339    4.880061434    4.880061434    4.880061434
    4.354354354    4.866445752    4.866445752    4.866445752
    4.369369369    4.852891149    4.852891149    4.852891149
    4.384384384    4.839397336    4.839397336    4.839397336
    4.399399399    4.825964027    4.825964027    4.825964027
    4.414414414    4.812590935    4.812590935    4.812590935
    4.429429429    4.799277774    4.799277774    4.799277774
    4.444444444    4.786024261    4.786024261    4.786024261
    4.459459459    4.772830111    4.772830111    4.772830111
    4.474474474    4.759695042    4.759695042    4.759695042
    4.489489489    4.746618773    4.746618773    4.746618773
    4.504504505    4.733601023    4.733601023    4.733601023
    4.519519520    4.720641512    4.720641512    4.720641512
    4.534534535    4.707739961    4.707739961    4.707739961
    4.549549550    4.694896093    4.694896093    4.694896093
    4.564564565    4.682109630    4.682109630    4.682109630
    4.579579580    4.669380298    4.669380298    4.669380298
    4.594594595    4.656707821    4.656707821    4.656707821
    4.609609610    4.644091926    4.644091926    4.644091926
    4.624624625    4.631532340    4.631532340    4.631532340
    4.639639640    4.619028791    4.619028791    4.619028791
    4.654654655    4.606581008    4.606581008    4.606581008
    4.669669670    4.594188723    4.594188723    4.594188723
    4.684684685    4.581851665    4.581851665    4.581851665
    4.699699700    4.569569568    4.569569568    4.569569568
    4.714714715    4.557342165    4.557342165    4.557342165
    4.729729730    4.545169190    4.545169190    4.545169190
    4.744744745    4.533050379    4.533050379    4.533050379
    4.759759760    4.520985468    4.520985468    4.520985468
    4.774774775    4.508974195    4.508974195    4.508974195
    4.789789790    4.497016299    4.497016299    4.497016299
    4.804804805    4.485111519    4.485111519    4.485111519
    4.819819820    4.473259596    4.473259596    4.473259596
    4.834834835    4.461460271    4.461460271    4.461460271
    4.849849850    4.449713288    4.449713288    4.449713288
    4.864864865    4.438018390    4.438018390    4.438018390
    4.879879880    4.426375323    4.426375323    4.426375323
    4.894894895    4.414783831    4.414783831    4.414783832
    4.909909910    4.403243664    4.403243664    4.403243664
    4.924924925    4.391754567    4.391754567    4.391754567
    4.939939940    4.380316292    4.380316292    4.380316292
    4.954954955    4.368928587    4.368928587    4.368928587
    4.969969970    4.357591205    4.357591205    4.357591205
    4.984984985    4.346303897    4.346303897    4.346303897
    5.000000000    4.335066417    4.335066417    4.335066417
    5.015015015    4.323878520    4.323878520    4.323878520
    5.030030030    4.312739961    4.312739961    4.312739961
    5.045045045    4.301650497    4.301650497    4.301650497
    5.060060060    4.290609886    4.290609886    4.290609886
    5.075075075    4.279617886    4.279617886    4.279617886
    5.090090090    4.268674257    4.268674257    4.268674257
    5.105105105    4.257778760    4.257778760    4.257778760
    5.120120120    4.246931158    4.246931158    4.246931158
    5.135135135    4.236131212    4.236131212    4.236131212
    5.150150150    4.225378689    4.225378689    4.225378689
    5.165165165    4.214673351    4.214673351    4.214673351
    5.180180180    4.204014967    4.204014967    4.204014967
    5.195195195    4.193403302    4.193403302    4.193403302
    5.210210210    4.182838126    4.182838126    4.182838126
    5.225225225    4.172319208    4.172319208    4.172319208
    5.240240240    4.161846319    4.161846319    4.161846319
    5.255255255    4.151419229    4.151419229    4.151419229
    5.270270270    4.141037712    4.141037712    4.141037712
    5.285285285    4.130701542    4.130701542    4.130701542
    5.300300300    4.120410492    4.120410492    4.120410492
    5.315315315    4.110164339    4.110164339    4.110164339
    5.330330330    4.099962859    4.099962859    4.099962859
    5.345345345    4.089805831    4.089805831    4.089805831
    5.360360360    4.079693034    4.079693034    4.079693034
    5.375375375    4.069624247    4.069624247    4.069624247
    5.390390390    4.059599251    4.059599251    4.059599251
    5.405405405    4.049617828    4.049617828    4.049617828
    5.420420420    4.039679762    4.039679762    4.039679762
    5.435435435    4.029784836    4.029784836    4.029784836
    5.450450450    4.019932836    4.019932836    4.019932836
    5.465465465    4.010123548    4.010123548    4.010123548
    5.480480480    4.000356760    4.000356760    4.000356760
    5.495495495    3.990632258    3.990632258    3.990632258
    5.510510511    3.980949833    3.980949833    3.980949833
    5.525525526    3.971309275    3.971309275    3.971309275
    5.540540541    3.961710376    3.961710376    3.961710376
    5.555555556    3.952152926    3.952152927    3.952152927
    5.570570571    3.942636721    3.942636721    3.942636721
    5.585585586    3.933161554    3.933161554    3.933161554
    5.600600601    3.923727221    3.923727221    3.923727221
    5.615615616    3.914333517    3.914333517    3.914333517
    5.630630631    3.904980241    3.904980241    3.904980241
    5.645645646    3.895667191    3.895667191    3.895667191
    5.660660661    3.886394165    3.886394165    3.886394165
    5.675675676    3.877160965    3.877160965    3.877160965
    5.690690691    3.867967392    3.867967392    3.867967392
    5.705705706    3.858813248    3.858813248    3.858813248
    5.720720721    3.849698336    3.849698336    3.849698336
    5.735735736    3.840622461    3.840622461    3.840622461
    5.750750751    3.831585428    3.831585428    3.831585428
    5.765765766    3.822587044    3.822587044    3.822587044
    5.780780781    3.813627115    3.813627115    3.813627115
    5.795795796    3.804705449    3.804705449    3.804705449
    5.810810811    3.795821856    3.795821856    3.795821856
    5.825825826    3.786976147    3.786976147    3.786976147
    5.840840841    3.778168131    3.778168131    3.778168131
    5.855855856    3.769397622    3.769397622    3.769397622
    5.870870871    3.760664431    3.760664431    3.760664431
    5.885885886    3.751968374    3.751968374    3.751968374
    5.900900901    3.743309265    3.743309265    3.743309265
    5.915915916    3.734686919    3.734686919    3.734686919
    5.930930931    3.726101155    3.726101155    3.726101155
    5.945945946    3.717551788    3.717551788    3.717551788
    5.960960961    3.709038638    3.709038638    3.709038638
    5.975975976    3.700561525    3.700561525    3.700561525
    5.990990991    3.692120269    3.692120269    3.692120269
    6.006006006    3.683714691    3.683714691    3.683714691
    6.021021021    3.675344614    3.675344614    3.675344614
    6.036036036    3.667009860    3.667009860    3.667009860
    6.051051051    3.658710255    3.658710255    3.658710255
    6.066066066    3.650445624    3.650445624    3.650445624
    6.081081081    3.642215791    3.642215791    3.642215791
    6.096096096    3.634020584    3.634020584    3.634020584
    6.111111111    3.625859831    3.625859831    3.625859831
    6.126126126    3.617733361    3.617733361    3.617733361
    6.141141141    3.609641002    3.609641002    3.609641002
    6.156156156    3.601582586    3.601582586    3.601582586
    6.171171171    3.593557944    3.593557944    3.593557944
    6.186186186    3.585566908    3.585566908    3.585566908
    6.201201201    3.577609311    3.577609311    3.577609311
    6.216216216    3.569684986    3.569684986    3.569684986
    6.231231231    3.561793769    3.561793769    3.561793769
    6.246246246    3.553935496    3.553935496    3.553935496
    6.261261261    3.546110003    3.546110003    3.546110003
    6.276276276    3.538317127    3.538317127    3.538317127
    6.291291291    3.530556706    3.530556706    3.530556706
    6.306306306    3.522828580    3.522828580    3.522828580
    6.321321321    3.515132589    3.515132589    3.515132589
    6.336336336    3.507468572    3.507468572    3.507468572
    6.351351351    3.499836373    3.499836373    3.499836373
    6.366366366    3.492235833    3.492235833    3.492235833
    6.381381381    3.484666796    3.484666796    3.484666796
    6.396396396    3.477129105    3.477129105    3.477129105
    6.411411411    3.469622606    3.469622606    3.469622606
    6.426426426    3.462147144    3.462147144    3.462147144
    6.441441441    3.454702566    3.454702566    3.454702566
    6.456456456    3.447288719    3.447288719    3.447288719
    6.471471471    3.439905452    3.439905452    3.439905452
    6.486486486    3.432552612    3.432552612    3.432552612
    6.501501502    3.425230051    3.425230051    3.425230051
    6.516516517    3.417937619    3.417937619    3.417937619
    6.531531532    3.410675167    3.410675167    3.410675167
    6.546546547    3.403442546    3.403442546    3.403442546
    6.561561562    3.396239611    3.396239611    3.396239611
    6.576576577    3.389066214    3.389066214    3.389066214
    6.591591592    3.381922211    3.381922211    3.381922211
    6.606606607    3.374807456    3.374807456    3.374807456
    6.621621622    3.367721806    3.367721806    3.367721806
    6.636636637    3.360665117    3.360665117    3.360665117
    6.651651652    3.353637247    3.353637247    3.353637247
    6.666666667    3.346638054    3.346638054    3.346638054
    6.681681682    3.339667397    3.339667397    3.339667397
    6.696696697    3.332725137    3.332725137    3.332725137
    6.711711712    3.325811133    3.325811133    3.325811133
    6.726726727    3.318925246    3.318925246    3.318925246
    6.741741742    3.312067340    3.312067340    3.312067340
    6.756756757    3.305237277    3.305237277    3.305237277
    6.771771772    3.298434919    3.298434919    3.298434919
    6.786786787    3.291660133    3.291660133    3.291660133
    6.801801802    3.284912781    3.284912781    3.284912781
    6.816816817    3.278192731    3.278192731    3.278192731
    6.831831832    3.271499849    3.271499849    3.271499849
    6.846846847    3.264834001    3.264834001    3.264834001
    6.861861862    3.258195055    3.258195055    3.258195055
    6.876876877    3.251582881    3.251582881    3.251582881
    6.891891892    3.244997347    3.244997347    3.244997347
    6.906906907    3.238438324    3.238438324    3.238438324
    6.921921922    3.231905681    3.231905681    3.231905681
    6.936936937    3.225399290    3.225399290    3.225399290
    6.951951952    3.218919024    3.218919024    3.218919024
    6.966966967    3.212464755    3.212464755    3.212464755
    6.981981982    3.206036356    3.206036356    3.206036356
    6.996996997    3.199633702    3.199633702    3.199633702
    7.012012012    3.193256667    3.193256667    3.193256667
    7.027027027    3.186905126    3.186905126    3.186905126
    7.042042042    3.180578956    3.180578956    3.180578956
    7.057057057    3.174278034    3.174278034    3.174278034
    7.072072072    3.168002236    3.168002236    3.168002236
    7.087087087    3.161751442    3.161751442    3.161751442
    7.102102102    3.155525529    3.155525529    3.155525529
    7.117117117    3.149324378    3.149324378    3.149324378
    7.132132132    3.143147867    3.143147867    3.143147867
    7.147147147    3.136995879    3.136995879    3.136995879
    7.162162162    3.130868293    3.130868293    3.130868293
    7.177177177    3.124764993    3.124764993    3.124764993
    7.192192192    3.118685860    3.118685860    3.118685860
    7.207207207    3.112630778    3.112630778    3.112630778
    7.222222222    3.106599630    3.106599630    3.106599630
    7.237237237    3.100592302    3.100592302    3.100592302
    7.252252252    3.094608679    3.094608679    3.094608679
    7.267267267    3.088648645    3.088648645    3.088648645
    7.282282282    3.082712088    3.082712088    3.082712088
    7.297297297    3.076798893    3.076798893    3.076798893
    7.312312312    3.070908950    3.070908950    3.070908950
    7.327327327    3.065042146    3.065042146    3.065042146
    7.342342342    3.059198369    3.059198369    3.059198369
    7.357357357    3.053377509    3.053377509    3.053377509
    7.372372372    3.047579457    3.047579457    3.047579457
    7.387387387    3.041804101    3.041804101    3.041804101
    7.402402402    3.036051335    3.036051335    3.036051335
    7.417417417    3.030321049    3.030321049    3.030321049
    7.432432432    3.024613135    3.024613135    3.024613135
    7.447447447    3.018927487    3.018927487    3.018927487
    7.462462462    3.013263998    3.013263998    3.013263998
    7.477477477    3.007622562    3.007622562    3.007622562
    7.492492492    3.002003074    3.002003074    3.002003074
    7.507507508    2.996405428    2.996405428    2.996405428
    7.522522523    2.990829521    2.990829521    2.990829521
    7.537537538    2.985275248    2.985275248    2.985275248
    7.552552553    2.979742507    2.979742507    2.979742507
    7.567567568    2.974231195    2.974231195    2.974231195
    7.582582583    2.968741210    2.968741210    2.968741210
    7.597597598    2.963272450    2.963272450    2.963272450
    7.612612613    2.957824815    2.957824815    2.957824815
    7.627627628    2.952398204    2.952398204    2.952398204
    7.642642643    2.946992516    2.946992516    2.946992516
    7.657657658    2.941607654    2.941607654    2.941607654
    7.672672673    2.936243517    2.936243517    2.936243517
    7.687687688    2.930900008    2.930900008    2.930900008
    7.702702703    2.925577029    2.925577029    2.925577029
    7.717717718    2.920274483    2.920274483    2.920274483
    7.732732733    2.914992273    2.914992273    2.914992273
    7.747747748    2.909730302    2.909730302    2.909730302
    7.762762763    2.904488476    2.904488476    2.904488476
    7.777777778    2.899266698    2.899266698    2.899266698
    7.792792793    2.894064875    2.894064875    2.894064875
    7.807807808    2.888882912    2.888882912    2.888882912
    7.822822823    2.883720715    2.883720715    2.883720715
    7.837837838    2.878578192    2.878578192    2.878578192
    7.852852853    2.873455249    2.873455249    2.873455249
    7.867867868    2.868351795    2.868351795    2.868351795
    7.882882883    2.863267738    2.863267738    2.863267738
    7.897897898    2.858202987    2.858202987    2.858202987
    7.912912913    2.853157451    2.853157451    2.853157451
    7.927927928    2.848131039    2.848131039    2.848131039
    7.942942943    2.843123663    2.843123663    2.843123663
    7.957957958    2.838135233    2.838135233    2.838135233
    7.972972973    2.833165660    2.833165660    2.833165660
    7.987987988    2.828214856    2.828214856    2.828214856
    8.003003003    2.823282733    2.823282733    2.823282733
    8.018018018    2.818369204    2.818369204    2.818369204
    8.033033033    2.813474182    2.813474182    2.813474182
    8.048048048    2.808597581    2.808597581    2.808597581
    8.063063063    2.803739314    2.803739314    2.803739314
    8.078078078    2.798899296    2.798899296    2.798899296
    8.093093093    2.794077442    2.794077442    2.794077442
    8.108108108    2.789273668    2.789273668    2.789273668
    8.123123123    2.784487889    2.784487889    2.784487889
    8.138138138    2.779720022    2.779720022    2.779720022
    8.153153153    2.774969984    2.774969984    2.774969984
    8.168168168    2.770237691    2.770237691    2.770237691
    8.183183183    2.765523062    2.765523062    2.765523062
    8.198198198    2.760826014    2.760826014    2.760826014
    8.213213213    2.756146466    2.756146466    2.756146466
    8.228228228    2.751484337    2.751484337    2.751484337
    8.243243243    2.746839547    2.746839547    2.746839547
    8.258258258    2.742212014    2.742212014    2.742212014
    8.273273273    2.737601660    2.737601660    2.737601660
    8.288288288    2.733008405    2.733008405    2.733008405
    8.303303303    2.728432171    2.728432171    2.728432171
    8.318318318    2.723872878    2.723872878    2.723872878
    8.333333333    2.719330449    2.719330449    2.719330449
    8.348348348    2.714804806    2.714804806    2.714804806
    8.363363363    2.710295871    2.710295871    2.710295871
    8.378378378    2.705803569    2.705803569    2.705803569
    8.393393393    2.701327821    2.701327821    2.701327821
    8.408408408    2.696868554    2.696868554    2.696868554
    8.423423423    2.692425690    2.692425690    2.692425690
    8.438438438    2.687999155    2.687999155    2.687999155
    8.453453453    2.683588874    2.683588874    2.683588874
    8.468468468    2.679194772    2.679194772    2.679194772
    8.483483483    2.674816775    2.674816775    2.674816775
    8.498498498    2.670454811    2.670454811    2.670454811
    8.513513514    2.666108804    2.666108804    2.666108804
    8.528528529    2.661778684    2.661778684    2.661778684
    8.543543544    2.657464376    2.657464376    2.657464376
    8.558558559    2.653165809    2.653165809    2.653165809
    8.573573574    2.648882912    2.648882912    2.648882912
    8.588588589    2.644615613    2.644615613    2.644615613
    8.603603604    2.640363841    2.640363841    2.640363841
    8.618618619    2.636127525    2.636127525    2.636127525
    8.633633634    2.631906595    2.631906595    2.631906595
    8.648648649    2.627700982    2.627700982    2.627700982
    8.663663664    2.623510616    2.623510616    2.623510616
    8.678678679    2.619335427    2.619335427    2.619335427
    8.693693694    2.615175347    2.615175347    2.615175347
    8.708708709    2.611030308    2.611030308    2.611030308
    8.723723724    2.606900242    2.606900242    2.606900242
    8.738738739    2.602785080    2.602785080    2.602785080
    8.753753754    2.598684756    2.598684756    2.598684756
    8.768768769    2.594599203    2.594599203    2.594599203
    8.783783784    2.590528354    2.590528354    2.590528354
    8.798798799    2.586472143    2.586472143    2.586472143
    8.813813814    2.582430503    2.582430503    2.582430503
    8.828828829    2.578403370    2.578403370    2.578403370
    8.843843844    2.574390677    2.574390677    2.574390677
    8.858858859    2.570392361    2.570392361    2.570392361
    8.873873874    2.566408357    2.566408357    2.566408357
    8.888888889    2.562438599    2.562438599    2.562438599
    8.903903904    2.558483026    2.558483026    2.558483026
    8.918918919    2.554541572    2.554541572    2.554541572
    8.933933934    2.550614175    2.550614175    2.550614175
    8.948948949    2.546700772    2.546700772    2.546700772
    8.963963964    2.542801300    2.542801300    2.542801300
    8.978978979    2.538915698    2.538915698    2.538915698
    8.993993994    2.535043902    2.535043902    2.535043902
    9.009009009    2.531185852    2.531185852    2.531185852
    9.024024024    2.527341487    2.527341487    2.527341487
    9.039039039    2.523510745    2.523510745    2.523510745
    9.054054054    2.519693566    2.519693566    2.519693566
    9.069069069    2.515889889    2.515889889    2.515889889
    9.084084084    2.512099654    2.512099654    2.512099654
    9.099099099    2.508322803    2.508322803    2.508322803
    9.114114114    2.504559275    2.504559275    2.504559275
    9.129129129    2.500809011    2.500809011    2.500809011
    9.144144144    2.497071953    2.497071953    2.497071953
    9.159159159    2.493348042    2.493348042    2.493348042
    9.174174174    2.489637220    2.489637220    2.489637220
    9.189189189    2.485939429    2.485939429    2.485939429
    9.204204204    2.482254611    2.482254611    2.482254611
    9.219219219    2.478582710    2.478582710    2.478582710
    9.234234234    2.474923668    2.474923668    2.474923668
    9.249249249    2.471277429    2.471277429    2.471277429
    9.264264264    2.467643936    2.467643936    2.467643936
    9.279279279    2.464023134    2.464023134    2.464023134
    9.294294294    2.460414966    2.460414966    2.460414966
    9.309309309    2.456819376    2.456819376    2.456819376
    9.324324324    2.453236311    2.453236311    2.453236311
    9.339339339    2.449665714    2.449665714    2.449665714
    9.354354354    2.446107531    2.446107531    2.446107531
    9.369369369    2.442561708    2.442561708    2.442561708
    9.384384384    2.439028191    2.439028191    2.439028191
    9.399399399    2.435506925    2.435506925    2.435506925
    9.414414414    2.431997858    2.431997858    2.431997858
    9.429429429    2.428500936    2.428500936    2.428500936
    9.444444444    2.425016105    2.425016105    2.425016105
    9.459459459    2.421543314    2.421543314    2.421543314
    9.474474474    2.418082510    2.418082510    2.418082510
    9.489489489    2.414633641    2.414633641    2.414633641
    9.504504505    2.411196654    2.411196654    2.411196654
    9.519519520    2.407771498    2.407771498    2.407771498
    9.534534535    2.404358122    2.404358122    2.404358122
    9.549549550    2.400956475    2.400956475    2.400956475
    9.564564565    2.397566505    2.397566505    2.397566505
    9.579579580    2.394188163    2.394188163    2.394188163
    9.594594595    2.390821397    2.390821397    2.390821397
    9.609609610    2.387466158    2.387466158    2.387466158
    9.624624625    2.384122395    2.384122395    2.384122395
    9.639639640    2.380790060    2.380790060    2.380790060
    9.654654655    2.377469103    2.377469103    2.377469103
    9.669669670    2.374159475    2.374159475    2.374159475
    9.684684685    2.370861127    2.370861127    2.370861127
    9.699699700    2.367574010    2.367574010    2.367574010
    9.714714715    2.364298077    2.364298077    2.364298077
    9.729729730    2.361033278    2.361033278    2.361033278
    9.744744745    2.357779567    2.357779567    2.357779567
    9.759759760    2.354536895    2.354536895    2.354536895
    9.774774775    2.351305215    2.351305215    2.351305215
    9.789789790    2.348084481    2.348084481    2.348084481
    9.804804805    2.344874645    2.344874645    2.344874645
    9.819819820    2.341675660    2.341675660    2.341675660
    9.834834835    2.338487480    2.338487480    2.338487480
    9.849849850    2.335310060    2.335310060    2.335310060
    9.864864865    2.332143352    2.332143352    2.332143352
    9.879879880    2.328987312    2.328987312    2.328987312
    9.894894895    2.325841894    2.325841894    2.325841894
    9.909909910    2.322707052    2.322707052    2.322707052
    9.924924925    2.319582742    2.319582742    2.319582742
    9.939939940    2.316468919    2.316468919    2.316468919
    9.954954955    2.313365538    2.313365538    2.313365538
    9.969969970    2.310272554    2.310272554    2.310272554
    9.984984985    2.307189925    2.307189925    2.307189925
   10.000000000    2.304117605    2.304117605    2.304117605
   10.015015015    2.301055551    2.301055551    2.301055551
   10.030030030    2.298003720    2.298003720    2.298003720
   10.045045045    2.294962069    2.294962069    2.294962069
   10.060060060    2.291930554    2.291930554    2.291930554
   10.075075075    2.288909132    2.288909132    2.288909132
   10.090090090    2.285897762    2.285897762    2.285897762
   10.105105105    2.282896400    2.282896400    2.282896400
   10.120120120    2.279905004    2.279905004    2.279905004
   10.135135135    2.276923533    2.276923533    2.276923533
   10.150150150    2.273951944    2.273951944    2.273951944
   10.165165165    2.270990197    2.270990197    2.270990197
   10.180180180    2.268038250    2.268038250    2.268038250
   10.195195195    2.265096061    2.265096061    2.265096061
   10.210210210    2.262163590    2.262163590    2.262163590
   10.225225225    2.259240796    2.259240796    2.259240796
   10.240240240    2.256327638    2.256327638    2.256327638
   10.255255255    2.253424076    2.253424076    2.253424076
   10.270270270    2.250530071    2.250530071    2.250530071
   10.285285285    2.247645582    2.247645582    2.247645582
   10.300300300    2.244770569    2.244770569    2.244770569
   10.315315315    2.241904992    2.241904992    2.241904992
   10.330330330    2.239048814    2.239048814    2.239048814
   10.345345345    2.236201994    2.236201994    2.236201994
   10.360360360    2.233364493    2.233364493    2.233364493
   10.375375375    2.230536272    2.230536272    2.230536272
   10.390390390    2.227717294    2.227717294    2.227717294
   10.405405405    2.224907520    2.224907520    2.224907520
   10.420420420    2.222106911    2.222106911    2.222106911
   10.435435435    2.219315430    2.219315430    2.219315430
   10.450450450    2.216533038    2.216533038    2.216533038
   10.465465465    2.213759699    2.213759699    2.213759699
   10.480480480    2.210995374    2.210995374    2.210995374
   10.495495495    2.208240026    2.208240026    2.208240026
   10.510510511    2.205493619    2.205493619    2.205493619
   10.525525526    2.202756116    2.202756116    2.202756116
   10.540540541    2.200027479    2.200027479    2.200027479
   10.555555556    2.197307673    2.197307673    2.197307673
   10.570570571    2.194596660    2.194596660    2.194596660
   10.585585586    2.191894405    2.191894405    2.191894405
   10.600600601    2.189200872    2.189200872    2.189200872
   10.615615616    2.186516024    2.186516024    2.186516024
   10.630630631    2.183839827    2.183839827    2.183839827
   10.645645646    2.181172245    2.181172245    2.181172245
   10.660660661    2.178513242    2.178513242    2.178513242
   10.675675676    2.175862783    2.175862783    2.175862783
   10.690690691    2.173220834    2.173220834    2.173220834
   10.705705706    2.170587360    2.170587360    2.170587360
   10.720720721    2.167962326    2.167962326    2.167962326
   10.735735736    2.165345697    2.165345697    2.165345697
   10.750750751    2.162737439    2.162737439    2.162737439
   10.765765766    2.160137519    2.160137519    2.160137519
   10.780780781    2.157545902    2.157545902    2.157545902
   10.795795796    2.154962554    2.154962554    2.154962554
   10.810810811    2.152387443    2.152387443    2.152387443
   10.825825826    2.149820533    2.149820533    2.149820533
   10.840840841    2.147261793    2.147261793    2.147261793
   10.855855856    2.144711189    2.144711189    2.144711189
   10.870870871    2.142168687    2.142168687    2.142168687
   10.885885886    2.139634256    2.139634256    2.139634256
   10.900900901    2.137107863    2.137107863    2.137107863
   10.915915916    2.134589474    2.134589474    2.134589474
   10.930930931    2.132079059    2.132079059    2.132079059
   10.945945946    2.129576584    2.129576584    2.129576584
   10.960960961    2.127082017    2.127082017    2.127082017
   10.975975976    2.124595327    2.124595327    2.124595327
   10.990990991    2.122116482    2.122116482    2.122116482
   11.006006006    2.119645450    2.119645450    2.119645450
   11.021021021    2.117182200    2.117182200    2.117182200
   11.036036036    2.114726701    2.114726701    2.114726701
   11.051051051    2.112278921    2.112278921    2.112278921
   11.066066066    2.109838830    2.109838830    2.109838830
   11.081081081    2.107406397    2.107406397    2.107406397
   11.096096096    2.104981591    2.104981591    2.104981591
   11.111111111    2.102564381    2.102564381    2.102564381
   11.126126126    2.100154738    2.100154738    2.100154738
   11.141141141    2.097752631    2.097752631    2.097752631
   11.156156156    2.095358029    2.095358029    2.095358029
   11.171171171    2.092970904    2.092970904    2.092970904
   11.186186186    2.090591224    2.090591224    2.090591224
   11.201201201    2.088218962    2.088218962    2.088218962
   11.216216216    2.085854086    2.085854086    2.085854086
   11.231231231    2.083496567    2.083496567    2.083496567
   11.246246246    2.081146377    2.081146377    2.081146377
   11.261261261    2.078803487    2.078803487    2.078803487
   11.276276276    2.076467866    2.076467866    2.076467866
   11.291291291    2.074139487    2.074139487    2.074139487
   11.306306306    2.071818321    2.071818321    2.071818321
   11.321321321    2.069504339    2.069504339    2.069504339
   11.336336336    2.067197513    2.067197513    2.067197513
   11.351351351    2.064897815    2.064897815    2.064897815
   11.366366366    2.062605216    2.062605216    2.062605216
   11.381381381    2.060319688    2.060319688    2.060319688
   11.396396396    2.058041204    2.058041204    2.058041204
   11.411411411    2.055769736    2.055769736    2.055769736
   11.426426426    2.053505255    2.053505255    2.053505255
   11.441441441    2.051247736    2.051247736    2.051247736
   11.456456456    2.048997150    2.048997150    2.048997150
   11.471471471    2.046753469    2.046753469    2.046753469
   11.486486486    2.044516668    2.044516668    2.044516668
   11.501501502    2.042286719    2.042286719    2.042286719
   11.516516517    2.040063595    2.040063595    2.040063595
   11.531531532    2.037847269    2.037847269    2.037847269
   11.546546547    2.035637715    2.035637715    2.035637715
   11.561561562    2.033434907    2.033434907    2.033434907
   11.576576577    2.031238817    2.031238817    2.031238817
   11.591591592    2.029049421    2.029049421    2.029049421
   11.606606607    2.026866691    2.026866691    2.026866691
   11.621621622    2.024690602    2.024690602    2.024690602
   11.636636637    2.022521127    2.022521127    2.022521127
   11.651651652    2.020358242    2.020358242    2.020358242
   11.666666667    2.018201920    2.018201920    2.018201920
   11.681681682    2.016052136    2.016052136    2.016052136
   11.696696697    2.013908865    2.013908865    2.013908865
   11.711711712    2.011772081    2.011772081    2.011772081
   11.726726727    2.009641760    2.009641760    2.009641760
   11.741741742    2.007517875    2.007517875    2.007517875
   11.756756757    2.005400403    2.005400403    2.005400403
   11.771771772    2.003289319    2.003289319    2.003289319
   11.786786787    2.001184597    2.001184597    2.001184597
   11.801801802    1.999086214    1.999086214    1.999086214
   11.816816817    1.996994144    1.996994144    1.996994144
   11.831831832    1.994908364    1.994908364    1.994908364
   11.846846847    1.992828849    1.992828849    1.992828849
   11.861861862    1.990755575    1.990755575    1.990755575
   11.876876877    1.988688518    1.988688518    1.988688518
   11.891891892    1.986627655    1.986627655    1.986627655
   11.906906907    1.984572961    1.984572961    1.984572961
   11.921921922    1.982524412    1.982524412    1.982524412
   11.936936937    1.980481986    1.980481986    1.980481986
   11.951951952    1.978445659    1.978445659    1.978445659
   11.966966967    1.976415407    1.976415407    1.976415407
   11.981981982    1.974391208    1.974391208    1.974391208
   11.996996997    1.972373037    1.972373037    1.972373037
   12.012012012    1.970360873    1.970360873    1.970360873
   12.027027027    1.968354691    1.968354691    1.968354691
   12.042042042    1.966354470    1.966354470    1.966354470
   12.057057057    1.964360187    1.964360187    1.964360187
   12.072072072    1.962371819    1.962371819    1.962371819
   12.087087087    1.960389343    1.960389343    1.960389343
   12.102102102    1.958412737    1.958412737    1.958412737
   12.117117117    1.956441979    1.956441979    1.956441979
   12.132132132    1.954477046    1.954477046    1.954477046
   12.147147147    1.952517918    1.952517918    1.952517918
   12.162162162    1.950564570    1.950564570    1.950564570
   12.177177177    1.948616982    1.948616982    1.948616982
   12.192192192    1.946675133    1.946675133    1.946675133
   12.207207207    1.944738999    1.944738999    1.944738999
   12.222222222    1.942808560    1.942808560    1.942808560
   12.237237237    1.940883794    1.940883794    1.940883794
   12.252252252    1.938964679    1.938964679    1.938964679
   12.267267267    1.937051195    1.937051195    1.937051195
   12.282282282    1.935143320    1.935143320    1.935143320
   12.297297297    1.933241034    1.933241034    1.933241034
   12.312312312    1.931344314    1.931344314    1.931344314
   12.327327327    1.929453140    1.929453140    1.929453140
   12.342342342    1.927567492    1.927567492    1.927567492
   12.357357357    1.925687348    1.925687348    1.925687348
   12.372372372    1.923812688    1.923812688    1.923812688
   12.387387387    1.921943492    1.921943492    1.921943492
   12.402402402    1.920079738    1.920079738    1.920079738
   12.417417417    1.918221407    1.918221407    1.918221407
   12.432432432    1.916368479    1.916368479    1.916368479
   12.447447447    1.914520932    1.914520932    1.914520932
   12.462462462    1.912678748    1.912678748    1.912678748
   12.477477477    1.910841906    1.910841906    1.910841906
   12.492492492    1.909010386    1.909010386    1.909010386
   12.507507508    1.907184168    1.907184168    1.907184168
   12.522522523    1.905363233    1.905363233    1.905363233
   12.537537538    1.903547561    1.903547561    1.903547561
   12.552552553    1.901737132    1.901737132    1.901737132
   12.567567568    1.899931928    1.899931928    1.899931928
   12.582582583    1.898131928    1.898131928    1.898131928
   12.597597598    1.896337113    1.896337113    1.896337113
   12.612612613    1.894547465    1.894547465    1.894547465
   12.627627628    1.892762963    1.892762963    1.892762963
   12.642642643    1.890983590    1.890983590    1.890983590
   12.657657658    1.889209325    1.889209325    1.889209325
   12.672672673    1.887440151    1.887440151    1.887440151
   12.687687688    1.885676048    1.885676048    1.885676048
   12.702702703    1.883916998    1.883916998    1.883916998
   12.717717718    1.882162982    1.882162982    1.882162982
   12.732732733    1.880413982    1.880413982    1.880413982
   12.747747748    1.878669979    1.878669979    1.878669979
   12.762762763    1.876930954    1.876930954    1.876930954
   12.777777778    1.875196890    1.875196890    1.875196890
   12.792792793    1.873467768    1.873467768    1.873467768
   12.807807808    1.871743571    1.871743571    1.871743571
   12.822822823    1.870024279    1.870024279    1.870024279
   12.837837838    1.868309876    1.868309876    1.868309876
   12.852852853    1.866600343    1.866600343    1.866600343
   12.867867868    1.864895663    1.864895663    1.864895663
   12.882882883    1.863195817    1.863195817    1.863195817
   12.897897898    1.861500789    1.861500789    1.861500789
   12.912912913    1.859810560    1.859810560    1.859810560
   12.927927928    1.858125113    1.858125113    1.858125113
   12.942942943    1.856444430    1.856444430    1.856444430
   12.957957958    1.854768496    1.854768496    1.854768496
   12.972972973    1.853097291    1.853097291    1.853097291
   12.987987988    1.851430799    1.851430799    1.851430799
   13.003003003    1.849769002    1.849769002    1.849769002
   13.018018018    1.848111885    1.848111885    1.848111885
   13.033033033    1.846459429    1.846459429    1.846459429
   13.048048048    1.844811618    1.844811618    1.844811618
   13.063063063    1.843168436    1.843168436    1.843168436
   13.078078078    1.841529864    1.841529864    1.841529864
   13.093093093    1.839895888    1.839895888    1.839895888
   13.108108108    1.838266489    1.838266489    1.838266489
   13.123123123    1.836641652    1.836641652    1.836641652
   13.138138138    1.835021360    1.835021360    1.835021360
   13.153153153    1.833405597    1.833405597    1.833405597
   13.168168168    1.831794346    1.831794346    1.831794346
   13.183183183    1.830187592    1.830187592    1.830187592
   13.198198198    1.828585317    1.828585317    1.828585317
   13.213213213    1.826987507    1.826987507    1.826987507
   13.228228228    1.825394144    1.825394144    1.825394144
   13.243243243    1.823805214    1.823805214    1.823805214
   13.258258258    1.822220699    1.822220699    1.822220699
   13.273273273    1.820640585    1.820640585    1.820640585
   13.288288288    1.819064855    1.819064855    1.819064855
   13.303303303    1.817493494    1.817493494    1.817493494
   13.318318318    1.815926487    1.815926487    1.815926487
   13.333333333    1.814363817    1.814363817    1.814363817
   13.348348348    1.812805469    1.812805469    1.812805469
   13.363363363    1.811251429    1.811251429    1.811251429
   13.378378378    1.809701679    1.809701679    1.809701679
   13.393393393    1.808156206    1.808156206    1.808156206
   13.408408408    1.806614994    1.806614994    1.806614994
   13.423423423    1.805078028    1.805078028    1.805078028
   13.438438438    1.803545293    1.803545293    1.803545293
   13.453453453    1.802016773    1.802016773    1.802016773
   13.468468468    1.800492454    1.800492454    1.800492454
   13.483483483    1.798972321    1.798972321    1.798972321
   13.498498498    1.797456359    1.797456359    1.797456359
   13.513513514    1.795944554    1.795944554    1.795944554
   13.528528529    1.794436890    1.794436890    1.794436890
   13.543543544    1.792933353    1.792933353    1.792933353
   13.558558559    1.791433928    1.791433928    1.791433928
   13.573573574    1.789938602    1.789938602    1.789938602
   13.588588589    1.788447359    1.788447359    1.788447359
   13.603603604    1.786960185    1.786960185    1.786960185
   13.618618619    1.785477066    1.785477066    1.785477066
   13.633633634    1.783997987    1.783997987    1.783997987
   13.648648649    1.782522935    1.782522935    1.782522935
   13.663663664    1.781051895    1.781051895    1.781051895
   13.678678679    1.779584853    1.779584853    1.779584853
   13.693693694    1.778121795    1.778121795    1.778121795
   13.708708709    1.776662707    1.776662707    1.776662707
   13.723723724    1.775207576    1.775207576    1.775207576
   13.738738739    1.773756386    1.773756386    1.773756386
   13.753753754    1.772309126    1.772309126    1.772309126
   13.768768769    1.770865780    1.770865780    1.770865780
   13.783783784    1.769426335    1.769426335    1.769426335
   13.798798799    1.767990778    1.767990778    1.767990778
   13.813813814    1.766559095    1.766559095    1.766559095
   13.828828829    1.765131273    1.765131273    1.765131273
   13.843843844    1.763707298    1.763707298    1.763707298
   13.858858859    1.762287156    1.762287156    1.762287156
   13.873873874    1.760870835    1.760870835    1.760870835
   13.888888889    1.759458321    1.759458321    1.759458321
   13.903903904    1.758049601    1.758049601    1.758049601
   13.918918919    1.756644661    1.756644661    1.756644661
   13.933933934    1.755243490    1.755243490    1.755243490
   13.948948949    1.753846073    1.753846073    1.753846073
   13.963963964    1.752452397    1.752452397    1.752452397
   13.978978979    1.751062450    1.751062450    1.751062450
   13.993993994    1.749676219    1.749676219    1.749676219
   14.009009009    1.748293691    1.748293691    1.748293691
   14.024024024    1.746914853    1.746914853    1.746914853
   14.039039039    1.745539693    1.745539693    1.745539693
   14.054054054    1.744168197    1.744168197    1.744168197
   14.069069069    1.742800354    1.742800354    1.742800354
   14.084084084    1.741436150    1.741436150    1.741436150
   14.099099099    1.740075574    1.740075574    1.740075574
   14.114114114    1.738718612    1.738718612    1.738718612
   14.129129129    1.737365252    1.737365252    1.737365252
   14.144144144    1.736015482    1.736015482    1.736015482
   14.159159159    1.734669290    1.734669290    1.734669290
   14.174174174    1.733326663    1.733326663    1.733326663
   14.189189189    1.731987589    1.731987589    1.731987589
   14.204204204    1.730652056    1.730652056    1.730652056
   14.219219219    1.729320052    1.729320052    1.729320052
   14.234234234    1.727991565    1.727991565    1.727991565
   14.249249249    1.726666583    1.726666583    1.726666583
   14.264264264    1.725345093    1.725345093    1.725345093
   14.279279279    1.724027085    1.724027085    1.724027085
   14.294294294    1.722712546    1.722712546    1.722712546
   14.309309309    1.721401464    1.721401464    1.721401464
   14.324324324    1.720093827    1.720093827    1.720093827
   14.339339339    1.718789625    1.718789625    1.718789625
   14.354354354    1.717488844    1.717488844    1.717488844
   14.369369369    1.716191475    1.716191475    1.716191475
   14.384384384    1.714897504    1.714897504    1.714897504
   14.399399399    1.713606921    1.713606921    1.713606921
   14.414414414    1.712319714    1.712319714    1.712319714
   14.429429429    1.711035871    1.711035871    1.711035871
   14.444444444    1.709755382    1.709755382    1.709755382
   14.459459459    1.708478235    1.708478235    1.708478235
   14.474474474    1.707204418    1.707204418    1.707204418
   14.489489489    1.705933921    1.705933921    1.705933921
   14.504504505    1.704666732    1.704666732    1.704666732
   14.519519520    1.703402840    1.703402840    1.703402840
   14.534534535    1.702142234    1.702142234    1.702142234
   14.549549550    1.700884903    1.700884903    1.700884903
   14.564564565    1.699630836    1.699630836    1.699630836
   14.579579580    1.698380022    1.698380022    1.698380022
   14.594594595    1.697132451    1.697132451    1.697132451
   14.609609610    1.695888110    1.695888110    1.695888110
   14.624624625    1.694646989    1.694646989    1.694646989
   14.639639640    1.693409079    1.693409079    1.693409079
   14.654654655    1.692174367    1.692174367    1.692174367
   14.669669670    1.690942843    1.690942843    1.690942843
   14.684684685    1.689714497    1.689714497    1.689714497
   14.699699700    1.688489318    1.688489318    1.688489318
   14.714714715    1.687267295    1.687267295    1.687267295
   14.729729730    1.686048417    1.686048417    1.686048417
   14.744744745    1.684832676    1.684832676    1.684832676
   14.759759760    1.683620059    1.683620059    1.683620059
   14.774774775    1.682410556    1.682410556    1.682410556
   14.789789790    1.681204158    1.681204158    1.681204158
   14.804804805    1.680000853    1.680000853    1.680000853
   14.819819820    1.678800632    1.678800632    1.678800632
   14.834834835    1.677603485    1.677603485    1.677603485
   14.849849850    1.676409400    1.676409400    1.676409400
   14.864864865    1.675218369    1.675218369    1.675218369
   14.879879880    1.674030380    1.674030380    1.674030380
   14.894894895    1.672845424    1.672845424    1.672845424
   14.909909910    1.671663491    1.671663491    1.671663491
   14.924924925    1.670484571    1.670484571    1.670484571
   14.939939940    1.669308654    1.669308654    1.669308654
   14.954954955    1.668135730    1.668135730    1.668135730
   14.969969970    1.666965789    1.666965789    1.666965789
   14.984984985    1.665798821    1.665798821    1.665798821
   15.000000000    1.664634816    1.664634816    1.664634816
