# energy grid [eV]     JDOS [1/eV]
#
    0.000000000    0.000000000
    0.015015015    0.000000000
    0.030030030    0.000000000
    0.045045045    0.000000001
    0.060060060    0.000000001
    0.075075075    0.000000003
    0.090090090    0.000000007
    0.105105105    0.000000015
    0.120120120    0.000000030
    0.135135135    0.000000058
    0.150150150    0.000000109
    0.165165165    0.000000195
    0.180180180    0.000000333
    0.195195195    0.000000544
    0.210210210    0.000000849
    0.225225225    0.000001268
    0.240240240    0.000001810
    0.255255255    0.000002472
    0.270270270    0.000003231
    0.285285285    0.000004043
    0.300300300    0.000004851
    0.315315315    0.000005589
    0.330330330    0.000006201
    0.345345345    0.000006659
    0.360360360    0.000006970
    0.375375375    0.000007189
    0.390390390    0.000007410
    0.405405405    0.000007759
    0.420420420    0.000008364
    0.435435435    0.000009331
    0.450450450    0.000010723
    0.465465465    0.000012534
    0.480480480    0.000014690
    0.495495495    0.000017052
    0.510510511    0.000019441
    0.525525526    0.000021671
    0.540540541    0.000023581
    0.555555556    0.000025072
    0.570570571    0.000026115
    0.585585586    0.000026752
    0.600600601    0.000027072
    0.615615616    0.000027186
    0.630630631    0.000027199
    0.645645646    0.000027195
    0.660660661    0.000027241
    0.675675676    0.000027403
    0.690690691    0.000027772
    0.705705706    0.000028477
    0.720720721    0.000029686
    0.735735736    0.000031582
    0.750750751    0.000034330
    0.765765766    0.000038023
    0.780780781    0.000042645
    0.795795796    0.000048049
    0.810810811    0.000053955
    0.825825826    0.000059977
    0.840840841    0.000065677
    0.855855856    0.000070616
    0.870870871    0.000074424
    0.885885886    0.000076838
    0.900900901    0.000077745
    0.915915916    0.000077195
    0.930930931    0.000075400
    0.945945946    0.000072727
    0.960960961    0.000069669
    0.975975976    0.000066807
    0.990990991    0.000064758
    1.006006006    0.000064111
    1.021021021    0.000065356
    1.036036036    0.000068813
    1.051051051    0.000074566
    1.066066066    0.000082427
    1.081081081    0.000091932
    1.096096096    0.000102377
    1.111111111    0.000112901
    1.126126126    0.000122605
    1.141141141    0.000130690
    1.156156156    0.000136586
    1.171171171    0.000140043
    1.186186186    0.000141170
    1.201201201    0.000140390
    1.216216216    0.000138340
    1.231231231    0.000135734
    1.246246246    0.000133221
    1.261261261    0.000131294
    1.276276276    0.000130263
    1.291291291    0.000130306
    1.306306306    0.000131562
    1.321321321    0.000134234
    1.336336336    0.000138635
    1.351351351    0.000145159
    1.366366366    0.000154157
    1.381381381    0.000165776
    1.396396396    0.000179794
    1.411411411    0.000195531
    1.426426426    0.000211871
    1.441441441    0.000227418
    1.456456456    0.000240729
    1.471471471    0.000250580
    1.486486486    0.000256199
    1.501501502    0.000257402
    1.516516517    0.000254618
    1.531531532    0.000248816
    1.546546547    0.000241366
    1.561561562    0.000233864
    1.576576577    0.000227954
    1.591591592    0.000225156
    1.606606607    0.000226692
    1.621621622    0.000233331
    1.636636637    0.000245252
    1.651651652    0.000261963
    1.666666667    0.000282317
    1.681681682    0.000304643
    1.696696697    0.000326989
    1.711711712    0.000347449
    1.726726727    0.000364500
    1.741741742    0.000377269
    1.756756757    0.000385683
    1.771771772    0.000390460
    1.786786787    0.000392965
    1.801801802    0.000394961
    1.816816817    0.000398309
    1.831831832    0.000404669
    1.846846847    0.000415239
    1.861861862    0.000430555
    1.876876877    0.000450399
    1.891891892    0.000473828
    1.906906907    0.000499354
    1.921921922    0.000525256
    1.936936937    0.000549976
    1.951951952    0.000572525
    1.966966967    0.000592782
    1.981981982    0.000611625
    1.996996997    0.000630844
    2.012012012    0.000652856
    2.027027027    0.000680306
    2.042042042    0.000715629
    2.057057057    0.000760669
    2.072072072    0.000816390
    2.087087087    0.000882723
    2.102102102    0.000958527
    2.117117117    0.001041661
    2.132132132    0.001129173
    2.147147147    0.001217594
    2.162162162    0.001303325
    2.177177177    0.001383085
    2.192192192    0.001454339
    2.207207207    0.001515627
    2.222222222    0.001566703
    2.237237237    0.001608437
    2.252252252    0.001642499
    2.267267267    0.001670894
    2.282282282    0.001695482
    2.297297297    0.001717621
    2.312312312    0.001738037
    2.327327327    0.001756945
    2.342342342    0.001774353
    2.357357357    0.001790431
    2.372372372    0.001805770
    2.387387387    0.001821413
    2.402402402    0.001838625
    2.417417417    0.001858457
    2.432432432    0.001881266
    2.447447447    0.001906367
    2.462462462    0.001931986
    2.477477477    0.001955556
    2.492492492    0.001974316
    2.507507508    0.001986049
    2.522522523    0.001989737
    2.537537538    0.001985944
    2.552552553    0.001976793
    2.567567568    0.001965552
    2.582582583    0.001955931
    2.597597598    0.001951301
    2.612612613    0.001954014
    2.627627628    0.001965001
    2.642642643    0.001983700
    2.657657658    0.002008298
    2.672672673    0.002036181
    2.687687688    0.002064491
    2.702702703    0.002090634
    2.717717718    0.002112680
    2.732732733    0.002129587
    2.747747748    0.002141239
    2.762762763    0.002148333
    2.777777778    0.002152161
    2.792792793    0.002154340
    2.807807808    0.002156556
    2.822822823    0.002160349
    2.837837838    0.002166956
    2.852852853    0.002177205
    2.867867868    0.002191453
    2.882882883    0.002209540
    2.897897898    0.002230787
    2.912912913    0.002254033
    2.927927928    0.002277737
    2.942942943    0.002300156
    2.957957958    0.002319588
    2.972972973    0.002334643
    2.987987988    0.002344496
    3.003003003    0.002349055
    3.018018018    0.002349011
    3.033033033    0.002345754
    3.048048048    0.002341174
    3.063063063    0.002337400
    3.078078078    0.002336542
    3.093093093    0.002340455
    3.108108108    0.002350562
    3.123123123    0.002367692
    3.138138138    0.002391935
    3.153153153    0.002422521
    3.168168168    0.002457759
    3.183183183    0.002495127
    3.198198198    0.002531544
    3.213213213    0.002563833
    3.228228228    0.002589295
    3.243243243    0.002606236
    3.258258258    0.002614318
    3.273273273    0.002614616
    3.288288288    0.002609374
    3.303303303    0.002601540
    3.318318318    0.002594231
    3.333333333    0.002590240
    3.348348348    0.002591711
    3.363363363    0.002599982
    3.378378378    0.002615583
    3.393393393    0.002638307
    3.408408408    0.002667337
    3.423423423    0.002701378
    3.438438438    0.002738791
    3.453453453    0.002777758
    3.468468468    0.002816445
    3.483483483    0.002853167
    3.498498498    0.002886524
    3.513513514    0.002915490
    3.528528529    0.002939445
    3.543543544    0.002958174
    3.558558559    0.002971845
    3.573573574    0.002981009
    3.588588589    0.002986635
    3.603603604    0.002990202
    3.618618619    0.002993817
    3.633633634    0.003000348
    3.648648649    0.003013498
    3.663663664    0.003037782
    3.678678679    0.003078354
    3.693693694    0.003140679
    3.708708709    0.003230063
    3.723723724    0.003351112
    3.738738739    0.003507196
    3.753753754    0.003699984
    3.768768769    0.003929140
    3.783783784    0.004192218
    3.798798799    0.004484796
    3.813813814    0.004800857
    3.828828829    0.005133368
    3.843843844    0.005474991
    3.858858859    0.005818807
    3.873873874    0.006158926
    3.888888889    0.006490858
    3.903903904    0.006811617
    3.918918919    0.007119537
    3.933933934    0.007413934
    3.948948949    0.007694732
    3.963963964    0.007962231
    3.978978979    0.008217104
    3.993993994    0.008460651
    4.009009009    0.008695201
    4.024024024    0.008924455
    4.039039039    0.009153531
    4.054054054    0.009388500
    4.069069069    0.009635337
    4.084084084    0.009898366
    4.099099099    0.010178523
    4.114114114    0.010471828
    4.129129129    0.010768566
    4.144144144    0.011053540
    4.159159159    0.011307556
    4.174174174    0.011510006
    4.189189189    0.011642127
    4.204204204    0.011690295
    4.219219219    0.011648649
    4.234234234    0.011520476
    4.249249249    0.011318009
    4.264264264    0.011060680
    4.279279279    0.010772154
    4.294294294    0.010476740
    4.309309309    0.010195895
    4.324324324    0.009945456
    4.339339339    0.009734110
    4.354354354    0.009563314
    4.369369369    0.009428546
    4.384384384    0.009321522
    4.399399399    0.009232750
    4.414414414    0.009153797
    4.429429429    0.009078762
    4.444444444    0.009004704
    4.459459459    0.008931150
    4.474474474    0.008859068
    4.489489489    0.008789830
    4.504504505    0.008724629
    4.519519520    0.008664572
    4.534534535    0.008611371
    4.549549550    0.008568252
    4.564564565    0.008540583
    4.579579580    0.008535782
    4.594594595    0.008562305
    4.609609610    0.008627829
    4.624624625    0.008737080
    4.639639640    0.008889884
    4.654654655    0.009080047
    4.669669670    0.009295408
    4.684684685    0.009519156
    4.699699700    0.009732136
    4.714714715    0.009915686
    4.729729730    0.010054438
    4.744744745    0.010138599
    4.759759760    0.010165338
    4.774774775    0.010139147
    4.789789790    0.010071152
    4.804804805    0.009977567
    4.819819820    0.009877519
    4.834834835    0.009790556
    4.849849850    0.009734152
    4.864864865    0.009721474
    4.879879880    0.009759636
    4.894894895    0.009848633
    4.909909910    0.009981081
    4.924924925    0.010142879
    4.939939940    0.010314820
    4.954954955    0.010475047
    4.969969970    0.010602121
    4.984984985    0.010678232
    5.000000000    0.010692031
    5.015015015    0.010640525
    5.030030030    0.010529659
    5.045045045    0.010373474
    5.060060060    0.010192030
    5.075075075    0.010008537
    5.090090090    0.009846232
    5.105105105    0.009725516
    5.120120120    0.009661706
    5.135135135    0.009663568
    5.150150150    0.009732662
    5.165165165    0.009863418
    5.180180180    0.010043870
    5.195195195    0.010256964
    5.210210210    0.010482381
    5.225225225    0.010698758
    5.240240240    0.010886130
    5.255255255    0.011028339
    5.270270270    0.011115098
    5.285285285    0.011143388
    5.300300300    0.011117963
    5.315315315    0.011050831
    5.330330330    0.010959769
    5.345345345    0.010866048
    5.360360360    0.010791722
    5.375375375    0.010756848
    5.390390390    0.010777071
    5.405405405    0.010861923
    5.420420420    0.011014091
    5.435435435    0.011229739
    5.450450450    0.011499807
    5.465465465    0.011812007
    5.480480480    0.012153147
    5.495495495    0.012511293
    5.510510511    0.012877365
    5.525525526    0.013245800
    5.540540541    0.013614168
    5.555555556    0.013981814
    5.570570571    0.014347876
    5.585585586    0.014709222
    5.600600601    0.015058936
    5.615615616    0.015385897
    5.630630631    0.015675721
    5.645645646    0.015912928
    5.660660661    0.016083825
    5.675675676    0.016179298
    5.690690691    0.016196736
    5.705705706    0.016140568
    5.720720721    0.016021332
    5.735735736    0.015853685
    5.750750751    0.015654010
    5.765765766    0.015438326
    5.780780781    0.015220941
    5.795795796    0.015013933
    5.810810811    0.014827214
    5.825825826    0.014668771
    5.840840841    0.014544708
    5.855855856    0.014458977
    5.870870871    0.014412865
    5.885885886    0.014404542
    5.900900901    0.014428937
    5.915915916    0.014478132
    5.930930931    0.014542257
    5.945945946    0.014610689
    5.960960961    0.014673300
    5.975975976    0.014721500
    5.990990991    0.014748950
    6.006006006    0.014751912
    6.021021021    0.014729316
    6.036036036    0.014682624
    6.051051051    0.014615562
    6.066066066    0.014533709
    6.081081081    0.014443935
    6.096096096    0.014353645
    6.111111111    0.014269890
    6.126126126    0.014198438
    6.141141141    0.014142994
    6.156156156    0.014104750
    6.171171171    0.014082405
    6.186186186    0.014072656
    6.201201201    0.014071043
    6.216216216    0.014072907
    6.231231231    0.014074191
    6.246246246    0.014071903
    6.261261261    0.014064158
    6.276276276    0.014049922
    6.291291291    0.014028637
    6.306306306    0.013999939
    6.321321321    0.013963589
    6.336336336    0.013919630
    6.351351351    0.013868655
    6.366366366    0.013812037
    6.381381381    0.013752011
    6.396396396    0.013691535
    6.411411411    0.013633990
    6.426426426    0.013582788
    6.441441441    0.013540968
    6.456456456    0.013510864
    6.471471471    0.013493830
    6.486486486    0.013490026
    6.501501502    0.013498271
    6.516516517    0.013515974
    6.531531532    0.013539235
    6.546546547    0.013563169
    6.561561562    0.013582484
    6.576576577    0.013592249
    6.591591592    0.013588717
    6.606606607    0.013570018
    6.621621622    0.013536561
    6.636636637    0.013491085
    6.651651652    0.013438357
    6.666666667    0.013384614
    6.681681682    0.013336815
    6.696696697    0.013301787
    6.711711712    0.013285286
    6.726726727    0.013291043
    6.741741742    0.013319917
    6.756756757    0.013369324
    6.771771772    0.013433196
    6.786786787    0.013502593
    6.801801802    0.013567019
    6.816816817    0.013616233
    6.831831832    0.013642222
    6.846846847    0.013640837
    6.861861862    0.013612715
    6.876876877    0.013563174
    6.891891892    0.013501116
    6.906906907    0.013437169
    6.921921922    0.013381510
    6.936936937    0.013341899
    6.951951952    0.013322348
    6.966966967    0.013322714
    6.981981982    0.013339255
    6.996996997    0.013365988
    7.012012012    0.013396516
    7.027027027    0.013425869
    7.042042042    0.013451924
    7.057057057    0.013476022
    7.072072072    0.013502589
    7.087087087    0.013537818
    7.102102102    0.013587688
    7.117117117    0.013655827
    7.132132132    0.013741767
    7.147147147    0.013840087
    7.162162162    0.013940710
    7.177177177    0.014030369
    7.192192192    0.014094963
    7.207207207    0.014122312
    7.222222222    0.014104737
    7.237237237    0.014040902
    7.252252252    0.013936517
    7.267267267    0.013803741
    7.282282282    0.013659406
    7.297297297    0.013522412
    7.312312312    0.013410817
    7.327327327    0.013339142
    7.342342342    0.013316334
    7.357357357    0.013344656
    7.372372372    0.013419569
    7.387387387    0.013530562
    7.402402402    0.013662738
    7.417417417    0.013798935
    7.432432432    0.013922119
    7.447447447    0.014017718
    7.462462462    0.014075568
    7.477477477    0.014091175
    7.492492492    0.014066059
    7.507507508    0.014007152
    7.522522523    0.013925375
    7.537537538    0.013833708
    7.552552553    0.013745156
    7.567567568    0.013670995
    7.582582583    0.013619552
    7.597597598    0.013595652
    7.612612613    0.013600661
    7.627627628    0.013632968
    7.642642643    0.013688725
    7.657657658    0.013762648
    7.672672673    0.013848790
    7.687687688    0.013941209
    7.702702703    0.014034528
    7.717717718    0.014124370
    7.732732733    0.014207673
    7.747747748    0.014282860
    7.762762763    0.014349884
    7.777777778    0.014410132
    7.792792793    0.014466202
    7.807807808    0.014521548
    7.822822823    0.014580013
    7.837837838    0.014645274
    7.852852853    0.014720269
    7.867867868    0.014806705
    7.882882883    0.014904759
    7.897897898    0.015013078
    7.912912913    0.015129104
    7.927927928    0.015249683
    7.942942943    0.015371825
    7.957957958    0.015493451
    7.972972973    0.015613955
    7.987987988    0.015734445
    8.003003003    0.015857588
    8.018018018    0.015987049
    8.033033033    0.016126596
    8.048048048    0.016279021
    8.063063063    0.016445097
    8.078078078    0.016622850
    8.093093093    0.016807413
    8.108108108    0.016991621
    8.123123123    0.017167316
    8.138138138    0.017327113
    8.153153153    0.017466148
    8.168168168    0.017583297
    8.183183183    0.017681427
    8.198198198    0.017766524
    8.213213213    0.017845891
    8.228228228    0.017925901
    8.243243243    0.018009959
    8.258258258    0.018097278
    8.273273273    0.018182817
    8.288288288    0.018258385
    8.303303303    0.018314572
    8.318318318    0.018342951
    8.333333333    0.018337961
    8.348348348    0.018298024
    8.363363363    0.018225694
    8.378378378    0.018126951
    8.393393393    0.018009933
    8.408408408    0.017883524
    8.423423423    0.017756135
    8.438438438    0.017634885
    8.453453453    0.017525213
    8.468468468    0.017430800
    8.483483483    0.017353618
    8.498498498    0.017293988
    8.513513514    0.017250564
    8.528528529    0.017220306
    8.543543544    0.017198545
    8.558558559    0.017179250
    8.573573574    0.017155545
    8.588588589    0.017120461
    8.603603604    0.017067784
    8.618618619    0.016992869
    8.633633634    0.016893247
    8.648648649    0.016768956
    8.663663664    0.016622534
    8.678678679    0.016458719
    8.693693694    0.016283874
    8.708708709    0.016105214
    8.723723724    0.015929914
    8.738738739    0.015764236
    8.753753754    0.015612835
    8.768768769    0.015478404
    8.783783784    0.015361765
    8.798798799    0.015262328
    8.813813814    0.015178740
    8.828828829    0.015109438
    8.843843844    0.015052865
    8.858858859    0.015007269
    8.873873874    0.014970234
    8.888888889    0.014938234
    8.903903904    0.014906574
    8.918918919    0.014869920
    8.933933934    0.014823406
    8.948948949    0.014764030
    8.963963964    0.014691905
    8.978978979    0.014610891
    8.993993994    0.014528339
    9.009009009    0.014453900
    9.024024024    0.014397654
    9.039039039    0.014368003
    9.054054054    0.014369860
    9.069069069    0.014403557
    9.084084084    0.014464747
    9.099099099    0.014545318
    9.114114114    0.014635096
    9.129129129    0.014723971
    9.144144144    0.014803955
    9.159159159    0.014870721
    9.174174174    0.014924267
    9.189189189    0.014968557
    9.204204204    0.015010223
    9.219219219    0.015056654
    9.234234234    0.015113939
    9.249249249    0.015185197
    9.264264264    0.015269676
    9.279279279    0.015362821
    9.294294294    0.015457262
    9.309309309    0.015544430
    9.324324324    0.015616433
    9.339339339    0.015667765
    9.354354354    0.015696513
    9.369369369    0.015704835
    9.384384384    0.015698587
    9.399399399    0.015686152
    9.414414414    0.015676647
    9.429429429    0.015677867
    9.444444444    0.015694430
    9.459459459    0.015726612
    9.474474474    0.015770248
    9.489489489    0.015817807
    9.504504505    0.015860438
    9.519519520    0.015890468
    9.534534535    0.015903692
    9.549549550    0.015900827
    9.564564565    0.015887716
    9.579579580    0.015874215
    9.594594595    0.015872012
    9.609609610    0.015891934
    9.624624625    0.015941370
    9.639639640    0.016022472
    9.654654655    0.016131588
    9.669669670    0.016260094
    9.684684685    0.016396433
    9.699699700    0.016528830
    9.714714715    0.016647948
    9.729729730    0.016748764
    9.744744745    0.016831190
    9.759759760    0.016899383
    9.774774775    0.016960087
    9.789789790    0.017020626
    9.804804805    0.017087182
    9.819819820    0.017163770
    9.834834835    0.017252026
    9.849849850    0.017351621
    9.864864865    0.017461022
    9.879879880    0.017578273
    9.894894895    0.017701634
    9.909909910    0.017829983
    9.924924925    0.017962947
    9.939939940    0.018100756
    9.954954955    0.018243833
    9.969969970    0.018392176
    9.984984985    0.018544695
   10.000000000    0.018698710
   10.015015015    0.018849862
   10.030030030    0.018992543
   10.045045045    0.019120825
   10.060060060    0.019229655
   10.075075075    0.019315992
   10.090090090    0.019379527
   10.105105105    0.019422772
   10.120120120    0.019450487
   10.135135135    0.019468622
   10.150150150    0.019483090
   10.165165165    0.019498709
   10.180180180    0.019518570
   10.195195195    0.019543919
   10.210210210    0.019574463
   10.225225225    0.019608907
   10.240240240    0.019645492
   10.255255255    0.019682365
   10.270270270    0.019717747
   10.285285285    0.019749946
   10.300300300    0.019777332
   10.315315315    0.019798395
   10.330330330    0.019811942
   10.345345345    0.019817392
   10.360360360    0.019815082
   10.375375375    0.019806451
   10.390390390    0.019793963
   10.405405405    0.019780714
   10.420420420    0.019769732
   10.435435435    0.019763116
   10.450450450    0.019761243
   10.465465465    0.019762299
   10.480480480    0.019762346
   10.495495495    0.019755969
   10.510510511    0.019737399
   10.525525526    0.019701801
   10.540540541    0.019646416
   10.555555556    0.019571227
   10.570570571    0.019479008
   10.585585586    0.019374745
   10.600600601    0.019264590
   10.615615616    0.019154593
   10.630630631    0.019049520
   10.645645646    0.018952034
   10.660660661    0.018862463
   10.675675676    0.018779204
   10.690690691    0.018699669
   10.705705706    0.018621450
   10.720720721    0.018543317
   10.735735736    0.018465673
   10.750750751    0.018390307
   10.765765766    0.018319544
   10.780780781    0.018255155
   10.795795796    0.018197498
   10.810810811    0.018145281
   10.825825826    0.018096097
   10.840840841    0.018047565
   10.855855856    0.017998647
   10.870870871    0.017950628
   10.885885886    0.017907334
   10.900900901    0.017874398
   10.915915916    0.017857739
   10.930930931    0.017861703
   10.945945946    0.017887436
   10.960960961    0.017932063
   10.975975976    0.017988963
   10.990990991    0.018049115
   11.006006006    0.018103138
   11.021021021    0.018143412
   11.036036036    0.018165690
   11.051051051    0.018169745
   11.066066066    0.018158949
   11.081081081    0.018138982
   11.096096096    0.018116103
   11.111111111    0.018095492
   11.126126126    0.018080078
   11.141141141    0.018070089
   11.156156156    0.018063340
   11.171171171    0.018056099
   11.186186186    0.018044287
   11.201201201    0.018024713
   11.216216216    0.017996070
   11.231231231    0.017959465
   11.246246246    0.017918358
   11.261261261    0.017877901
   11.276276276    0.017843838
   11.291291291    0.017821268
   11.306306306    0.017813631
   11.321321321    0.017822243
   11.336336336    0.017846532
   11.351351351    0.017884880
   11.366366366    0.017935787
   11.381381381    0.017998904
   11.396396396    0.018075541
   11.411411411    0.018168402
   11.426426426    0.018280537
   11.441441441    0.018413802
   11.456456456    0.018567249
   11.471471471    0.018735981
   11.486486486    0.018910892
   11.501501502    0.019079483
   11.516516517    0.019227675
   11.531531532    0.019342239
   11.546546547    0.019413293
   11.561561562    0.019436263
   11.576576577    0.019412902
   11.591591592    0.019351130
   11.606606607    0.019263835
   11.621621622    0.019166898
   11.636636637    0.019076884
   11.651651652    0.019008759
   11.666666667    0.018973960
   11.681681682    0.018978988
   11.696696697    0.019024653
   11.711711712    0.019106008
   11.726726727    0.019212968
   11.741741742    0.019331572
   11.756756757    0.019445741
   11.771771772    0.019539323
   11.786786787    0.019598176
   11.801801802    0.019611974
   11.816816817    0.019575474
   11.831831832    0.019489069
   11.846846847    0.019358524
   11.861861862    0.019193963
   11.876876877    0.019008271
   11.891891892    0.018815170
   11.906906907    0.018627264
   11.921921922    0.018454329
   11.936936937    0.018302108
   11.951951952    0.018171757
   11.966966967    0.018060058
   11.981981982    0.017960385
   11.996996997    0.017864325
   12.012012012    0.017763694
   12.027027027    0.017652605
   12.042042042    0.017529160
   12.057057057    0.017396356
   12.072072072    0.017261937
   12.087087087    0.017137154
   12.102102102    0.017034643
   12.117117117    0.016965891
   12.132132132    0.016938841
   12.147147147    0.016956181
   12.162162162    0.017014701
   12.177177177    0.017105832
   12.192192192    0.017217230
   12.207207207    0.017335061
   12.222222222    0.017446486
   12.237237237    0.017541866
   12.252252252    0.017616236
   12.267267267    0.017669810
   12.282282282    0.017707451
   12.297297297    0.017737297
   12.312312312    0.017768892
   12.327327327    0.017811245
   12.342342342    0.017871240
   12.357357357    0.017952640
   12.372372372    0.018055818
   12.387387387    0.018178124
   12.402402402    0.018314721
   12.417417417    0.018459649
   12.432432432    0.018606868
   12.447447447    0.018751096
   12.462462462    0.018888312
   12.477477477    0.019015869
   12.492492492    0.019132291
   12.507507508    0.019236844
   12.522522523    0.019329040
   12.537537538    0.019408233
   12.552552553    0.019473396
   12.567567568    0.019523149
   12.582582583    0.019555991
   12.597597598    0.019570700
   12.612612613    0.019566778
   12.627627628    0.019544850
   12.642642643    0.019506930
   12.657657658    0.019456463
   12.672672673    0.019398145
   12.687687688    0.019337504
   12.702702703    0.019280320
   12.717717718    0.019231992
   12.732732733    0.019196936
   12.747747748    0.019178155
   12.762762763    0.019177004
   12.777777778    0.019193195
   12.792792793    0.019225002
   12.807807808    0.019269657
   12.822822823    0.019323891
   12.837837838    0.019384610
   12.852852853    0.019449632
   12.867867868    0.019518389
   12.882882883    0.019592406
   12.897897898    0.019675383
   12.912912913    0.019772717
   12.927927928    0.019890450
   12.942942943    0.020033792
   12.957957958    0.020205535
   12.972972973    0.020404765
   12.987987988    0.020626247
   13.003003003    0.020860716
   13.018018018    0.021096083
   13.033033033    0.021319349
   13.048048048    0.021518832
   13.063063063    0.021686249
   13.078078078    0.021818213
   13.093093093    0.021916805
   13.108108108    0.021989101
   13.123123123    0.022045749
   13.138138138    0.022098928
   13.153153153    0.022160188
   13.168168168    0.022238676
   13.183183183    0.022340128
   13.198198198    0.022466734
   13.213213213    0.022617718
   13.228228228    0.022790239
   13.243243243    0.022980209
   13.258258258    0.023182732
   13.273273273    0.023392094
   13.288288288    0.023601475
   13.303303303    0.023802651
   13.318318318    0.023985980
   13.333333333    0.024140852
   13.348348348    0.024256589
   13.363363363    0.024323664
   13.378378378    0.024335015
   13.393393393    0.024287186
   13.408408408    0.024181117
   13.423423423    0.024022427
   13.438438438    0.023821147
   13.453453453    0.023590895
   13.468468468    0.023347590
   13.483483483    0.023107831
   13.498498498    0.022887181
   13.513513514    0.022698615
   13.528528529    0.022551358
   13.543543544    0.022450308
   13.558558559    0.022396054
   13.573573574    0.022385396
   13.588588589    0.022412196
   13.603603604    0.022468368
   13.618618619    0.022544898
   13.633633634    0.022632836
   13.648648649    0.022724249
   13.663663664    0.022813070
   13.678678679    0.022895730
   13.693693694    0.022971376
   13.708708709    0.023041531
   13.723723724    0.023109156
   13.738738739    0.023177302
   13.753753754    0.023247683
   13.768768769    0.023319633
   13.783783784    0.023389821
   13.798798799    0.023452922
   13.813813814    0.023503112
   13.828828829    0.023535998
   13.843843844    0.023550385
   13.858858859    0.023549285
   13.873873874    0.023539795
   13.888888889    0.023531778
   13.903903904    0.023535703
   13.918918919    0.023560261
   13.933933934    0.023610435
   13.948948949    0.023686575
   13.963963964    0.023784629
   13.978978979    0.023897350
   13.993993994    0.024015983
   14.009009009    0.024131856
   14.024024024    0.024237476
   14.039039039    0.024326978
   14.054054054    0.024396055
   14.069069069    0.024441687
   14.084084084    0.024461954
   14.099099099    0.024456105
   14.114114114    0.024424863
   14.129129129    0.024370782
   14.144144144    0.024298443
   14.159159159    0.024214277
   14.174174174    0.024125962
   14.189189189    0.024041428
   14.204204204    0.023967670
   14.219219219    0.023909608
   14.234234234    0.023869280
   14.249249249    0.023845579
   14.264264264    0.023834635
   14.279279279    0.023830776
   14.294294294    0.023827846
   14.309309309    0.023820537
   14.324324324    0.023805417
   14.339339339    0.023781415
   14.354354354    0.023749711
   14.369369369    0.023713162
   14.384384384    0.023675522
   14.399399399    0.023640723
   14.414414414    0.023612421
   14.429429429    0.023593862
   14.444444444    0.023588000
   14.459459459    0.023597686
   14.474474474    0.023625757
   14.489489489    0.023674896
   14.504504505    0.023747235
   14.519519520    0.023843810
   14.534534535    0.023964042
   14.549549550    0.024105437
   14.564564565    0.024263645
   14.579579580    0.024432908
   14.594594595    0.024606811
   14.609609610    0.024779172
   14.624624625    0.024944899
   14.639639640    0.025100677
   14.654654655    0.025245425
   14.669669670    0.025380508
   14.684684685    0.025509680
   14.699699700    0.025638749
   14.714714715    0.025774883
   14.729729730    0.025925536
   14.744744745    0.026097022
   14.759759760    0.026292925
   14.774774775    0.026512683
   14.789789790    0.026750739
   14.804804805    0.026996681
   14.819819820    0.027236537
   14.834834835    0.027455117
   14.849849850    0.027638892
   14.864864865    0.027778693
   14.879879880    0.027871428
   14.894894895    0.027920324
   14.909909910    0.027933607
   14.924924925    0.027922081
   14.939939940    0.027896378
   14.954954955    0.027864762
   14.969969970    0.027832065
   14.984984985    0.027799933
   15.000000000    0.027768028
