# omega (eV)     <Re(Eps)>     <Im(Eps)>
0.00000000    13.66084999    0.00000000
0.01501501    13.66139172    0.00363175
0.03003003    13.66301781    0.00726978
0.04504504    13.66573098    0.01092042
0.06006006    13.66953582    0.01459013
0.07507508    13.67443878    0.01828558
0.09009009    13.68044829    0.02201368
0.10510511    13.68757481    0.02578168
0.12012012    13.69583090    0.02959728
0.13513513    13.70523144    0.03346868
0.15015015    13.71579369    0.03740475
0.16516517    13.72753753    0.04141510
0.18018018    13.74048567    0.04551028
0.19519519    13.75466392    0.04970197
0.21021021    13.77010150    0.05400316
0.22522523    13.78683143    0.05842848
0.24024024    13.80489095    0.06299446
0.25525526    13.82432210    0.06772004
0.27027027    13.84517233    0.07262699
0.28528528    13.86749527    0.07774065
0.30030030    13.89135168    0.08309070
0.31531531    13.91681056    0.08871227
0.33033033    13.94395054    0.09464737
0.34534535    13.97286153    0.10094667
0.36036036    14.00364679    0.10767203
0.37537538    14.03642546    0.11489986
0.39039039    14.07133564    0.12272563
0.40540540    14.10853821    0.13127035
0.42042042    14.14822146    0.14068958
0.43543543    14.19060658    0.15118642
0.45045045    14.23595400    0.16303065
0.46546547    14.28456993    0.17658722
0.48048048    14.33681170    0.19235963
0.49549550    14.39308764    0.21105733
0.51051051    14.45384177    0.23370183
0.52552553    14.51949929    0.26179566
0.54054054    14.59031550    0.29758952
0.55555556    14.66599141    0.34448580
0.57057057    14.74473702    0.40755384
0.58558559    14.82111080    0.49377683
0.60060060    14.88169300    0.61027173
0.61561562    14.89990069    0.75519992
0.63063063    14.84390951    0.89592926
0.64564565    14.72339999    0.96303849
0.66066066    14.62043699    0.92331481
0.67567568    14.60166730    0.83284522
0.69069069    14.65820547    0.75868413
0.70570571    14.75299179    0.72655248
0.72072072    14.85636418    0.73468492
0.73573574    14.95291126    0.76854601
0.75075075    15.04689365    0.81402366
0.76576577    15.15106883    0.87816596
0.78078078    15.25822485    0.98455565
0.79579580    15.33353760    1.14713779
0.81081081    15.32507381    1.34490616
0.82582583    15.20547839    1.49982980
0.84084084    15.04065366    1.52505845
0.85585586    14.94887836    1.43830604
0.87087087    14.96740552    1.34134370
0.88588589    15.04390978    1.30277056
0.90090090    15.10993229    1.32108484
0.91591592    15.13555731    1.34541111
0.93093093    15.15332039    1.33590835
0.94594595    15.19823697    1.31213178
0.96096096    15.25800836    1.29636266
0.97597598    15.32471462    1.27621462
0.99099099    15.41634379    1.25274501
1.00600601    15.53138653    1.24648378
1.02102102    15.65585851    1.25676258
1.03603604    15.79875030    1.27854748
1.05105105    15.96851998    1.33471131
1.06606607    16.14230447    1.45330036
1.08108108    16.27576854    1.63931233
1.09609610    16.32021874    1.86294310
1.11111111    16.25486934    2.04747515
1.12612613    16.14721552    2.11302674
1.14114114    16.10835459    2.08846411
1.15615616    16.15182807    2.07614304
1.17117117    16.20771328    2.11806731
1.18618619    16.21895438    2.18234132
1.20120120    16.17730975    2.20465107
1.21621622    16.14106962    2.13706419
1.23123123    16.18065890    2.01008499
1.24624625    16.30308594    1.88070876
1.26126126    16.49428425    1.77246312
1.27627628    16.75005493    1.70745986
1.29129129    17.05116722    1.71320977
1.30630631    17.36478265    1.80370806
1.32132132    17.65473327    1.97648343
1.33633634    17.89033409    2.21046940
1.35135135    18.06018876    2.47669189
1.36636637    18.15891726    2.75706298
1.38138138    18.16931808    3.01990882
1.39639640    18.10835694    3.20113826
1.41141141    18.05524957    3.27395365
1.42642643    18.06645996    3.29282618
1.44144144    18.11912486    3.30436909
1.45645646    18.19592282    3.29183532
1.47147147    18.32584749    3.24902377
1.48648649    18.52901991    3.20084845
1.50150150    18.81349990    3.17528834
1.51651652    19.17493973    3.21065287
1.53153153    19.58486238    3.33861319
1.54654655    20.00886935    3.57264712
1.56156156    20.40976895    3.92517015
1.57657658    20.71701823    4.39339642
1.59159159    20.85379251    4.89334333
1.60660661    20.85139668    5.28102096
1.62162162    20.85133127    5.49769583
1.63663664    20.98138351    5.60010102
1.65165165    21.30505792    5.71187237
1.66666667    21.78122042    5.97299066
1.68168168    22.28635744    6.44236342
1.69669670    22.72590043    7.07315246
1.71171171    23.09998665    7.81570608
1.72672673    23.40868239    8.70123775
1.74174174    23.57013295    9.75514344
1.75675676    23.48424437    10.92105280
1.77177177    23.09881034    12.08560488
1.78678679    22.42396193    13.10621103
1.80180180    21.58592180    13.85233944
1.81681682    20.77280090    14.35581993
1.83183183    20.02817606    14.75883177
1.84684685    19.27691819    15.12270613
1.86186186    18.44893086    15.40073251
1.87687688    17.56735176    15.48505964
1.89189189    16.76114567    15.32603033
1.90690691    16.17319242    14.98587698
1.92192192    15.88761937    14.62504210
1.93693694    15.85055425    14.45192933
1.95195195    15.85513038    14.57805769
1.96696697    15.69060695    14.93243280
1.98198198    15.25458445    15.35196472
1.99699700    14.54283826    15.64762025
2.01201201    13.68410228    15.64823191
2.02702703    12.89257897    15.32267682
2.04204204    12.33455617    14.77639285
2.05705706    12.07429157    14.18495206
2.07207207    12.04130265    13.71161833
2.08708709    12.10021377    13.39953773
2.10210210    12.17492197    13.20622522
2.11711712    12.25297743    13.09263167
2.13213213    12.34450553    13.06327216
2.14714715    12.41269306    13.15209879
2.16216216    12.38565573    13.33927692
2.17717718    12.22511497    13.56929466
2.19219219    11.90611832    13.77313130
2.20720721    11.45765685    13.84790237
2.22222222    10.98474790    13.75065217
2.23723724    10.55295745    13.51301018
2.25225225    10.20137818    13.13968467
2.26726727    10.01802439    12.66313707
2.28228228    10.04682426    12.21025055
2.29729730    10.20876117    11.89260712
2.31231231    10.39874505    11.71724667
2.32732733    10.55871482    11.64981104
2.34234234    10.65097955    11.64245944
2.35735736    10.68185094    11.63128926
2.37237237    10.69746102    11.58681295
2.38738739    10.74899259    11.51859276
2.40240240    10.86887808    11.49004405
2.41741742    11.00178385    11.57599759
2.43243243    11.05052087    11.76640855
2.44744745    10.95750160    11.99295371
2.46246246    10.70737736    12.16132095
2.47747748    10.35641772    12.16520890
2.49249249    10.04255701    11.96576340
2.50750751    9.88598724    11.64925506
2.52252252    9.89118840    11.34501468
2.53753754    9.98713209    11.11787240
2.55255255    10.10784223    10.96911885
2.56756757    10.21129517    10.86484285
2.58258258    10.30255479    10.75722860
2.59759760    10.42094208    10.63314448
2.61261261    10.59685266    10.51852069
2.62762763    10.82889392    10.45510235
2.64264264    11.08655651    10.47173859
2.65765766    11.33235531    10.57014072
2.67267267    11.54092972    10.74124282
2.68768769    11.68172838    10.97325927
2.70270270    11.72579352    11.22782001
2.71771772    11.67730685    11.45454698
2.73273273    11.55592538    11.61873639
2.74774775    11.39219387    11.67898727
2.76276276    11.26157763    11.61191029
2.77777778    11.24617927    11.46437739
2.79279279    11.36856959    11.33037249
2.80780781    11.57683908    11.28445684
2.82282282    11.79886462    11.32979587
2.83783784    12.00854558    11.43443633
2.85285285    12.20393277    11.58708108
2.86786787    12.37454796    11.77974277
2.88288288    12.52149164    11.99850968
2.89789790    12.65055515    12.24392646
2.91291291    12.76145667    12.52157838
2.92792793    12.84332963    12.84784628
2.94294294    12.85377740    13.22460233
2.95795796    12.75313178    13.60582286
2.97297297    12.55078516    13.91859210
2.98798799    12.31143358    14.12022787
3.00300300    12.09975594    14.22559387
3.01801802    11.95139695    14.27330584
3.03303303    11.87393676    14.31006368
3.04804805    11.84988536    14.36434884
3.06306306    11.87509718    14.45499310
3.07807808    11.92090104    14.62606396
3.09309309    11.91066134    14.87347923
3.10810811    11.81154852    15.12787501
3.12312312    11.65191130    15.34106395
3.13813814    11.45606518    15.49817221
3.15315315    11.24921945    15.57378946
3.16816817    11.09710352    15.56134232
3.18318318    11.05410486    15.52927753
3.19819820    11.08095958    15.55819209
3.21321321    11.10636253    15.63724052
3.22822823    11.13609284    15.71753772
3.24324324    11.21560274    15.81222354
3.25825826    11.34034337    15.98612381
3.27327327    11.43250275    16.26994774
3.28828829    11.41980248    16.60721246
3.30330330    11.30906301    16.90939715
3.31831832    11.16714027    17.13868008
3.33333333    11.04276572    17.32039399
3.34834835    10.94210073    17.47828486
3.36336336    10.88150312    17.62526385
3.37837838    10.85830246    17.81191555
3.39339339    10.79744762    18.04808353
3.40840841    10.67591097    18.23848844
3.42342342    10.59911495    18.33615515
3.43843844    10.64567643    18.42632673
3.45345345    10.78863633    18.59976406
3.46846847    10.96727882    18.89559746
3.48348348    11.11640891    19.30871889
3.49849850    11.20649077    19.80032888
3.51351351    11.23478542    20.35354711
3.52852853    11.18061147    20.95035671
3.54354354    11.04869574    21.54809460
3.55855856    10.87273020    22.13441613
3.57357357    10.66911079    22.71268311
3.58858859    10.47258149    23.28665740
3.60360360    10.30894987    23.91407439
3.61861862    10.14546875    24.64788198
3.63363363    9.95328184    25.52149667
3.64864865    9.67270707    26.59774860
3.66366366    9.16987362    27.90520463
3.67867868    8.28027265    29.38391350
3.69369369    6.86840597    30.87213863
3.70870871    4.87722482    32.13709819
3.72372372    2.35270819    32.87991558
3.73873874    -0.43798549    32.78667769
3.75375375    -2.98607839    31.76421837
3.76876877    -4.79313221    30.14650449
3.78378378    -5.79441219    28.55490675
3.79879880    -6.40855515    27.36468878
3.81381381    -7.08522875    26.47097872
3.82882883    -7.95834130    25.49634803
3.84384384    -8.74739791    24.15202672
3.85885886    -9.04986914    22.59455320
3.87387387    -8.82759880    21.25352362
3.88888889    -8.37725168    20.36727633
3.90390390    -7.99796465    19.88879609
3.91891892    -7.84321217    19.65337190
3.93393393    -7.96907284    19.49549749
3.94894895    -8.37463271    19.22573076
3.96396396    -8.91658261    18.64291120
3.97897898    -9.30184006    17.71142112
3.99399399    -9.31983581    16.64968995
4.00900901    -9.01043856    15.71399786
4.02402402    -8.52365971    15.01187639
4.03903904    -7.98086305    14.55396867
4.05405405    -7.47157352    14.31847188
4.06906907    -7.06530155    14.26822061
4.08408408    -6.82440990    14.34921862
4.09909910    -6.79128681    14.47907816
4.11411411    -6.97642187    14.55728493
4.12912913    -7.34206322    14.46229749
4.14414414    -7.76005702    14.08994729
4.15915916    -8.03010467    13.44658264
4.17417417    -8.00669261    12.69605505
4.18918919    -7.71659837    12.04044547
4.20420420    -7.28640480    11.57416376
4.21921922    -6.82499011    11.30091206
4.23423423    -6.41143943    11.19074559
4.24924925    -6.09879915    11.18472039
4.26426426    -5.89246599    11.21045710
4.27927928    -5.75261909    11.22692281
4.29429429    -5.64652361    11.24563373
4.30930931    -5.58765534    11.28757722
4.32432432    -5.60960932    11.33590681
4.33933934    -5.72517139    11.34604852
4.35435435    -5.92488836    11.25953370
4.36936937    -6.14568466    11.00522179
4.38438438    -6.24950473    10.58034473
4.39939940    -6.13782980    10.11474197
4.41441441    -5.85846249    9.75694174
4.42942943    -5.52746575    9.54901880
4.44444444    -5.21851671    9.45458840
4.45945946    -4.95439039    9.43278831
4.47447447    -4.74449876    9.45608294
4.48948949    -4.58957811    9.49121083
4.50450450    -4.46138588    9.51421252
4.51951952    -4.33051985    9.54279535
4.53453453    -4.20965406    9.60452573
4.54954955    -4.12292368    9.69437416
4.56456457    -4.07698786    9.79988039
4.57957958    -4.07744445    9.91519231
4.59459460    -4.14152946    10.03164067
4.60960961    -4.29100631    10.10741721
4.62462463    -4.49166135    10.06999238
4.63963964    -4.63874015    9.90777783
4.65465465    -4.66885181    9.71380132
4.66966967    -4.63332304    9.57229822
4.68468468    -4.60067810    9.46841994
4.69969970    -4.56951905    9.36280528
4.71471472    -4.52192825    9.25526865
4.72972973    -4.45349008    9.15076307
4.74474475    -4.35644695    9.05639382
4.75975976    -4.22771670    8.98904464
4.77477478    -4.07672995    8.96968933
4.78978979    -3.92946284    9.01336125
4.80480480    -3.82168145    9.11207581
4.81981982    -3.77089855    9.23372867
4.83483483    -3.76923117    9.35197880
4.84984985    -3.80364704    9.45352498
4.86486487    -3.85966236    9.53227655
4.87987988    -3.92313282    9.58893085
4.89489490    -3.98234473    9.63200780
4.90990991    -4.03479074    9.67399305
4.92492493    -4.08086425    9.72355845
4.93993994    -4.12309103    9.79945531
4.95495495    -4.19140265    9.91802506
4.96996997    -4.31990237    10.06197683
4.98498498    -4.52260527    10.20483292
5.00000000    -4.81446125    10.31520982
5.01501502    -5.19089187    10.33228452
5.03003003    -5.58645834    10.20128990
5.04504505    -5.90595301    9.93866822
5.06006006    -6.10249934    9.62152040
5.07507507    -6.19161366    9.32224119
5.09009009    -6.22056093    9.07839290
5.10510510    -6.23732942    8.88540643
5.12012012    -6.25913048    8.71714461
5.13513513    -6.28197178    8.56291186
5.15015015    -6.31008681    8.42252732
5.16516517    -6.35158805    8.28855169
5.18018018    -6.41174042    8.14736199
5.19519520    -6.48451538    7.97518066
5.21021021    -6.53762812    7.75719524
5.22522522    -6.53268359    7.51247219
5.24024024    -6.45639404    7.28893103
5.25525525    -6.34169938    7.13240272
5.27027027    -6.24477509    7.04102232
5.28528528    -6.18828744    6.97691781
5.30030030    -6.16423960    6.91657915
5.31531532    -6.16903915    6.85225353
5.33033033    -6.20442941    6.76728685
5.34534535    -6.25381810    6.63652986
5.36036036    -6.27735333    6.45367044
5.37537537    -6.24098042    6.24931193
5.39039039    -6.14737347    6.06724071
5.40540540    -6.02456157    5.92981901
5.42042042    -5.89863723    5.83480163
5.43543543    -5.77998439    5.77225211
5.45045045    -5.67543664    5.73930228
5.46546547    -5.59495444    5.72836214
5.48048048    -5.54233559    5.73011000
5.49549550    -5.52481490    5.73568006
5.51051051    -5.54600503    5.72057120
5.52552553    -5.57913569    5.65818858
5.54054054    -5.57993535    5.56135977
5.55555556    -5.54109044    5.47758702
5.57057057    -5.50102074    5.43210001
5.58558559    -5.49814378    5.40197251
5.60060060    -5.52867627    5.34232957
5.61561562    -5.55230154    5.23676757
5.63063063    -5.53974174    5.10869077
5.64564565    -5.49249889    4.98269596
5.66066066    -5.41277410    4.87052864
5.67567568    -5.30736095    4.79579175
5.69069069    -5.21105533    4.77079738
5.70570571    -5.15361691    4.77113814
5.72072072    -5.13389554    4.76555533
5.73573574    -5.13622282    4.73552429
5.75075075    -5.13774373    4.67515217
5.76576577    -5.11827179    4.59634939
5.78078078    -5.07333347    4.51968554
5.79579580    -5.01231765    4.45991433
5.81081081    -4.94821968    4.42175679
5.82582583    -4.89394949    4.40342967
5.84084084    -4.85973082    4.39290426
5.85585586    -4.83953046    4.37450608
5.87087087    -4.81846219    4.34975840
5.88588589    -4.79750363    4.33264062
5.90090090    -4.79331441    4.32215480
5.91591592    -4.80777977    4.29889887
5.93093093    -4.82446136    4.25735822
5.94594595    -4.83883116    4.20600506
5.96096096    -4.85400229    4.14319503
5.97597598    -4.86393644    4.06329373
5.99099099    -4.85680022    3.96793295
6.00600601    -4.82289844    3.86971473
6.02102102    -4.76698191    3.78708067
6.03603604    -4.70708527    3.72569189
6.05105105    -4.65457468    3.67377644
6.06606607    -4.60194470    3.61893695
6.08108108    -4.53474597    3.56829421
6.09609610    -4.45772711    3.54183415
6.11111111    -4.39459716    3.54392887
6.12612613    -4.36196533    3.55613974
6.14114114    -4.35568671    3.55541603
6.15615616    -4.35723114    3.53043021
6.17117117    -4.34677736    3.48725066
6.18618619    -4.31705496    3.44477227
6.20120120    -4.27900433    3.41968920
6.21621622    -4.25348802    3.41247045
6.23123123    -4.25231776    3.40395930
6.24624625    -4.26400612    3.37486768
6.26126126    -4.26858974    3.32620410
6.27627628    -4.25938841    3.27236261
6.29129129    -4.24360069    3.22204004
6.30630631    -4.22869364    3.17245012
6.32132132    -4.21413744    3.11651312
6.33633634    -4.19198995    3.05074879
6.35135135    -4.15249751    2.98146634
6.36636637    -4.09519929    2.92202235
6.38138138    -4.02985601    2.88161044
6.39639640    -3.96985319    2.85944956
6.41141141    -3.92203681    2.84516745
6.42642643    -3.88242341    2.83044702
6.44144144    -3.84624141    2.81492486
6.45645646    -3.81219355    2.79920347
6.47147147    -3.77870441    2.78414722
6.48648649    -3.74634488    2.77193894
6.50150150    -3.71683871    2.76220417
6.51651652    -3.68949249    2.75511256
6.53153153    -3.66630462    2.75385093
6.54654655    -3.65495851    2.75843089
6.56156156    -3.66301273    2.75923062
6.57657658    -3.68629685    2.73992540
6.59159159    -3.70630091    2.69358346
6.60660661    -3.70757874    2.63126184
6.62162162    -3.69004390    2.56777731
6.63663664    -3.66109770    2.50923373
6.65165165    -3.62564363    2.45393274
6.66666667    -3.58140804    2.39939503
6.68168168    -3.52390120    2.35044803
6.69669670    -3.45581514    2.31572591
6.71171171    -3.38489163    2.29903834
6.72672673    -3.31841541    2.30039098
6.74174174    -3.26359621    2.31694878
6.75675676    -3.22499538    2.34319177
6.77177177    -3.20643054    2.37451210
6.78678679    -3.21431192    2.40062324
6.80180180    -3.24331539    2.40126871
6.81681682    -3.26875200    2.36819422
6.83183183    -3.27178281    2.31720436
6.84684685    -3.25382248    2.26591213
6.86186186    -3.22139293    2.22137767
6.87687688    -3.17942867    2.18828872
6.89189189    -3.13569710    2.17000316
6.90690691    -3.10011303    2.16439903
6.92192192    -3.07953206    2.16147729
6.93693694    -3.06958408    2.14805265
6.95195195    -3.05643173    2.12122050
6.96696697    -3.03237573    2.09035729
6.98198198    -3.00043167    2.06318283
6.99699700    -2.96407345    2.04088077
7.01201201    -2.92390370    2.02509573
7.02702703    -2.88326445    2.01967828
7.04204204    -2.85001202    2.02485215
7.05705706    -2.83052613    2.03350183
7.07207207    -2.82339513    2.03592121
7.08708709    -2.82169550    2.02742558
7.10210210    -2.81974264    2.00829779
7.11711712    -2.81328296    1.97899874
7.13213213    -2.79601080    1.94208074
7.14714715    -2.76419820    1.90592553
7.16216216    -2.72175099    1.87934547
7.17717718    -2.67722684    1.86520390
7.19219219    -2.63643464    1.85916358
7.20720721    -2.59820549    1.85816705
7.22222222    -2.56378763    1.86452721
7.23723724    -2.53911421    1.87679850
7.25225225    -2.52775577    1.88811613
7.26726727    -2.52785430    1.88940308
7.28228228    -2.53029503    1.87404967
7.29729730    -2.52306829    1.84447299
7.31231231    -2.50022841    1.81040690
7.32732733    -2.46347709    1.78091891
7.34234234    -2.41770820    1.76118194
7.35735736    -2.36837351    1.75285577
7.37237237    -2.31925508    1.75558523
7.38738739    -2.27412071    1.76972125
7.40240240    -2.23911010    1.79299106
7.41741742    -2.21747326    1.81772070
7.43243243    -2.20569820    1.83653861
7.44744745    -2.19722829    1.84663691
7.46246246    -2.18517123    1.84977557
7.47747748    -2.16599046    1.85294077
7.49249249    -2.14379776    1.86251953
7.50750751    -2.12436300    1.87785724
7.52252252    -2.10869208    1.89611895
7.53753754    -2.09619894    1.91720810
7.55255255    -2.08819799    1.94278769
7.56756757    -2.08969812    1.97310468
7.58258258    -2.10612400    2.00232734
7.59759760    -2.13683267    2.02079328
7.61261261    -2.17463939    2.02064059
7.62762763    -2.20718693    1.99983911
7.64264264    -2.22341126    1.96643060
7.65765766    -2.22104907    1.93322722
7.67267267    -2.20691032    1.91117101
7.68768769    -2.19401600    1.90153461
7.70270270    -2.18822520    1.89456758
7.71771772    -2.18402485    1.88419808
7.73273273    -2.17686794    1.87345824
7.74774775    -2.16876856    1.86583052
7.76276276    -2.16268038    1.86008963
7.77777778    -2.15820032    1.85404302
7.79279279    -2.15409232    1.84767545
7.80780781    -2.15040927    1.84183050
7.82282282    -2.14845773    1.83642099
7.83783784    -2.14859273    1.82942510
7.85285285    -2.14876069    1.81973923
7.86786787    -2.14721368    1.80828424
7.88288288    -2.14291679    1.79698365
7.89789790    -2.13690310    1.78887768
7.91291291    -2.13334458    1.78553266
7.92792793    -2.13787293    1.78371282
7.94294294    -2.15117859    1.77412046
7.95795796    -2.16333446    1.74991037
7.97297297    -2.16226420    1.71741246
7.98798799    -2.14816622    1.68940061
8.00300300    -2.12923794    1.67064802
8.01801802    -2.11117774    1.65967434
8.03303303    -2.09697801    1.65365623
8.04804805    -2.08750366    1.64950496
8.06306306    -2.08281524    1.64479218
8.07807808    -2.08160525    1.63580473
8.09309309    -2.07811960    1.62151746
8.10810811    -2.06940344    1.60764817
8.12312312    -2.05975445    1.59806673
8.13813814    -2.05305488    1.59028637
8.15315315    -2.04820869    1.58122659
8.16816817    -2.04365094    1.57139991
8.18318318    -2.04007801    1.56079048
8.19819820    -2.03672010    1.54809968
8.21321321    -2.03185253    1.53387013
8.22822823    -2.02565849    1.51953602
8.24324324    -2.01858831    1.50446734
8.25825826    -2.00874301    1.48920811
8.27327327    -1.99693179    1.47685911
8.28828829    -1.98657637    1.46727173
8.30330330    -1.97872743    1.45757718
8.31831832    -1.97153577    1.44555239
8.33333333    -1.96205005    1.43164121
8.34834835    -1.94898328    1.41867642
8.36336336    -1.93368929    1.40914890
8.37837838    -1.91795845    1.40442125
8.39339339    -1.90544754    1.40587134
8.40840841    -1.90191892    1.41024588
8.42342342    -1.90772121    1.40884691
8.43843844    -1.91479854    1.39676223
8.45345345    -1.91590129    1.37830467
8.46846847    -1.91138845    1.35940152
8.48348348    -1.90365175    1.34123124
8.49849850    -1.89290238    1.32417983
8.51351351    -1.87969331    1.30946341
8.52852853    -1.86509905    1.29828280
8.54354354    -1.85177205    1.29159493
8.55855856    -1.84315366    1.28729733
8.57357357    -1.83962139    1.28098085
8.58858859    -1.83840454    1.26952166
8.60360360    -1.83547791    1.25212448
8.61861862    -1.82677003    1.23077856
8.63363363    -1.81038667    1.21026269
8.64864865    -1.78874971    1.19536806
8.66366366    -1.76629227    1.18706859
8.67867868    -1.74545580    1.18400146
8.69369369    -1.72753774    1.18531330
8.70870871    -1.71442504    1.19021196
8.72372372    -1.70863751    1.19601065
8.73873874    -1.70974992    1.19715949
8.75375375    -1.71219187    1.19074518
8.76876877    -1.71161393    1.17955756
8.78378378    -1.70785395    1.16648672
8.79879880    -1.70119764    1.15263235
8.81381381    -1.69196338    1.13898743
8.82882883    -1.68042730    1.12571770
8.84384384    -1.66561433    1.11372576
8.85885886    -1.64825603    1.10604291
8.87387387    -1.63256790    1.10356616
8.88888889    -1.62110234    1.10264204
8.90390390    -1.61167931    1.10016313
8.91891892    -1.60141621    1.09726204
8.93393393    -1.59100523    1.09676266
8.94894895    -1.58345134    1.09880621
8.96396396    -1.58070233    1.10097003
8.97897898    -1.58245143    1.09938080
8.99399399    -1.58414857    1.09137643
9.00900901    -1.58103080    1.08054635
9.02402402    -1.57492285    1.07178315
9.03903904    -1.56920615    1.06473327
9.05405405    -1.56425315    1.05817149
9.06906907    -1.56087455    1.05168313
9.08408408    -1.55931472    1.04304822
9.09909910    -1.55713167    1.03071815
9.11411411    -1.55148954    1.01580585
9.12912913    -1.54122925    1.00142686
9.14414414    -1.52834041    0.99034551
9.15915916    -1.51526178    0.98240191
9.17417417    -1.50310437    0.97714651
9.18918919    -1.49365853    0.97347597
9.20420420    -1.48686040    0.96829017
9.21921922    -1.47943193    0.96023023
9.23423423    -1.46863917    0.95199768
9.24924925    -1.45613315    0.94728173
9.26426426    -1.44556958    0.94583834
9.27927928    -1.43798428    0.94535475
9.29429429    -1.43318610    0.94454550
9.30930931    -1.43111745    0.94197384
9.32432432    -1.43030769    0.93570148
9.33933934    -1.42748345    0.92562544
9.35435435    -1.42040808    0.91469273
9.36936937    -1.41019146    0.90654724
9.38438438    -1.40039333    0.90243620
9.39939940    -1.39405505    0.90032817
9.41441441    -1.39142561    0.89672881
9.42942943    -1.39014725    0.88929076
9.44444444    -1.38678491    0.87816175
9.45945946    -1.37929707    0.86650180
9.47447447    -1.36961210    0.85751956
9.48948949    -1.36081086    0.85062882
9.50450450    -1.35319539    0.84363193
9.51951952    -1.34549028    0.83579499
9.53453454    -1.33673801    0.82763489
9.54954955    -1.32668739    0.82015646
9.56456456    -1.31590493    0.81434879
9.57957958    -1.30568480    0.81074006
9.59459460    -1.29785218    0.80854126
9.60960961    -1.29277986    0.80530900
9.62462462    -1.28873866    0.79959715
9.63963964    -1.28410385    0.79121103
9.65465465    -1.27649364    0.78075627
9.66966967    -1.26464796    0.77183992
9.68468469    -1.25167027    0.76760820
9.69969970    -1.24167598    0.76707139
9.71471471    -1.23641324    0.76669119
9.72972973    -1.23444176    0.76272114
9.74474475    -1.23173477    0.75383224
9.75975976    -1.22489749    0.74262707
9.77477477    -1.21443562    0.73278533
9.78978979    -1.20258805    0.72518832
9.80480480    -1.19011195    0.71955523
9.81981982    -1.17778892    0.71643849
9.83483484    -1.16751237    0.71543653
9.84984985    -1.16009240    0.71437186
9.86486486    -1.15438905    0.71154933
9.87987988    -1.14897154    0.70645515
9.89489490    -1.14227191    0.69914023
9.90990991    -1.13272918    0.69074391
9.92492492    -1.11979286    0.68340853
9.93993994    -1.10441154    0.67928000
9.95495495    -1.08872402    0.67975878
9.96996997    -1.07585593    0.68466073
9.98498499    -1.06823797    0.69121493
10.00000000    -1.06529849    0.69562626
10.01501501    -1.06397542    0.69614606
10.03003003    -1.06171308    0.69388189
10.04504505    -1.05806721    0.69047892
10.06006006    -1.05316581    0.68662641
10.07507508    -1.04696451    0.68305933
10.09009009    -1.03996449    0.68059605
10.10510510    -1.03311721    0.67958229
10.12012012    -1.02736302    0.67960505
10.13513514    -1.02292509    0.67990561
10.15015015    -1.01977279    0.68033783
10.16516516    -1.01888166    0.68049415
10.18018018    -1.02046927    0.67790023
10.19519520    -1.02146292    0.67074364
10.21021021    -1.01859376    0.66102324
10.22522523    -1.01164273    0.65208046
10.24024024    -1.00238684    0.64602641
10.25525525    -0.99331190    0.64332150
10.27027027    -0.98647785    0.64261335
10.28528529    -0.98215368    0.64149835
10.30030030    -0.97853168    0.63864755
10.31531531    -0.97410797    0.63502762
10.33033033    -0.96919782    0.63175278
10.34534535    -0.96439229    0.62888888
10.36036036    -0.95983541    0.62629964
10.37537538    -0.95567122    0.62411972
10.39039039    -0.95254403    0.62229402
10.40540540    -0.95088942    0.61981652
10.42042042    -0.94977808    0.61572350
10.43543544    -0.94812945    0.61067723
10.45045045    -0.94669913    0.60549872
10.46546546    -0.94623029    0.59895339
10.48048048    -0.94538814    0.58985778
10.49549550    -0.94255451    0.57858971
10.51051051    -0.93651246    0.56629099
10.52552553    -0.92687683    0.55512762
10.54054054    -0.91531891    0.54708093
10.55555556    -0.90437166    0.54194553
10.57057057    -0.89517816    0.53777442
10.58558559    -0.88676195    0.53275781
10.60060060    -0.87710853    0.52705113
10.61561562    -0.86559531    0.52264531
10.63063063    -0.85372940    0.52106678
10.64564565    -0.84370622    0.52192476
10.66066066    -0.83640655    0.52314773
10.67567568    -0.83065382    0.52321617
10.69069069    -0.82512975    0.52232931
10.70570571    -0.81956585    0.52136044
10.72072072    -0.81480968    0.52067584
10.73573574    -0.81152577    0.51906474
10.75075075    -0.80837640    0.51517244
10.76576577    -0.80342512    0.50975756
10.78078078    -0.79637558    0.50458550
10.79579580    -0.78799728    0.50071643
10.81081081    -0.77922837    0.49857952
10.82582583    -0.77108150    0.49812350
10.84084084    -0.76446321    0.49869798
10.85585586    -0.75961069    0.49903107
10.87087087    -0.75558375    0.49818731
10.88588589    -0.75125244    0.49653568
10.90090090    -0.74664259    0.49519350
10.91591592    -0.74307094    0.49428982
10.93093093    -0.74106401    0.49218760
10.94594595    -0.73914326    0.48757392
10.96096096    -0.73538230    0.48088102
10.97597598    -0.72871975    0.47367038
10.99099099    -0.71923999    0.46786232
11.00600601    -0.70837681    0.46508608
11.02102102    -0.69853648    0.46531686
11.03603604    -0.69083786    0.46671243
11.05105105    -0.68466175    0.46807304
11.06606607    -0.67954574    0.46916987
11.08108108    -0.67519120    0.46972763
11.09609610    -0.67107482    0.46970001
11.11111111    -0.66686639    0.46953250
11.12612613    -0.66292384    0.46966960
11.14114114    -0.65972275    0.46987411
11.15615616    -0.65733831    0.46983147
11.17117117    -0.65601712    0.46913415
11.18618619    -0.65547203    0.46674642
11.20120120    -0.65425006    0.46219045
11.21621622    -0.65094405    0.45649807
11.23123123    -0.64549526    0.45144607
11.24624625    -0.63925763    0.44816120
11.26126126    -0.63382691    0.44611272
11.27627628    -0.62932739    0.44384466
11.29129129    -0.62469935    0.44100910
11.30630631    -0.61963918    0.43834679
11.32132132    -0.61480169    0.43614559
11.33633634    -0.61063772    0.43370292
11.35135135    -0.60655148    0.43028273
11.36636637    -0.60167211    0.42603566
11.38138138    -0.59558159    0.42149488
11.39639640    -0.58804913    0.41724078
11.41141141    -0.57912890    0.41408425
11.42642643    -0.56936125    0.41274218
11.44144144    -0.55962167    0.41370239
11.45645646    -0.55124564    0.41687472
11.47147147    -0.54518723    0.42109144
11.48648649    -0.54125890    0.42511055
11.50150150    -0.53887555    0.42835378
11.51651652    -0.53760421    0.43063984
11.53153153    -0.53725225    0.43174286
11.54654655    -0.53737307    0.43116571
11.56156156    -0.53689701    0.42875112
11.57657658    -0.53476461    0.42542201
11.59159159    -0.53122397    0.42266686
11.60660661    -0.52751269    0.42083393
11.62162162    -0.52412495    0.41921080
11.63663664    -0.52072262    0.41752044
11.65165165    -0.51727505    0.41595783
11.66666667    -0.51394870    0.41453746
11.68168168    -0.51101494    0.41312735
11.69669670    -0.50849656    0.41107713
11.71171171    -0.50551846    0.40800701
11.72672673    -0.50126185    0.40463419
11.74174174    -0.49594366    0.40193902
11.75675676    -0.49019194    0.40021932
11.77177177    -0.48450878    0.39945275
11.78678679    -0.47921909    0.39922375
11.80180180    -0.47394644    0.39922390
11.81681682    -0.46831075    0.40001746
11.83183183    -0.46297293    0.40249878
11.84684685    -0.45943264    0.40642940
11.86186186    -0.45821931    0.41032778
11.87687688    -0.45860705    0.41330541
11.89189189    -0.46017499    0.41537874
11.90690691    -0.46304234    0.41624212
11.92192192    -0.46686183    0.41512319
11.93693694    -0.47066177    0.41161686
11.95195195    -0.47342455    0.40598424
11.96696697    -0.47450744    0.39892345
11.98198198    -0.47374923    0.39115818
11.99699700    -0.47110446    0.38318849
12.01201201    -0.46652145    0.37566512
12.02702703    -0.46032530    0.36934227
12.04204204    -0.45322771    0.36471420
12.05705706    -0.44597940    0.36185254
12.07207207    -0.43935569    0.36069468
12.08708709    -0.43425743    0.36051866
12.10210210    -0.43065167    0.36006065
12.11711712    -0.42772665    0.35870730
12.13213213    -0.42480243    0.35645121
12.14714715    -0.42128594    0.35344368
12.16216216    -0.41658780    0.35026388
12.17717718    -0.41067885    0.34794485
12.19219219    -0.40436822    0.34731695
12.20720721    -0.39885102    0.34841229
12.22222222    -0.39503563    0.35048763
12.23723724    -0.39315373    0.35244849
12.25225225    -0.39278396    0.35336932
12.26726727    -0.39315378    0.35275832
12.28228228    -0.39342645    0.35065353
12.29729730    -0.39314581    0.34748783
12.31231231    -0.39217584    0.34346914
12.32732733    -0.39003767    0.33878674
12.34234234    -0.38638838    0.33433830
12.35735736    -0.38189756    0.33104915
12.37237237    -0.37760188    0.32890119
12.38738739    -0.37404036    0.32727690
12.40240240    -0.37125120    0.32553526
12.41741742    -0.36898217    0.32308879
12.43243243    -0.36646731    0.31950401
12.44744745    -0.36262747    0.31520603
12.46246246    -0.35712206    0.31147453
12.47747748    -0.35076474    0.30940163
12.49249249    -0.34483504    0.30904393
12.50750751    -0.33998355    0.30965378
12.52252252    -0.33623203    0.31078818
12.53753754    -0.33396514    0.31213694
12.55255255    -0.33330195    0.31262516
12.56756757    -0.33319682    0.31149582
12.58258258    -0.33276043    0.30919856
12.59759760    -0.33193694    0.30610441
12.61261261    -0.33046949    0.30226985
12.62762763    -0.32814316    0.29809422
12.64264264    -0.32501231    0.29384185
12.65765766    -0.32103150    0.28975708
12.67267267    -0.31629394    0.28622493
12.68768769    -0.31118139    0.28359217
12.70270270    -0.30632522    0.28183950
12.71771772    -0.30214634    0.28040539
12.73273273    -0.29836783    0.27857410
12.74774775    -0.29411678    0.27628560
12.76276276    -0.28895834    0.27447626
12.77777778    -0.28367473    0.27396206
12.79279279    -0.27926126    0.27445576
12.80780781    -0.27607837    0.27521634
12.82282282    -0.27401177    0.27552964
12.83783784    -0.27255642    0.27492108
12.85285285    -0.27110735    0.27332552
12.86786787    -0.26913468    0.27097797
12.88288288    -0.26634547    0.26847349
12.89789790    -0.26307779    0.26643262
12.91291291    -0.25998477    0.26481302
12.92792793    -0.25717942    0.26311167
12.94294294    -0.25433793    0.26117413
12.95795796    -0.25129657    0.25921253
12.97297297    -0.24824445    0.25741055
12.98798799    -0.24542971    0.25553459
13.00300300    -0.24257010    0.25321760
13.01801802    -0.23918076    0.25069199
13.03303303    -0.23530567    0.24845992
13.04804805    -0.23129514    0.24670441
13.06306306    -0.22744323    0.24536441
13.07807808    -0.22398709    0.24420571
13.09309309    -0.22083447    0.24283002
13.10810811    -0.21762843    0.24124285
13.12312312    -0.21443422    0.23961958
13.13813814    -0.21124795    0.23768412
13.15315315    -0.20752842    0.23547827
13.16816817    -0.20316312    0.23370636
13.18318318    -0.19879880    0.23274375
13.19819820    -0.19501968    0.23221048
13.21321321    -0.19178800    0.23148452
13.22822823    -0.18861765    0.23033032
13.24324324    -0.18512428    0.22898410
13.25825826    -0.18123176    0.22786677
13.27327327    -0.17728225    0.22737450
13.28828829    -0.17389330    0.22736321
13.30330330    -0.17114101    0.22721109
13.31831832    -0.16860511    0.22678921
13.33333333    -0.16636295    0.22632145
13.34834835    -0.16468607    0.22542610
13.36336336    -0.16309144    0.22355123
13.37837838    -0.16080277    0.22094894
13.39339339    -0.15772221    0.21831607
13.40840841    -0.15425733    0.21587453
13.42342342    -0.15043917    0.21338034
13.43843844    -0.14589104    0.21103563
13.45345345    -0.14078055    0.20943945
13.46846847    -0.13568711    0.20870128
13.48348348    -0.13093041    0.20854400
13.49849850    -0.12650069    0.20870932
13.51351351    -0.12234429    0.20925331
13.52852853    -0.11877231    0.21016509
13.54354354    -0.11593012    0.21099059
13.55855856    -0.11345519    0.21140763
13.57357357    -0.11100294    0.21163950
13.58858859    -0.10879775    0.21199694
13.60360360    -0.10725799    0.21221488
13.61861862    -0.10629723    0.21168336
13.63363363    -0.10534421    0.21006486
13.64864865    -0.10372320    0.20750180
13.66366366    -0.10103569    0.20459141
13.67867868    -0.09747631    0.20194273
13.69369369    -0.09344987    0.19963486
13.70870871    -0.08889750    0.19750297
13.72372372    -0.08354953    0.19592110
13.73873874    -0.07781882    0.19553141
13.75375375    -0.07256743    0.19625071
13.76876877    -0.06803265    0.19738513
13.78378378    -0.06385604    0.19873214
13.79879880    -0.06010760    0.20050608
13.81381381    -0.05707233    0.20251440
13.82882883    -0.05471160    0.20448916
13.84384384    -0.05303275    0.20632865
13.85885886    -0.05210174    0.20771695
13.87387387    -0.05159294    0.20823835
13.88888889    -0.05096989    0.20792499
13.90390390    -0.05001988    0.20703669
13.91891892    -0.04861831    0.20567640
13.93393393    -0.04650856    0.20406069
13.94894895    -0.04362939    0.20265431
13.96396396    -0.04025640    0.20186678
13.97897898    -0.03686849    0.20186852
13.99399399    -0.03399791    0.20244763
14.00900901    -0.03180284    0.20302002
14.02402402    -0.02992029    0.20320566
14.03903904    -0.02797438    0.20307871
14.05405405    -0.02585708    0.20286065
14.06906907    -0.02361732    0.20268813
14.08408408    -0.02130917    0.20259823
14.09909910    -0.01894975    0.20264305
14.11411411    -0.01662181    0.20286161
14.12912913    -0.01435588    0.20324465
14.14414414    -0.01222758    0.20387533
14.15915916    -0.01046223    0.20470725
14.17417417    -0.00916756    0.20547647
14.18918919    -0.00819355    0.20591957
14.20420420    -0.00723035    0.20600031
14.21921922    -0.00609229    0.20597363
14.23423423    -0.00491973    0.20611115
14.24924925    -0.00402880    0.20646969
14.26426426    -0.00375951    0.20678403
14.27927928    -0.00408734    0.20649021
14.29429429    -0.00450493    0.20525922
14.30930931    -0.00449965    0.20323042
14.32432432    -0.00383088    0.20073004
14.33933934    -0.00242211    0.19802250
14.35435435    -0.00018168    0.19540651
14.36936937    0.00277479    0.19334503
14.38438438    0.00596210    0.19211785
14.39939940    0.00887497    0.19156579
14.41441441    0.01131785    0.19128340
14.42942943    0.01346538    0.19096862
14.44444444    0.01549657    0.19072662
14.45945946    0.01712811    0.19062643
14.47447447    0.01817776    0.19012581
14.48948949    0.01927722    0.18872528
14.50450450    0.02121256    0.18683916
14.51951952    0.02400273    0.18524605
14.53453454    0.02723373    0.18433052
14.54954955    0.03048997    0.18416779
14.56456456    0.03344165    0.18463861
14.57957958    0.03590553    0.18554611
14.59459460    0.03777762    0.18673717
14.60960961    0.03885733    0.18802012
14.62462462    0.03906121    0.18886876
14.63963964    0.03891293    0.18881025
14.65465465    0.03900917    0.18810282
14.66966967    0.03929608    0.18709909
14.68468469    0.03977480    0.18567713
14.69969970    0.04080259    0.18397376
14.71471471    0.04241455    0.18248074
14.72972973    0.04424293    0.18153624
14.74474475    0.04576044    0.18109566
14.75975976    0.04667960    0.18068952
14.77477477    0.04720729    0.17987841
14.78978979    0.04765557    0.17858784
14.80480480    0.04817956    0.17678630
14.81981982    0.04913402    0.17440404
14.83483484    0.05100445    0.17183492
14.84984985    0.05372558    0.16988335
14.86486486    0.05651849    0.16900473
14.87987988    0.05853507    0.16880795
14.89489490    0.05962957    0.16842522
14.90990991    0.06030215    0.16732563
14.92492492    0.06110178    0.16547054
14.93993994    0.06246509    0.16305833
14.95495495    0.06467304    0.16056528
14.96996997    0.06754965    0.15854318
14.98498499    0.07065723    0.15720950
15.00000000    0.07357999    0.15649641

