# omega (eV)     <Re(Eps)>     <Im(Eps)>
0.00000000    12.16208035    0.00000000
0.01501501    12.16370067    0.01140749
0.03003003    12.16858092    0.02297334
0.04504504    12.17677959    0.03486338
0.06006006    12.18839653    0.04725904
0.07507508    12.20357654    0.06036705
0.09009009    12.22251465    0.07443149
0.10510511    12.24546335    0.08974986
0.12012012    12.27274192    0.10669506
0.13513513    12.30474808    0.12574647
0.15015015    12.34197175    0.14753510
0.16516517    12.38500977    0.17291056
0.18018018    12.43457834    0.20304271
0.19519519    12.49151437    0.23957886
0.21021021    12.55674448    0.28489139
0.22522523    12.63117045    0.34247219
0.24024024    12.71534832    0.41756036
0.25525526    12.80866809    0.51810918
0.27027027    12.90734342    0.65610596
0.28528528    12.99969904    0.84862146
0.30030030    13.05622324    1.11529133
0.31531531    13.01470326    1.46102090
0.33033033    12.78511742    1.82515749
0.34534535    12.34636836    2.03571465
0.36036036    11.87800800    1.94696516
0.37537538    11.60212432    1.65216158
0.39039039    11.54583325    1.34314044
0.40540540    11.62326687    1.11285446
0.42042042    11.76220954    0.97123846
0.43543543    11.92551311    0.90488732
0.45045045    12.09614993    0.90224318
0.46546547    12.26386848    0.95810113
0.48048048    12.41858372    1.07108022
0.49549550    12.54984888    1.24286844
0.51051051    12.63870982    1.48487997
0.52552553    12.62991090    1.80340436
0.54054054    12.43783800    2.13458993
0.55555556    12.06011367    2.30949237
0.57057057    11.68334359    2.21432625
0.58558559    11.50034864    1.96341294
0.60060060    11.51361553    1.74154805
0.61561562    11.62312371    1.63672923
0.63063063    11.72993992    1.65398837
0.64564565    11.75860096    1.74493010
0.66066066    11.69035672    1.81963332
0.67567568    11.58400590    1.81717219
0.69069069    11.49890585    1.74459779
0.70570571    11.47122648    1.62331779
0.72072072    11.52784968    1.50018807
0.73573574    11.64634168    1.43107770
0.75075075    11.77477632    1.42870396
0.76576577    11.88428716    1.46396796
0.78078078    11.99120194    1.51591242
0.79579580    12.10819568    1.61052668
0.81081081    12.19620928    1.77532897
0.82582583    12.19720668    1.98277040
0.84084084    12.10016331    2.16211739
0.85585586    11.94758112    2.26502449
0.87087087    11.79577180    2.27791420
0.88588589    11.70653790    2.23610943
0.90090090    11.67317372    2.22021873
0.91591592    11.61736131    2.24395883
0.93093093    11.51302338    2.23676053
0.94594595    11.41679915    2.16408900
0.96096096    11.36237346    2.05550338
0.97597598    11.35032454    1.92521966
0.99099099    11.39905420    1.78387387
1.00600601    11.51527556    1.67210838
1.02102102    11.66390664    1.62067340
1.03603604    11.80915804    1.61603821
1.05105105    11.95488009    1.63730741
1.06606607    12.11008516    1.69890614
1.08108108    12.25003322    1.81612756
1.09609610    12.34979131    1.97366108
1.11111111    12.40575455    2.15904983
1.12612613    12.39712998    2.36892997
1.14114114    12.29973201    2.56091658
1.15615616    12.13991129    2.68431349
1.17117117    11.96114136    2.72574190
1.18618619    11.79886198    2.69289645
1.20120120    11.66900336    2.60303727
1.21621622    11.58994025    2.45281997
1.23123123    11.61332341    2.27052570
1.24624625    11.74338096    2.14067503
1.26126126    11.90915105    2.11741262
1.27627628    12.02872323    2.18146663
1.29129129    12.06537443    2.26529604
1.30630631    12.03849381    2.30165642
1.32132132    12.00969367    2.25313676
1.33633634    12.05295665    2.14499112
1.35135135    12.19136015    2.04781018
1.36636637    12.39442505    2.01378145
1.38138138    12.62490473    2.05801004
1.39639640    12.85818050    2.19144050
1.41141141    13.04958332    2.42975142
1.42642643    13.13001444    2.75128302
1.44144144    13.05217717    3.07994994
1.45645646    12.83077514    3.31429795
1.47147147    12.55347457    3.38446326
1.48648649    12.32699701    3.30487610
1.50150150    12.20615902    3.14515107
1.51651652    12.19282009    2.96959855
1.53153153    12.26959632    2.82626143
1.54654655    12.39054579    2.75351014
1.56156156    12.48938226    2.73379018
1.57657658    12.55767818    2.69965923
1.59159159    12.65324883    2.62348442
1.60660661    12.82415782    2.54540656
1.62162162    13.06062536    2.52766926
1.63663664    13.30998927    2.59176563
1.65165165    13.54607105    2.71341940
1.66666667    13.77995685    2.89636966
1.68168168    13.97917826    3.17903610
1.69669670    14.06007030    3.55000613
1.71171171    13.96006396    3.92162629
1.72672673    13.69537765    4.16113172
1.74174174    13.39987287    4.17535261
1.75675676    13.23359214    4.02049650
1.77177177    13.23990179    3.83611690
1.78678679    13.35604404    3.71896746
1.80180180    13.49363919    3.67191354
1.81681682    13.62980118    3.63782225
1.83183183    13.80483180    3.59785149
1.84684685    14.04410875    3.58488328
1.86186186    14.33867438    3.63865915
1.87687688    14.66001503    3.78892040
1.89189189    14.96374167    4.05496045
1.90690691    15.18552917    4.43284039
1.92192192    15.25580372    4.87029888
1.93693694    15.14855948    5.25457203
1.95195195    14.94393137    5.47023659
1.96696697    14.78332832    5.50675273
1.98198198    14.75783211    5.44081162
1.99699700    14.89977585    5.37335399
2.01201201    15.17064959    5.41094771
2.02702703    15.46518958    5.59365951
2.04204204    15.70791154    5.86402616
2.05705706    15.92078752    6.16222681
2.07207207    16.13585528    6.51030026
2.08708709    16.32137489    6.92988581
2.10210210    16.46236563    7.39559381
2.11711712    16.57699826    7.91719953
2.13213213    16.63021309    8.53294621
2.14714715    16.55250001    9.22050949
2.16216216    16.31933355    9.92189354
2.17717718    15.91841764    10.59011335
2.19219219    15.35244467    11.14516407
2.20720721    14.69276979    11.51567240
2.22222222    14.03467005    11.69399829
2.23723724    13.45189906    11.72185240
2.25225225    12.97474973    11.66272894
2.26726727    12.60176033    11.56002712
2.28228228    12.34680014    11.45006295
2.29729730    12.20464024    11.41455254
2.31231231    12.08157246    11.52764307
2.32732733    11.83169847    11.75752337
2.34234234    11.38459983    11.94020063
2.35735736    10.85642491    11.92168034
2.37237237    10.41562738    11.72888450
2.38738739    10.11390780    11.46609189
2.40240240    9.94729071    11.20552624
2.41741742    9.88451647    11.01139885
2.43243243    9.86374257    10.90996907
2.44744745    9.83989665    10.88503482
2.46246246    9.80390228    10.92839768
2.47747748    9.71225718    11.06356334
2.49249249    9.47002755    11.24249337
2.50750751    9.06361279    11.31847472
2.52252252    8.61993681    11.19653165
2.53753754    8.26447239    10.91532843
2.55255255    8.05086137    10.54687514
2.56756757    8.00884183    10.17065654
2.58258258    8.11124983    9.88765447
2.59759760    8.26985305    9.74515421
2.61261261    8.41100318    9.73305578
2.62762763    8.47016810    9.82024160
2.64264264    8.40647832    9.92530304
2.65765766    8.26358827    9.96018655
2.67267267    8.13041565    9.91936958
2.68768769    8.03903730    9.86422456
2.70270270    7.95647784    9.83035545
2.71771772    7.84847487    9.80518851
2.73273273    7.70866115    9.75156171
2.74774775    7.57137540    9.64366068
2.76276276    7.47324603    9.49502023
2.77777778    7.43375031    9.33498335
2.79279279    7.44699466    9.20743626
2.80780781    7.46718906    9.13282351
2.82282282    7.45921835    9.08139940
2.83783784    7.43164986    9.01985813
2.85285285    7.40476070    8.93916843
2.86786787    7.39780245    8.84110038
2.88288288    7.43024039    8.74456737
2.89789790    7.49660864    8.68670435
2.91291291    7.55592645    8.68561482
2.92792793    7.56854702    8.71310492
2.94294294    7.54358925    8.72435449
2.95795796    7.51340372    8.71697169
2.97297297    7.48069154    8.70851415
2.98798799    7.42970501    8.70035705
3.00300300    7.35055600    8.66871160
3.01801802    7.26612336    8.58546063
3.03303303    7.21891188    8.45186076
3.04804805    7.23933105    8.30581397
3.06306306    7.31468119    8.19693327
3.07807808    7.40069106    8.14364179
3.09309309    7.45874183    8.12441492
3.10810811    7.48561841    8.09614223
3.12312312    7.51954639    8.03734002
3.13813814    7.59351645    7.97767386
3.15315315    7.69095676    7.95379612
3.16816817    7.78363706    7.96597745
3.18318318    7.86200680    8.00556250
3.19819820    7.91687175    8.07494037
3.21321321    7.91586317    8.16768527
3.22822823    7.83390651    8.22744450
3.24324324    7.72071555    8.18413732
3.25825826    7.67486118    8.04952735
3.27327327    7.72755347    7.91413150
3.28828829    7.82619921    7.82723473
3.30330330    7.93547710    7.77807825
3.31831832    8.04266594    7.75908875
3.33333333    8.13710509    7.75534424
3.34834835    8.22613485    7.75642904
3.36336336    8.30866371    7.76324643
3.37837838    8.38555980    7.76412628
3.39339339    8.47078762    7.75657597
3.40840841    8.57691827    7.74831478
3.42342342    8.70786745    7.76766035
3.43843844    8.82086291    7.83362391
3.45345345    8.87970005    7.89929075
3.46846847    8.92103513    7.91392820
3.48348348    8.99894300    7.89393402
3.49849850    9.11655989    7.87992788
3.51351351    9.25987489    7.88315777
3.52852853    9.42462827    7.91833857
3.54354354    9.57582453    7.99856547
3.55855856    9.68124608    8.08188280
3.57357357    9.77647851    8.12345944
3.58858859    9.90619130    8.14287129
3.60360360    10.06816284    8.17050979
3.61861862    10.25370933    8.21357779
3.63363363    10.45636973    8.28271947
3.64864865    10.65064540    8.37705739
3.66366366    10.82884635    8.45575286
3.67867868    11.04465173    8.49341825
3.69369369    11.34921607    8.53845646
3.70870871    11.72508809    8.65574499
3.72372372    12.12481550    8.86509248
3.73873874    12.51323119    9.15585387
3.75375375    12.87778879    9.49884759
3.76876877    13.24988800    9.88203799
3.78378378    13.64519779    10.36006900
3.79879880    13.99472978    10.97984427
3.81381381    14.21440815    11.70115676
3.82882883    14.28585818    12.44017427
3.84384384    14.24814535    13.13931332
3.85885886    14.15405034    13.78859563
3.87387387    14.03003246    14.41666506
3.88888889    13.85604386    15.04111083
3.90390390    13.61836233    15.63197164
3.91891892    13.35395034    16.16499865
3.93393393    13.09539153    16.66896436
3.94894895    12.82937738    17.16954876
3.96396396    12.54689478    17.66481457
3.97897898    12.24480316    18.16057635
3.99399399    11.90818035    18.65472860
4.00900901    11.52790397    19.12857533
4.02402402    11.11441778    19.55011662
4.03903904    10.72163358    19.89926906
4.05405405    10.41565158    20.22530827
4.06906907    10.19198017    20.62150771
4.08408408    9.98231618    21.13879732
4.09909910    9.72957669    21.76736436
4.11411411    9.42608629    22.51069476
4.12912913    9.01665007    23.43244141
4.14414414    8.34249672    24.52994375
4.15915916    7.27821884    25.65844245
4.17417417    5.81137681    26.65332672
4.18918919    3.94804356    27.35446956
4.20420420    1.79611828    27.52792155
4.21921922    -0.33279550    27.04107349
4.23423423    -2.10566366    26.02721741
4.24924925    -3.39087407    24.79273175
4.26426426    -4.30675119    23.59175059
4.27927928    -5.05772728    22.44234501
4.29429429    -5.65637915    21.20178031
4.30930931    -5.92171312    19.89376694
4.32432432    -5.81665687    18.76256667
4.33933934    -5.53692601    17.97122733
4.35435435    -5.29506100    17.49231049
4.36936937    -5.22098434    17.21228372
4.38438438    -5.37683943    16.97649032
4.39939940    -5.72016598    16.59751751
4.41441441    -6.05718009    15.95951636
4.42942943    -6.17133919    15.16236502
4.44444444    -6.03886872    14.40965579
4.45945946    -5.75340828    13.79926101
4.47447447    -5.39296275    13.36511573
4.48948949    -5.04789333    13.11735766
4.50450450    -4.80369346    13.00651240
4.51951952    -4.69033480    12.95149650
4.53453453    -4.70164983    12.89051169
4.54954955    -4.82656592    12.75980439
4.56456457    -5.00724485    12.47888574
4.57957958    -5.10867519    12.01946163
4.59459460    -5.00117430    11.48328882
4.60960961    -4.68244312    11.03528630
4.62462463    -4.25551790    10.77580284
4.63963964    -3.83663567    10.71196273
4.65465465    -3.50071034    10.79922950
4.66966967    -3.28923644    10.98696692
4.68468468    -3.22885894    11.21241416
4.69969970    -3.30414911    11.40155526
4.71471472    -3.45904625    11.52139370
4.72972973    -3.66370655    11.58929729
4.74474475    -3.93726535    11.60518385
4.75975976    -4.28744101    11.51026479
4.77477478    -4.64136431    11.23434670
4.78978979    -4.86983385    10.79632794
4.80480480    -4.90457582    10.31332032
4.81981982    -4.78189503    9.89855629
4.83483483    -4.58419518    9.59528140
4.84984985    -4.37325491    9.38724889
4.86486487    -4.17051693    9.24627020
4.87987988    -3.97930884    9.15966597
4.89489490    -3.80679514    9.12630617
4.90990991    -3.66793212    9.14272973
4.92492493    -3.57711558    9.19725514
4.93993994    -3.54270089    9.27695331
4.95495495    -3.57731713    9.37115992
4.96996997    -3.70204427    9.45453083
4.98498498    -3.92306360    9.47183956
5.00000000    -4.19533306    9.36220771
5.01501502    -4.43704959    9.11350655
5.03003003    -4.58412471    8.76630873
5.04504505    -4.60937680    8.38047769
5.06006006    -4.51966908    8.01556866
5.07507507    -4.35099633    7.71152954
5.09009009    -4.14509618    7.47408252
5.10510510    -3.92261197    7.28888447
5.12012012    -3.68522517    7.14732101
5.13513513    -3.42919119    7.05390307
5.15015015    -3.16105029    7.03021702
5.16516517    -2.91778306    7.09142074
5.18018018    -2.74093496    7.21670944
5.19519520    -2.64677614    7.36699831
5.21021021    -2.62899932    7.50888624
5.22522522    -2.67677891    7.62216643
5.24024024    -2.78102079    7.68284648
5.25525525    -2.91211922    7.66265492
5.27027027    -3.01841591    7.56270496
5.28528528    -3.07398078    7.42208686
5.30030030    -3.08953058    7.26140491
5.31531532    -3.05746724    7.07950968
5.33033033    -2.96163204    6.90002497
5.34534535    -2.81305532    6.75204638
5.36036036    -2.63035857    6.64551016
5.37537537    -2.42542199    6.58370539
5.39039039    -2.20734013    6.56953016
5.40540540    -1.98334826    6.60903247
5.42042042    -1.77055674    6.71410578
5.43543543    -1.60323556    6.88239572
5.45045045    -1.50892803    7.08140487
5.46546547    -1.48075259    7.26830367
5.48048048    -1.48781823    7.42695117
5.49549550    -1.51331466    7.56599910
5.51051051    -1.55769268    7.68711926
5.52552553    -1.61172466    7.77842109
5.54054054    -1.64740831    7.84347184
5.55555556    -1.64962203    7.91240234
5.57057057    -1.62899192    8.01642213
5.58558559    -1.61295130    8.17554130
5.60060060    -1.63718149    8.38868783
5.61561562    -1.72636187    8.64001721
5.63063063    -1.90679585    8.91360663
5.64564565    -2.21107845    9.16376529
5.66066066    -2.62819352    9.31089404
5.67567568    -3.08322657    9.30226790
5.69069069    -3.49209088    9.15474257
5.70570571    -3.81352922    8.92081438
5.72072072    -4.03888242    8.64886311
5.73573574    -4.17719701    8.38250817
5.75075075    -4.26328348    8.15225137
5.76576577    -4.33638028    7.94867203
5.78078078    -4.40046960    7.74520118
5.79579580    -4.44111795    7.53659324
5.81081081    -4.45139022    7.32949665
5.82582583    -4.42678379    7.13221368
5.84084084    -4.36714781    6.96078678
5.85585586    -4.28767181    6.83003583
5.87087087    -4.20723711    6.73927580
5.88588589    -4.13652636    6.68351777
5.90090090    -4.08842919    6.65841916
5.91591592    -4.07676243    6.64833332
5.93093093    -4.10011712    6.62801011
5.94594595    -4.13802491    6.58290453
5.96096096    -4.17205259    6.52029261
5.97597598    -4.20059910    6.45065713
5.99099099    -4.22369576    6.37590584
6.00600601    -4.23857499    6.30261739
6.02102102    -4.25441821    6.23965410
6.03603604    -4.28700391    6.17934583
6.05105105    -4.33701862    6.09966155
6.06606607    -4.38172169    5.98513349
6.08108108    -4.39248521    5.84988524
6.09609610    -4.36962802    5.72441638
6.11111111    -4.33354467    5.61664502
6.12612613    -4.28830061    5.51795699
6.14114114    -4.22810837    5.43457289
6.15615616    -4.16352230    5.37771864
6.17117117    -4.10895834    5.34361618
6.18618619    -4.07028152    5.32490446
6.20120120    -4.05393804    5.31518980
6.21621622    -4.06457060    5.29861761
6.23123123    -4.08839910    5.25661118
6.24624625    -4.10005917    5.19244828
6.26126126    -4.09217845    5.12838259
6.27627628    -4.07809730    5.07716945
6.29129129    -4.07032154    5.03495421
6.30630631    -4.07178924    4.99330868
6.32132132    -4.08005780    4.94747793
6.33633634    -4.09469433    4.89468199
6.35135135    -4.11212072    4.82719223
6.36636637    -4.11811848    4.74350490
6.38138138    -4.10411128    4.65820936
6.39639640    -4.07955594    4.58264837
6.41141141    -4.05243215    4.51305847
6.42642643    -4.02087374    4.44650202
6.44144144    -3.98384820    4.38634444
6.45645646    -3.94583155    4.33471324
6.47147147    -3.90966167    4.28831519
6.48648649    -3.87383685    4.24529343
6.50150150    -3.83689807    4.20641526
6.51651652    -3.79888380    4.17475452
6.53153153    -3.76358901    4.15227200
6.54654655    -3.73383221    4.13902288
6.56156156    -3.71619108    4.13703964
6.57657658    -3.72330860    4.13783750
6.59159159    -3.75414179    4.11986370
6.60660661    -3.78818396    4.07176381
6.62162162    -3.80702236    4.00348969
6.63663664    -3.80999120    3.92965753
6.65165165    -3.80235409    3.85304919
6.66666667    -3.78183489    3.77354212
6.68168168    -3.74611515    3.69674762
6.69669670    -3.69712735    3.62840245
6.71171171    -3.63849575    3.57260084
6.72672673    -3.57446604    3.53177305
6.74174174    -3.50958134    3.50824895
6.75675676    -3.45128600    3.50277137
6.77177177    -3.40677231    3.51138780
6.78678679    -3.38052953    3.52795209
6.80180180    -3.37505520    3.54544287
6.81681682    -3.39153736    3.55493305
6.83183183    -3.42565573    3.54397993
6.84684685    -3.46273277    3.50428335
6.86186186    -3.48619081    3.44062909
6.87687688    -3.48814656    3.36534850
6.89189189    -3.46900889    3.28986742
6.90690691    -3.43240187    3.22113439
6.92192192    -3.38128440    3.16575188
6.93693694    -3.32503737    3.13150701
6.95195195    -3.27893805    3.11493827
6.96696697    -3.24769139    3.10160259
6.98198198    -3.22249964    3.08250344
6.99699700    -3.19432501    3.06225777
7.01201201    -3.16678073    3.04937403
7.02702703    -3.14958543    3.04151812
7.04204204    -3.14536653    3.02816615
7.05705706    -3.14744093    2.99916213
7.07207207    -3.14098585    2.95142263
7.08708709    -3.11153669    2.89629015
7.10210210    -3.05882953    2.85369703
7.11711712    -2.99762945    2.83682944
7.13213213    -2.94633893    2.84372217
7.14714715    -2.91393088    2.86178900
7.16216216    -2.89852978    2.88101912
7.17717718    -2.89764903    2.89795670
7.19219219    -2.91197662    2.90868797
7.20720721    -2.94006746    2.90553116
7.22222222    -2.97457801    2.88158156
7.23723724    -3.00498636    2.83455291
7.25225225    -3.01923288    2.76780713
7.26726727    -3.00868338    2.69307734
7.28228228    -2.97500626    2.62417813
7.29729730    -2.92582498    2.56859871
7.31231231    -2.86796477    2.52927243
7.32732733    -2.80925109    2.50765182
7.34234234    -2.75776556    2.49897866
7.35735736    -2.71385286    2.49499984
7.37237237    -2.67177302    2.49347479
7.38738739    -2.62904030    2.49983698
7.40240240    -2.59128343    2.51930240
7.41741742    -2.56778556    2.55091485
7.43243243    -2.56687613    2.58626701
7.44744745    -2.58863771    2.61120243
7.46246246    -2.62343247    2.61593136
7.47747748    -2.65983297    2.59870631
7.49249249    -2.68879071    2.56314786
7.50750751    -2.70524309    2.51534657
7.52252252    -2.70745833    2.46094602
7.53753754    -2.69400098    2.40412297
7.55255255    -2.66265175    2.35240966
7.56756757    -2.61939419    2.31709697
7.58258258    -2.57939858    2.29944979
7.59759760    -2.55008104    2.28684367
7.61261261    -2.52316686    2.27048123
7.62762763    -2.49113743    2.25601231
7.64264264    -2.45791855    2.25027072
7.65765766    -2.42999033    2.25213429
7.67267267    -2.40921896    2.25731132
7.68768769    -2.39496230    2.26365793
7.70270270    -2.38798016    2.27008493
7.71771772    -2.38951636    2.27305024
7.73273273    -2.39659261    2.26721670
7.74774775    -2.40227900    2.25243461
7.76276276    -2.40447365    2.23366287
7.77777778    -2.40578137    2.21184644
7.79279279    -2.40518650    2.18389484
7.80780781    -2.39699309    2.15016446
7.82282282    -2.37822232    2.11748614
7.83783784    -2.35359284    2.09152718
7.85285285    -2.32825489    2.07059413
7.86786787    -2.30106272    2.05209605
7.88288288    -2.27075838    2.03930553
7.89789790    -2.24242745    2.03469378
7.91291291    -2.22020739    2.03406902
7.92792793    -2.20261162    2.03381250
7.94294294    -2.18852558    2.03376806
7.95795796    -2.17866016    2.03332573
7.97297297    -2.17354417    2.02981532
7.98798799    -2.16981366    2.01955146
8.00300300    -2.16130385    2.00471222
8.01801802    -2.14859325    1.99161374
8.03303303    -2.13667946    1.98018197
8.04804805    -2.12516873    1.96626698
8.06306306    -2.10975169    1.94978316
8.07807808    -2.08826819    1.93466615
8.09309309    -2.06194213    1.92545028
8.10810811    -2.03586014    1.92561106
8.12312312    -2.01743753    1.93213484
8.13813814    -2.00712104    1.93704473
8.15315315    -1.99984335    1.93723576
8.16816817    -1.99202890    1.93364077
8.18318318    -1.98205102    1.92841466
8.19819820    -1.97024974    1.92255775
8.21321321    -1.95457570    1.91604916
8.22822823    -1.93267965    1.91336047
8.24324324    -1.90745917    1.92056053
8.25825826    -1.88637970    1.94077962
8.27327327    -1.87895727    1.97033960
8.28828829    -1.88862692    1.99859354
8.30330330    -1.91007425    2.01763065
8.31831832    -1.93774896    2.02620942
8.33333333    -1.96925459    2.02331595
8.34834835    -1.99997032    2.00600950
8.36336336    -2.02055279    1.97548136
8.37837838    -2.02485328    1.94255065
8.39339339    -2.01958098    1.91814687
8.40840841    -2.01475734    1.90098706
8.42342342    -2.01186693    1.88542582
8.43843844    -2.00899832    1.87015961
8.45345345    -2.00595143    1.85589950
8.46846847    -2.00386140    1.84243227
8.48348348    -2.00311788    1.82804945
8.49849850    -2.00188758    1.81113986
8.51351351    -1.99736131    1.79302488
8.52852853    -1.98950054    1.77687849
8.54354354    -1.98034617    1.76462471
8.55855856    -1.97299321    1.75660919
8.57357357    -1.97007050    1.75051793
8.58858859    -1.97172493    1.74310044
8.60360360    -1.97620174    1.73191444
8.61861862    -1.98059171    1.71623368
8.63363363    -1.98245158    1.69768324
8.64864865    -1.98173150    1.67887641
8.66366366    -1.98031270    1.66104075
8.67867868    -1.98039819    1.64302525
8.69369369    -1.98158414    1.62151984
8.70870871    -1.98012275    1.59577751
8.72372372    -1.97433158    1.56814776
8.73873874    -1.96381331    1.53954969
8.75375375    -1.94655206    1.51207618
8.76876877    -1.92349851    1.49099084
8.78378378    -1.90062931    1.47834996
8.79879880    -1.88208998    1.47072214
8.81381381    -1.86786043    1.46469048
8.82882883    -1.85744117    1.45896756
8.84384384    -1.85117955    1.45123534
8.85885886    -1.84574063    1.43793262
8.87387387    -1.83472299    1.42153614
8.88888889    -1.81856042    1.40955982
8.90390390    -1.80367379    1.40415596
8.91891892    -1.79442262    1.40186597
8.93393393    -1.79094871    1.39774970
8.94894895    -1.78984813    1.38937932
8.96396396    -1.78921147    1.37769675
8.97897898    -1.78874064    1.36171866
8.99399399    -1.78446835    1.34062692
9.00900901    -1.77312737    1.31923165
9.02402402    -1.75793929    1.30250076
9.03903904    -1.74374951    1.28957338
9.05405405    -1.73110740    1.27693540
9.06906907    -1.71775802    1.26378173
9.08408408    -1.70297626    1.25175333
9.09909910    -1.68796852    1.24164693
9.11411411    -1.67358057    1.23307510
9.12912913    -1.66048178    1.22540872
9.14414414    -1.64851081    1.21721856
9.15915916    -1.63590464    1.20794940
9.17417417    -1.62112975    1.19957669
9.18918919    -1.60629080    1.19458477
9.20420420    -1.59431148    1.19110686
9.21921922    -1.58389352    1.18642971
9.23423423    -1.57268627    1.18138232
9.24924925    -1.56126443    1.17841234
9.26426426    -1.55254067    1.17744636
9.27927928    -1.54745678    1.17556174
9.29429429    -1.54408025    1.17085248
9.30930931    -1.54041646    1.16377057
9.32432432    -1.53585496    1.15560918
9.33933934    -1.53123473    1.14750646
9.35435435    -1.52842756    1.13830064
9.36936937    -1.52604321    1.12483978
9.38438438    -1.52011717    1.10753398
9.39939940    -1.50934162    1.08929971
9.41441441    -1.49396134    1.07187757
9.42942943    -1.47367492    1.05702457
9.44444444    -1.44923560    1.04792042
9.45945946    -1.42431796    1.04760984
9.47447447    -1.40538323    1.05575949
9.48948949    -1.39723736    1.06630383
9.50450450    -1.39835332    1.07138337
9.51951952    -1.40221982    1.06705731
9.53453454    -1.40237711    1.05537919
9.54954955    -1.39691128    1.04117993
9.56456456    -1.38718522    1.02726384
9.57957958    -1.37432763    1.01415047
9.59459460    -1.35792743    1.00231738
9.60960961    -1.33813422    0.99402178
9.62462462    -1.31734156    0.99062312
9.63963964    -1.29735496    0.99158615
9.65465465    -1.27916188    0.99654212
9.66966967    -1.26381737    1.00540630
9.68468469    -1.25365827    1.01827605
9.69969970    -1.25259326    1.03210712
9.71471471    -1.26064141    1.03955424
9.72972973    -1.27079344    1.03528796
9.74474475    -1.27401175    1.02169961
9.75975976    -1.26658264    1.00717368
9.77477477    -1.25230168    0.99938634
9.78978979    -1.23887614    1.00032247
9.80480480    -1.23249159    1.00543634
9.81981982    -1.23292348    1.00724232
9.83483484    -1.23407385    1.00228206
9.84984985    -1.23041145    0.99367882
9.86486486    -1.22176613    0.98715334
9.87987988    -1.21242996    0.98547589
9.89489490    -1.20648905    0.98668819
9.90990991    -1.20425134    0.98680969
9.92492492    -1.20300743    0.98415514
9.93993994    -1.20090245    0.97958480
9.95495495    -1.19713083    0.97409004
9.96996997    -1.19129396    0.96928294
9.98498499    -1.18460712    0.96673880
10.00000000    -1.17883375    0.96659517
10.01501501    -1.17546823    0.96825379
10.03003003    -1.17588732    0.97001525
10.04504505    -1.17977536    0.96911751
10.06006006    -1.18475228    0.96369939
10.07507508    -1.18757980    0.95414686
10.09009009    -1.18633598    0.94321519
10.10510510    -1.18184634    0.93409318
10.12012012    -1.17704753    0.92802595
10.13513514    -1.17433908    0.92330101
10.15015015    -1.17327887    0.91761541
10.16516516    -1.17259257    0.91078635
10.18018018    -1.17242354    0.90290608
10.19519520    -1.17243087    0.89276909
10.21021021    -1.17045691    0.87994175
10.22522523    -1.16456532    0.86643827
10.24024024    -1.15535356    0.85524111
10.25525525    -1.14548953    0.84746923
10.27027027    -1.13684164    0.84194398
10.28528529    -1.12988198    0.83742687
10.30030030    -1.12472360    0.83248032
10.31531531    -1.11983886    0.82580290
10.33033033    -1.11319774    0.81833017
10.34534535    -1.10471301    0.81238954
10.36036036    -1.09627407    0.80921936
10.37537538    -1.08983679    0.80846223
10.39039039    -1.08723210    0.80860820
10.40540540    -1.08874389    0.80630321
10.42042042    -1.09133980    0.79903430
10.43543544    -1.09133224    0.78777682
10.45045045    -1.08728507    0.77548280
10.46546546    -1.07998404    0.76489487
10.48048048    -1.07187778    0.75753569
10.49549550    -1.06593196    0.75237316
10.51051051    -1.06287954    0.74613986
10.52552553    -1.06015640    0.73658519
10.54054054    -1.05468295    0.72485669
10.55555556    -1.04605407    0.71381522
10.57057057    -1.03588069    0.70478113
10.58558559    -1.02534326    0.69776793
10.60060060    -1.01557791    0.69243773
10.61561562    -1.00699970    0.68737247
10.63063063    -0.99840451    0.68193472
10.64564565    -0.98926651    0.67701338
10.66066066    -0.97996040    0.67301316
10.67567568    -0.97065173    0.67053306
10.69069069    -0.96309456    0.67018645
10.70570571    -0.95929138    0.66973631
10.72072072    -0.95787790    0.66581857
10.73573574    -0.95507772    0.65774074
10.75075075    -0.94793308    0.64831042
10.76576577    -0.93726011    0.64176927
10.78078078    -0.92690377    0.63953249
10.79579580    -0.91992588    0.63963708
10.81081081    -0.91680829    0.63861229
10.82582583    -0.91507402    0.63411243
10.84084084    -0.91191664    0.62684190
10.85585586    -0.90666189    0.61859929
10.87087087    -0.89946865    0.61018101
10.88588589    -0.89019651    0.60245185
10.90090090    -0.87946504    0.59643314
10.91591592    -0.86811346    0.59245345
10.93093093    -0.85688845    0.59083623
10.94594595    -0.84715597    0.59155622
10.96096096    -0.84008881    0.59331191
10.97597598    -0.83539098    0.59441608
10.99099099    -0.83188218    0.59436483
11.00600601    -0.82931597    0.59361091
11.02102102    -0.82816268    0.59149027
11.03603604    -0.82734795    0.58677734
11.05105105    -0.82517793    0.57987422
11.06606607    -0.82089926    0.57174473
11.08108108    -0.81376207    0.56365388
11.09609610    -0.80436949    0.55790782
11.11111111    -0.79541842    0.55526422
11.12612613    -0.78882692    0.55389722
11.14114114    -0.78424685    0.55147449
11.15615616    -0.77963926    0.54695250
11.17117117    -0.77294065    0.54168003
11.18618619    -0.76463430    0.53833836
11.20120120    -0.75750292    0.53741630
11.21621622    -0.75296143    0.53675919
11.23123123    -0.75021828    0.53450689
11.24624625    -0.74795920    0.52983264
11.26126126    -0.74436683    0.52245776
11.27627628    -0.73723641    0.51383434
11.29129129    -0.72637952    0.50726372
11.30630631    -0.71463657    0.50486541
11.32132132    -0.70510730    0.50546256
11.33633634    -0.69835227    0.50646247
11.35135135    -0.69322542    0.50646192
11.36636637    -0.68849746    0.50523277
11.38138138    -0.68322487    0.50341779
11.39639640    -0.67767900    0.50212195
11.41141141    -0.67298907    0.50109532
11.42642643    -0.66882111    0.49904697
11.44144144    -0.66364477    0.49625538
11.45645646    -0.65745037    0.49428778
11.47147147    -0.65143803    0.49357683
11.48648649    -0.64626804    0.49357650
11.50150150    -0.64189724    0.49391425
11.51651652    -0.63856178    0.49475425
11.53153153    -0.63721927    0.49567768
11.54654655    -0.63821493    0.49492550
11.56156156    -0.63993595    0.49086216
11.57657658    -0.64002307    0.48376983
11.59159159    -0.63713201    0.47547157
11.60660661    -0.63175349    0.46806346
11.62162162    -0.62561288    0.46204287
11.63663664    -0.61923639    0.45632000
11.65165165    -0.61153568    0.45081792
11.66666667    -0.60242955    0.44718409
11.68168168    -0.59381853    0.44627130
11.69669670    -0.58754069    0.44684362
11.71171171    -0.58362911    0.44658947
11.72672673    -0.58001818    0.44440883
11.74174174    -0.57517380    0.44170986
11.75675676    -0.56978831    0.43997774
11.77177177    -0.56506634    0.43915444
11.78678679    -0.56136536    0.43851313
11.80180180    -0.55856011    0.43775918
11.81681682    -0.55693356    0.43672261
11.83183183    -0.55676380    0.43456053
11.84684685    -0.55745534    0.43005086
11.86186186    -0.55727642    0.42254701
11.87687688    -0.55414768    0.41315141
11.89189189    -0.54772681    0.40448151
11.90690691    -0.53998020    0.39809702
11.92192192    -0.53276193    0.39316241
11.93693694    -0.52595826    0.38825843
11.95195195    -0.51870720    0.38340680
11.96696697    -0.51117041    0.37912866
11.98198198    -0.50369456    0.37523721
11.99699700    -0.49616881    0.37153625
12.01201201    -0.48854064    0.36808227
12.02702703    -0.48085774    0.36484510
12.04204204    -0.47306946    0.36177407
12.05705706    -0.46518441    0.35891631
12.07207207    -0.45729561    0.35604842
12.08708709    -0.44887958    0.35279278
12.10210210    -0.43890175    0.34968860
12.11711712    -0.42722959    0.34846904
12.13213213    -0.41559867    0.35049029
12.14714715    -0.40628487    0.35507978
12.16216216    -0.40010672    0.36019633
12.17717718    -0.39629119    0.36431778
12.19219219    -0.39396611    0.36699253
12.20720721    -0.39244668    0.36782010
12.22222222    -0.39066729    0.36685082
12.23723724    -0.38813071    0.36481866
12.25225225    -0.38499029    0.36202192
12.26726727    -0.38095710    0.35826113
12.28228228    -0.37517026    0.35391556
12.29729730    -0.36728895    0.35034127
12.31231231    -0.35840909    0.34880801
12.32732733    -0.35020446    0.34898824
12.34234234    -0.34295175    0.34936229
12.35735736    -0.33532267    0.34941369
12.37237237    -0.32648405    0.35044718
12.38738739    -0.31737669    0.35400002
12.40240240    -0.31014973    0.36034617
12.41741742    -0.30672948    0.36767180
12.43243243    -0.30672323    0.37315628
12.44744745    -0.30796094    0.37563674
12.46246246    -0.30873815    0.37561773
12.47747748    -0.30824502    0.37410671
12.49249249    -0.30637162    0.37202632
12.50750751    -0.30329612    0.37005549
12.52252252    -0.29948475    0.36867661
12.53753754    -0.29542427    0.36790892
12.55255255    -0.29132825    0.36777622
12.56756757    -0.28774625    0.36828301
12.58258258    -0.28506654    0.36868816
12.59759760    -0.28269478    0.36834735
12.61261261    -0.27999413    0.36756691
12.62762763    -0.27701308    0.36677477
12.64264264    -0.27392706    0.36610519
12.65765766    -0.27102951    0.36561070
12.67267267    -0.26865962    0.36484231
12.68768769    -0.26634437    0.36304707
12.70270270    -0.26296331    0.36039655
12.71771772    -0.25805855    0.35796724
12.73273273    -0.25207496    0.35682065
12.74774775    -0.24616187    0.35743307
12.76276276    -0.24140243    0.35920887
12.77777778    -0.23794312    0.36118539
12.79279279    -0.23550666    0.36291672
12.80780781    -0.23399503    0.36405797
12.82282282    -0.23302271    0.36409948
12.83783784    -0.23177249    0.36295693
12.85285285    -0.22970965    0.36129326
12.86786787    -0.22723069    0.35968290
12.88288288    -0.22468679    0.35771349
12.89789790    -0.22143147    0.35509990
12.91291291    -0.21701464    0.35251140
12.92792793    -0.21173887    0.35034112
12.94294294    -0.20533220    0.34860441
12.95795796    -0.19744535    0.34849240
12.97297297    -0.18956338    0.35142667
12.98798799    -0.18408964    0.35668929
13.00300300    -0.18159274    0.36181520
13.01801802    -0.18040094    0.36536120
13.03303303    -0.17891476    0.36816405
13.04804805    -0.17758379    0.37177326
13.06306306    -0.17817073    0.37610266
13.07807808    -0.18154441    0.37925904
13.09309309    -0.18656479    0.37911007
13.10810811    -0.19063541    0.37503264
13.12312312    -0.19140340    0.36855752
13.13813814    -0.18833253    0.36244438
13.15315315    -0.18302467    0.35892450
13.16816817    -0.17806571    0.35815554
13.18318318    -0.17480474    0.35836901
13.19819820    -0.17259797    0.35803008
13.21321321    -0.17041746    0.35701766
13.22822823    -0.16787009    0.35563757
13.24324324    -0.16459316    0.35417124
13.25825826    -0.16045932    0.35343331
13.27327327    -0.15632307    0.35410784
13.28828829    -0.15325220    0.35577004
13.30330330    -0.15144494    0.35742349
13.31831832    -0.15035703    0.35849236
13.33333333    -0.14946535    0.35904746
13.34834835    -0.14858093    0.35935455
13.36336336    -0.14778966    0.35973758
13.37837838    -0.14760641    0.36026425
13.39339339    -0.14844852    0.36023269
13.40840841    -0.14971322    0.35873732
13.42342342    -0.15023886    0.35589770
13.43843844    -0.14961033    0.35265306
13.45345345    -0.14826738    0.34958545
13.46846847    -0.14658215    0.34657867
13.48348348    -0.14438426    0.34347463
13.49849850    -0.14143849    0.34062821
13.51351351    -0.13805882    0.33857255
13.52852853    -0.13501537    0.33732543
13.54354354    -0.13273826    0.33612138
13.55855856    -0.13069406    0.33425098
13.57357357    -0.12810511    0.33188636
13.58858859    -0.12478510    0.32966002
13.60360360    -0.12104315    0.32793591
13.61861862    -0.11711242    0.32674906
13.63363363    -0.11313795    0.32623130
13.64864865    -0.10956015    0.32648616
13.66366366    -0.10693719    0.32709319
13.67867868    -0.10518854    0.32716140
13.69369369    -0.10345312    0.32636168
13.70870871    -0.10117993    0.32520433
13.72372372    -0.09846739    0.32417353
13.73873874    -0.09554763    0.32339082
13.75375375    -0.09251271    0.32281059
13.76876877    -0.08921576    0.32241989
13.78378378    -0.08545957    0.32271387
13.79879880    -0.08196227    0.32444544
13.81381381    -0.08008989    0.32719804
13.82882883    -0.08020400    0.32948843
13.84384384    -0.08147782    0.33028599
13.85885886    -0.08294016    0.32934919
13.87387387    -0.08363146    0.32681870
13.88888889    -0.08270806    0.32351500
13.90390390    -0.08015519    0.32070073
13.91891892    -0.07687953    0.31927371
13.93393393    -0.07413632    0.31909096
13.94894895    -0.07240330    0.31915093
13.96396396    -0.07120262    0.31883630
13.97897898    -0.07024710    0.31824370
13.99399399    -0.06961603    0.31713995
14.00900901    -0.06871998    0.31511032
14.02402402    -0.06666199    0.31270316
14.03903904    -0.06355458    0.31111888
14.05405405    -0.06044861    0.31082513
14.06906907    -0.05815559    0.31138624
14.08408408    -0.05701107    0.31214981
14.09909910    -0.05695258    0.31228806
14.11411411    -0.05716973    0.31122795
14.12912913    -0.05679750    0.30940044
14.14414414    -0.05588998    0.30754648
14.15915916    -0.05489427    0.30573899
14.17417417    -0.05381880    0.30373856
14.18918919    -0.05250763    0.30156782
14.20420420    -0.05089483    0.29930439
14.21921922    -0.04891324    0.29709738
14.23423423    -0.04665625    0.29514117
14.24924925    -0.04430838    0.29348845
14.26426426    -0.04194995    0.29209146
14.27927928    -0.03964783    0.29110302
14.29429429    -0.03794075    0.29054959
14.30930931    -0.03723338    0.28963444
14.32432432    -0.03680858    0.28743668
14.33933934    -0.03539394    0.28429820
14.35435435    -0.03292576    0.28148621
14.36936937    -0.03043015    0.27924149
14.38438438    -0.02809623    0.27671030
14.39939940    -0.02503052    0.27373910
14.41441441    -0.02092005    0.27127651
14.42942943    -0.01648313    0.26987150
14.44444444    -0.01229592    0.26932724
14.45945946    -0.00862976    0.26936336
14.47447447    -0.00562362    0.26962989
14.48948949    -0.00322672    0.26975362
14.50450450    -0.00116361    0.26941872
14.51951952    0.00102208    0.26854979
14.53453454    0.00380750    0.26743030
14.54954955    0.00731793    0.26677553
14.56456456    0.01091717    0.26718256
14.57957958    0.01371126    0.26841766
14.59459460    0.01540937    0.26965134
14.60960961    0.01646503    0.27025978
14.62462462    0.01747474    0.27029783
14.63963964    0.01854185    0.27012476
14.65465465    0.01943525    0.26979837
14.66966967    0.02006310    0.26896239
14.68468469    0.02096443    0.26723494
14.69969970    0.02290015    0.26509212
14.71471471    0.02572468    0.26341356
14.72972973    0.02883010    0.26233035
14.74474475    0.03214289    0.26162092
14.75975976    0.03578308    0.26145131
14.77477477    0.03961669    0.26216459
14.78978979    0.04318689    0.26412026
14.80480480    0.04558699    0.26727241
14.81981982    0.04611095    0.27075036
14.83483484    0.04487820    0.27346747
14.84984985    0.04249325    0.27471209
14.86486486    0.03975002    0.27407176
14.87987988    0.03773028    0.27149958
14.89489490    0.03756627    0.26780498
14.90990991    0.03943363    0.26457938
14.92492492    0.04218688    0.26292298
14.93993994    0.04445995    0.26258660
14.95495495    0.04582663    0.26259597
14.96996997    0.04665252    0.26238838
14.98498499    0.04725767    0.26193161
15.00000000    0.04775007    0.26128095

