# omega (eV)     <Re(Eps)>     <Im(Eps)>
0.00000000    11.56337069    0.00000000
0.01501501    11.56358863    0.00145445
0.03003003    11.56424258    0.00290967
0.04504504    11.56533288    0.00436645
0.06006006    11.56686010    0.00582558
0.07507508    11.56882507    0.00728783
0.09009009    11.57122883    0.00875401
0.10510511    11.57407267    0.01022493
0.12012012    11.57735811    0.01170140
0.13513513    11.58108694    0.01318428
0.15015015    11.58526118    0.01467440
0.16516517    11.58988312    0.01617266
0.18018018    11.59495531    0.01767994
0.19519519    11.60048055    0.01919717
0.21021021    11.60646196    0.02072531
0.22522523    11.61290290    0.02226535
0.24024024    11.61980707    0.02381831
0.25525526    11.62717846    0.02538526
0.27027027    11.63502137    0.02696731
0.28528528    11.64334046    0.02856561
0.30030030    11.65214073    0.03018140
0.31531531    11.66142754    0.03181594
0.33033033    11.67120664    0.03347060
0.34534535    11.68148420    0.03514677
0.36036036    11.69226681    0.03684599
0.37537538    11.70356151    0.03856984
0.39039039    11.71537584    0.04032002
0.40540540    11.72771782    0.04209836
0.42042042    11.74059607    0.04390680
0.43543543    11.75401975    0.04574742
0.45045045    11.76799867    0.04762247
0.46546547    11.78254332    0.04953439
0.48048048    11.79766493    0.05148578
0.49549550    11.81337549    0.05347951
0.51051051    11.82968788    0.05551869
0.52552553    11.84661589    0.05760671
0.54054054    11.86417435    0.05974730
0.55555556    11.88237919    0.06194457
0.57057057    11.90124758    0.06420306
0.58558559    11.92079805    0.06652780
0.60060060    11.94105061    0.06892441
0.61561562    11.96202695    0.07139917
0.63063063    11.98375062    0.07395913
0.64564565    12.00624725    0.07661229
0.66066066    12.02954481    0.07936770
0.67567568    12.05367392    0.08223571
0.69069069    12.07866821    0.08522820
0.70570571    12.10456473    0.08835890
0.72072072    12.13140447    0.09164379
0.73573574    12.15923296    0.09510159
0.75075075    12.18810096    0.09875439
0.76576577    12.21806538    0.10262849
0.78078078    12.24919030    0.10675549
0.79579580    12.28154824    0.11117369
0.81081081    12.31522176    0.11593006
0.82582583    12.35030538    0.12108278
0.84084084    12.38690790    0.12670488
0.85585586    12.42515525    0.13288931
0.87087087    12.46519395    0.13975607
0.88588589    12.50719510    0.14746268
0.90090090    12.55135865    0.15621961
0.91591592    12.59791753    0.16631358
0.93093093    12.64713939    0.17814336
0.94594595    12.69932163    0.19227579
0.96096096    12.75476835    0.20953444
0.97597598    12.81372222    0.23113974
0.99099099    12.87618657    0.25892298
1.00600601    12.94148578    0.29561331
1.02102102    13.00723576    0.34504706
1.03603604    13.06720609    0.41153696
1.05105105    13.10834736    0.49592153
1.06606607    13.11289334    0.58475705
1.08108108    13.08005095    0.64329563
1.09609610    13.04873354    0.64821181
1.11111111    13.05805332    0.62506159
1.12612613    13.10446447    0.61178248
1.14114114    13.16473910    0.61975511
1.15615616    13.22782023    0.64018178
1.17117117    13.30038656    0.67048697
1.18618619    13.38390258    0.72595275
1.20120120    13.45916633    0.82243572
1.21621622    13.49034392    0.95729735
1.23123123    13.44317333    1.09033062
1.24624625    13.33417306    1.15011601
1.26126126    13.24662605    1.11141950
1.27627628    13.24048061    1.03453432
1.29129129    13.29868832    0.98777963
1.30630631    13.37073772    0.99255134
1.32132132    13.41655878    1.02680033
1.33633634    13.43551511    1.05018739
1.35135135    13.45817177    1.05226061
1.36636637    13.49343187    1.05030635
1.38138138    13.53608395    1.04410119
1.39639640    13.59891899    1.03484116
1.41141141    13.68229140    1.04528645
1.42642643    13.76033678    1.08229748
1.44144144    13.82132064    1.12113268
1.45645646    13.89119122    1.14886410
1.47147147    13.98707479    1.19579870
1.48648649    14.08032319    1.29312450
1.50150150    14.12164622    1.43084519
1.51651652    14.08597903    1.55493112
1.53153153    14.00645125    1.60484141
1.54654655    13.95992400    1.57388909
1.56156156    13.99146680    1.52803112
1.57657658    14.06601690    1.53371144
1.59159159    14.11502722    1.59249121
1.60660661    14.10645826    1.64909352
1.62162162    14.06999741    1.65612991
1.63663664    14.04600233    1.61078167
1.65165165    14.06346123    1.52571853
1.66666667    14.14164417    1.43538831
1.68168168    14.26035851    1.37484492
1.69669670    14.38994765    1.33866145
1.71171171    14.53621045    1.30833908
1.72672673    14.71846798    1.29723122
1.74174174    14.92919897    1.33509169
1.75675676    15.13920079    1.43709181
1.77177177    15.31599864    1.59641964
1.78678679    15.44102327    1.79046075
1.80180180    15.50813040    2.00307761
1.81681682    15.49866066    2.21388290
1.83183183    15.41065799    2.36962130
1.84684685    15.29604193    2.42555258
1.86186186    15.22296174    2.39679212
1.87687688    15.21486566    2.33388188
1.89189189    15.26091642    2.27183641
1.90690691    15.33955035    2.22629435
1.92192192    15.43394603    2.19283898
1.93693694    15.54065133    2.16194153
1.95195195    15.66991795    2.12653615
1.96696697    15.83725913    2.10197551
1.98198198    16.02868324    2.11634867
1.99699700    16.20599214    2.16349713
2.01201201    16.36689910    2.19882841
2.02702703    16.55958471    2.20863075
2.04204204    16.81868565    2.23340738
2.05705706    17.13508684    2.32864250
2.07207207    17.46081917    2.53484292
2.08708709    17.72109653    2.85706290
2.10210210    17.83510345    3.23946145
2.11711712    17.78524486    3.55540519
2.13213213    17.67602133    3.70691906
2.14714715    17.63439156    3.72264900
2.16216216    17.70330012    3.69220254
2.17717718    17.85511415    3.67738851
2.19219219    18.05392658    3.68233671
2.20720721    18.30565458    3.69252218
2.22222222    18.63595564    3.72716575
2.23723724    19.04357542    3.82918879
2.25225225    19.50276420    4.02872184
2.26726727    19.98462085    4.34522645
2.28228228    20.44614127    4.79201461
2.29729730    20.83403933    5.34992790
2.31231231    21.12964841    5.96383722
2.32732733    21.36798195    6.60512101
2.34234234    21.56936623    7.29959120
2.35735736    21.71502647    8.07559145
2.37237237    21.76393310    8.95520510
2.38738739    21.62868428    9.93215486
2.40240240    21.22623322    10.89886035
2.41741742    20.59554612    11.70151594
2.43243243    19.87058843    12.27555630
2.44744745    19.15745976    12.66762045
2.46246246    18.47088033    12.94007119
2.47747748    17.80449147    13.09283577
2.49249249    17.20097134    13.11596867
2.50750751    16.71944174    13.04520582
2.52252252    16.39065000    12.96054008
2.53753754    16.18588039    12.95543383
2.55255255    16.01792484    13.09383216
2.56756757    15.75885301    13.36953156
2.58258258    15.31551002    13.66772822
2.59759760    14.72315619    13.85259214
2.61261261    14.06704881    13.88200723
2.62762763    13.38495271    13.73651208
2.64264264    12.76095860    13.35170936
2.65765766    12.37743773    12.76768982
2.67267267    12.31770271    12.18613890
2.68768769    12.48899716    11.78297052
2.70270270    12.73968845    11.61233261
2.71771772    12.94969003    11.63443218
2.73273273    13.07186021    11.77568345
2.74774775    13.09874191    12.00086978
2.76276276    12.98958145    12.28291502
2.77777778    12.71657092    12.53436899
2.79279279    12.33782293    12.66950287
2.80780781    11.93254341    12.68414505
2.82282282    11.52512713    12.59815265
2.83783784    11.13638961    12.39350208
2.85285285    10.83490089    12.06715129
2.86786787    10.68219634    11.68085437
2.88288288    10.68241021    11.32089804
2.89789790    10.78734121    11.05509524
2.91291291    10.92245435    10.89637230
2.92792793    11.05065407    10.81336499
2.94294294    11.16134115    10.79730236
2.95795796    11.21854263    10.83256938
2.97297297    11.21430626    10.86134060
2.98798799    11.19902501    10.84992622
3.00300300    11.22668291    10.82621480
3.01801802    11.30130114    10.86675467
3.03303303    11.32784750    11.02169474
3.04804805    11.20552942    11.20541063
3.06306306    10.97385324    11.29483553
3.07807808    10.72510888    11.27687998
3.09309309    10.48506881    11.17860362
3.10810811    10.27398651    10.98654741
3.12312312    10.15781410    10.71276559
3.13813814    10.17581267    10.44017792
3.15315315    10.27438069    10.25893338
3.16816817    10.34038217    10.16243233
3.18318318    10.34308750    10.03762142
3.19819820    10.38325539    9.82625235
3.21321321    10.54426229    9.59945670
3.22822823    10.80527587    9.44908910
3.24324324    11.10645602    9.40040049
3.25825826    11.41903241    9.45556395
3.27327327    11.70193291    9.62926652
3.28828829    11.89894401    9.90418861
3.30330330    11.97041503    10.24201547
3.31831832    11.87981344    10.58742980
3.33333333    11.62200437    10.84493955
3.34834835    11.26496744    10.92530486
3.36336336    10.91683474    10.79505517
3.37837838    10.69619005    10.48536318
3.39339339    10.68339125    10.10871623
3.40840841    10.84803083    9.80127387
3.42342342    11.08301433    9.61094756
3.43843844    11.32363230    9.49616775
3.45345345    11.56816838    9.42454156
3.46846847    11.81587713    9.38227729
3.48348348    12.08903706    9.35687715
3.49849850    12.40641716    9.38756029
3.51351351    12.72289416    9.50872663
3.52852853    12.99331501    9.69716037
3.54354354    13.20615488    9.92466892
3.55855856    13.34918385    10.16421187
3.57357357    13.43432671    10.37052614
3.58858859    13.50693900    10.53341121
3.60360360    13.57493760    10.66978727
3.61861862    13.64859514    10.75650358
3.63363363    13.78311996    10.80400721
3.64864865    13.99076614    10.86730584
3.66366366    14.25430594    10.97393042
3.67867868    14.56158179    11.15172357
3.69369369    14.87056726    11.42324142
3.70870871    15.13668802    11.77016648
3.72372372    15.34677592    12.15272244
3.73873874    15.52752363    12.54612042
3.75375375    15.70450355    12.97856257
3.76876877    15.84065216    13.49263620
3.78378378    15.86036578    14.06352899
3.79879880    15.74736006    14.60125845
3.81381381    15.56358750    15.04958515
3.82882883    15.36836571    15.42170625
3.84384384    15.17615356    15.74354317
3.85885886    14.99623076    16.02211560
3.87387387    14.84202874    16.27695954
3.88888889    14.70185224    16.53197337
3.90390390    14.54831865    16.78038459
3.91891892    14.39001756    16.98295510
3.93393393    14.28568560    17.14382430
3.94894895    14.24645354    17.32919199
3.96396396    14.22416196    17.56100942
3.97897898    14.20951189    17.82358454
3.99399399    14.19748605    18.14477610
4.00900901    14.11939451    18.52983563
4.02402402    13.93038655    18.89466396
4.03903904    13.68623534    19.15029237
4.05405405    13.48646534    19.29031282
4.06906907    13.39195262    19.36752769
4.08408408    13.43078532    19.44458103
4.09909910    13.59424048    19.60134097
4.11411411    13.81987785    19.88716908
4.12912913    14.05255775    20.29387651
4.14414414    14.27564315    20.80824604
4.15915916    14.47048767    21.43525473
4.17417417    14.61240789    22.16461127
4.18918919    14.69843005    22.99071199
4.20420420    14.70782726    23.93276925
4.21921922    14.58211707    24.98314352
4.23423423    14.29074805    26.07065701
4.24924925    13.89446116    27.14638390
4.26426426    13.44988046    28.26873894
4.27927928    12.91626071    29.53494373
4.29429429    12.15587878    30.99583811
4.30930931    10.98985123    32.58235516
4.32432432    9.29787683    34.11027768
4.33933934    7.05682652    35.33447079
4.35435435    4.37543811    35.96541878
4.36936937    1.59702719    35.77842881
4.38438438    -0.82382785    34.88176285
4.39939940    -2.68879054    33.65015811
4.41441441    -4.08659657    32.40349119
4.42942943    -5.25005783    31.29855371
4.44444444    -6.44375098    30.24098477
4.45945946    -7.67643811    28.91608059
4.47447447    -8.59874217    27.18983828
4.48948949    -8.90052503    25.34017696
4.50450450    -8.62507354    23.78051315
4.51951952    -8.07420997    22.73319684
4.53453453    -7.54742439    22.17102043
4.54954955    -7.22255852    21.97135151
4.56456457    -7.23289045    22.00227026
4.57957958    -7.69625123    22.04657231
4.59459460    -8.58211833    21.75795808
4.60960961    -9.54017453    20.84000120
4.62462463    -10.05353490    19.40339856
4.63963964    -9.92145489    17.91183306
4.65465465    -9.32872449    16.72537549
4.66966967    -8.54767606    15.94045332
4.68468468    -7.75799358    15.50515650
4.69969970    -7.04767421    15.35386990
4.71471472    -6.48309507    15.43998179
4.72972973    -6.13758874    15.70309858
4.74474475    -6.06429874    16.04489427
4.75975976    -6.27363244    16.35471086
4.77477478    -6.75086706    16.51726980
4.78978979    -7.42986609    16.38269990
4.80480480    -8.10168594    15.82518319
4.81981982    -8.47005464    14.93470561
4.83483483    -8.43164495    14.00845431
4.84984985    -8.12893875    13.25277452
4.86486487    -7.71882147    12.68664179
4.87987988    -7.26585135    12.27395977
4.89489490    -6.80559297    12.00715807
4.90990991    -6.39109745    11.86325113
4.92492493    -6.03607642    11.78461143
4.93993994    -5.70649809    11.75394784
4.95495495    -5.39900433    11.80256819
4.96996997    -5.15522703    11.94887570
4.98498498    -5.03191770    12.17614357
5.00000000    -5.07886941    12.42735630
5.01501502    -5.30904725    12.61026374
5.03003003    -5.67884997    12.62723213
5.04504505    -6.08323629    12.40171810
5.06006006    -6.35345624    11.94440509
5.07507507    -6.37967083    11.40938187
5.09009009    -6.21670076    10.95546623
5.10510510    -5.97897812    10.61663709
5.12012012    -5.71361018    10.35149486
5.13513513    -5.40748347    10.15191122
5.15015015    -5.07594949    10.05514409
5.16516517    -4.78227562    10.06737780
5.18018018    -4.56919582    10.13696547
5.19519520    -4.42158655    10.20866266
5.21021021    -4.29591867    10.27046982
5.22522522    -4.16958345    10.35458915
5.24024024    -4.06800717    10.49616189
5.25525525    -4.04203414    10.69280552
5.27027027    -4.13175594    10.90383111
5.28528528    -4.34743893    11.06534471
5.30030030    -4.65951108    11.11301461
5.31531532    -5.00628392    11.00278115
5.33033033    -5.30211648    10.72434097
5.34534535    -5.45432166    10.32524988
5.36036036    -5.42300744    9.91771666
5.37537537    -5.26627373    9.60236237
5.39039039    -5.07578756    9.39139673
5.40540540    -4.89094100    9.24558101
5.42042042    -4.71278064    9.14653400
5.43543543    -4.55446894    9.09060992
5.45045045    -4.43049597    9.05338189
5.46546547    -4.32511860    9.00716718
5.48048048    -4.20922534    8.95442852
5.49549550    -4.07593810    8.91941687
5.51051051    -3.93983941    8.91425513
5.52552553    -3.81379049    8.93988504
5.54054054    -3.71471960    8.98756390
5.55555556    -3.63729408    9.03180003
5.57057057    -3.55413921    9.08177984
5.58558559    -3.48061271    9.16863972
5.60060060    -3.45640993    9.28379426
5.61561562    -3.49960329    9.38532274
5.63063063    -3.58798459    9.42216797
5.64564565    -3.65505736    9.37480779
5.66066066    -3.64023991    9.29425997
5.67567568    -3.55830906    9.25400913
5.69069069    -3.46159850    9.26769510
5.70570571    -3.36180361    9.31488028
5.72072072    -3.24953861    9.40826047
5.73573574    -3.15179081    9.57430722
5.75075075    -3.11394705    9.80205078
5.76576577    -3.15271576    10.05384873
5.78078078    -3.25725682    10.30938931
5.79579580    -3.43161311    10.57040630
5.81081081    -3.70214910    10.81859899
5.82582583    -4.07705516    11.00251484
5.84084084    -4.52379416    11.06927941
5.85585586    -4.97963403    10.99276496
5.87087087    -5.37401431    10.79346065
5.88588589    -5.67405482    10.53119269
5.90090090    -5.89179692    10.25421893
5.91591592    -6.05024703    9.98575028
5.93093093    -6.17323684    9.73385811
5.94594595    -6.28347171    9.49060554
5.96096096    -6.38627667    9.22544263
5.97597598    -6.43803374    8.91579974
5.99099099    -6.38341978    8.61038852
6.00600601    -6.24535065    8.39878069
6.02102102    -6.11693825    8.31237676
6.03603604    -6.07858287    8.29986607
6.05105105    -6.14442779    8.27237292
6.06606607    -6.26316454    8.16691090
6.08108108    -6.36585197    7.97801159
6.09609610    -6.40823687    7.74296187
6.11111111    -6.38752356    7.50604962
6.12612613    -6.31897171    7.28872584
6.14114114    -6.21287991    7.10306058
6.15615616    -6.08260359    6.96155115
6.17117117    -5.94805321    6.87227143
6.18618619    -5.83702957    6.83285865
6.20120120    -5.77338105    6.81676968
6.21621622    -5.74914180    6.78880810
6.23123123    -5.74015318    6.74023345
6.24624625    -5.73650008    6.67410934
6.26126126    -5.72755399    6.58822071
6.27627628    -5.69722138    6.49178351
6.29129129    -5.64277777    6.40679499
6.30630631    -5.58176241    6.34805748
6.32132132    -5.53269185    6.30766334
6.33633634    -5.49283396    6.27288409
6.35135135    -5.45686173    6.25194658
6.36636637    -5.44422738    6.25256305
6.38138138    -5.47719988    6.25233385
6.39639640    -5.54886581    6.21542048
6.41141141    -5.62808015    6.12167138
6.42642643    -5.67776125    5.97669067
6.44144144    -5.67442895    5.80833129
6.45645646    -5.61804794    5.65053944
6.47147147    -5.52845610    5.52552333
6.48648649    -5.42759462    5.43682111
6.50150150    -5.33195760    5.37927846
6.51651652    -5.25119503    5.33831216
6.53153153    -5.17659455    5.30090325
6.54654655    -5.09633227    5.27527175
6.56156156    -5.01978056    5.27663502
6.57657658    -4.96696990    5.30182139
6.59159159    -4.94684019    5.33563784
6.60660661    -4.96109284    5.36426159
6.62162162    -5.00695490    5.36953522
6.63663664    -5.06470540    5.33570982
6.65165165    -5.11071264    5.26904912
6.66666667    -5.13709535    5.18225809
6.68168168    -5.13712174    5.08405821
6.69669670    -5.10640383    4.99219473
6.71171171    -5.05821985    4.92649949
6.72672673    -5.01860907    4.88727542
6.74174174    -4.99941156    4.85340838
6.75675676    -4.98944340    4.81006601
6.77177177    -4.97835469    4.76013411
6.78678679    -4.96512166    4.70732704
6.80180180    -4.94934464    4.65292059
6.81681682    -4.93111596    4.59739777
6.83183183    -4.90795095    4.54127590
6.84684685    -4.87992280    4.49124393
6.86186186    -4.85719866    4.44834508
6.87687688    -4.84313842    4.40098706
6.89189189    -4.82727989    4.34167538
6.90690691    -4.79750559    4.27659768
6.92192192    -4.75255424    4.21990650
6.93693694    -4.70353537    4.18121668
6.95195195    -4.66541811    4.15703039
6.96696697    -4.64314119    4.13273435
6.98198198    -4.62776945    4.09820563
6.99699700    -4.60873073    4.05453115
7.01201201    -4.58088703    4.00920826
7.02702703    -4.54773114    3.96962577
7.04204204    -4.51499230    3.93422030
7.05705706    -4.47906112    3.90014499
7.07207207    -4.43686291    3.87537262
7.08708709    -4.39727690    3.86867212
7.10210210    -4.37660942    3.87946041
7.11711712    -4.39052307    3.89066242
7.13213213    -4.43412558    3.87249008
7.14714715    -4.47689917    3.80900054
7.16216216    -4.48707220    3.71580651
7.17717718    -4.45940372    3.62425387
7.19219219    -4.41012410    3.55243186
7.20720721    -4.35558138    3.50143848
7.22222222    -4.30439436    3.46610077
7.23723724    -4.26131480    3.44209655
7.25225225    -4.23066221    3.42325775
7.26726727    -4.21299836    3.40110333
7.28228228    -4.20388585    3.36635009
7.29729730    -4.19016724    3.31362137
7.31231231    -4.15732639    3.25194874
7.32732733    -4.10470094    3.19799872
7.34234234    -4.04264347    3.16104255
7.35735736    -3.98242758    3.14034308
7.37237237    -3.92863869    3.12826609
7.38738739    -3.87645371    3.12146615
7.40240240    -3.82477862    3.12724221
7.41741742    -3.78531323    3.14974326
7.43243243    -3.76925367    3.17804339
7.44744745    -3.77243069    3.19761276
7.46246246    -3.78447338    3.20775626
7.47747748    -3.80835828    3.21358306
7.49249249    -3.85219120    3.20467799
7.50750751    -3.90654735    3.16193099
7.52252252    -3.94492231    3.08059854
7.53753754    -3.94538396    2.98063604
7.55255255    -3.91047161    2.88932467
7.56756757    -3.85743777    2.81885880
7.58258258    -3.80086621    2.76703333
7.59759760    -3.74692569    2.72645443
7.61261261    -3.69593293    2.69099580
7.62762763    -3.64454340    2.65657526
7.64264264    -3.58698417    2.62445820
7.65765766    -3.52181387    2.60133089
7.67267267    -3.45344991    2.59194883
7.68768769    -3.38593652    2.59786329
7.70270270    -3.32458963    2.62264864
7.71771772    -3.28164161    2.66631325
7.73273273    -3.26957645    2.71720453
7.74774775    -3.28936116    2.75436348
7.76276276    -3.32426930    2.76144720
7.77777778    -3.35208383    2.74166081
7.79279279    -3.36460554    2.71078207
7.80780781    -3.36693140    2.67910297
7.82282282    -3.36465381    2.64726779
7.83783784    -3.35726776    2.61472185
7.85285285    -3.34661866    2.58611134
7.86786787    -3.34102380    2.55919668
7.88288288    -3.33947509    2.52339928
7.89789790    -3.33164512    2.47654783
7.91291291    -3.31199780    2.42459364
7.92792793    -3.27943288    2.37279755
7.94294294    -3.23418068    2.32678394
7.95795796    -3.18029610    2.29155745
7.97297297    -3.12264244    2.26764806
7.98798799    -3.06269145    2.25518802
8.00300300    -3.00389197    2.25723763
8.01801802    -2.95355520    2.27316349
8.03303303    -2.91642438    2.29782807
8.04804805    -2.89426570    2.32591111
8.06306306    -2.88776845    2.35199084
8.07807808    -2.89576397    2.36922216
8.09309309    -2.91210341    2.37089715
8.10810811    -2.92689732    2.35652548
8.12312312    -2.93462623    2.33138774
8.13813814    -2.93334994    2.29903920
8.15315315    -2.91984016    2.26390570
8.16816817    -2.89448185    2.23409946
8.18318318    -2.86387551    2.21527917
8.19819820    -2.83605274    2.20740827
8.21321321    -2.81745412    2.20598321
8.22822823    -2.81075414    2.20287078
8.24324324    -2.81241286    2.18950080
8.25825826    -2.81373454    2.16117460
8.27327327    -2.80389190    2.12020325
8.28828829    -2.77669007    2.07632765
8.30330330    -2.73391335    2.03965580
8.31831832    -2.68166960    2.01680150
8.33333333    -2.62857781    2.01006777
8.34834835    -2.58267694    2.01588733
8.36336336    -2.54687508    2.02678652
8.37837838    -2.51763042    2.03726583
8.39339339    -2.49020349    2.04879523
8.40840841    -2.46698882    2.06652125
8.42342342    -2.45681981    2.08788573
8.43843844    -2.46107253    2.10031718
8.45345345    -2.46813202    2.09608962
8.46846847    -2.46660446    2.08060009
8.48348348    -2.45486761    2.06320491
8.49849850    -2.43654946    2.04859241
8.51351351    -2.41483711    2.03795732
8.52852853    -2.39242542    2.03127904
8.54354354    -2.37154529    2.02637042
8.55855856    -2.35050741    2.01979121
8.57357357    -2.32487775    2.01255959
8.58858859    -2.29367487    2.00921672
8.60360360    -2.25913624    2.01317847
8.61861862    -2.22458944    2.02607432
8.63363363    -2.19328917    2.04859178
8.64864865    -2.17102275    2.08083534
8.66366366    -2.16432128    2.11554366
8.67867868    -2.16956831    2.14170865
8.69369369    -2.17657334    2.15724741
8.70870871    -2.17960378    2.16703172
8.72372372    -2.17683450    2.17639221
8.73873874    -2.16908529    2.19236191
8.75375375    -2.16479533    2.22146430
8.76876877    -2.17722806    2.25943981
8.78378378    -2.21075196    2.29189099
8.79879880    -2.25796799    2.30695667
8.81381381    -2.30680325    2.30075363
8.82882883    -2.34581010    2.27770457
8.84384384    -2.36986313    2.24831034
8.85885886    -2.38242505    2.22241412
8.87387387    -2.39149118    2.20368887
8.88888889    -2.40436885    2.18973145
8.90390390    -2.42467813    2.17298008
8.91891892    -2.44695014    2.14536984
8.93393393    -2.46185465    2.10861148
8.94894895    -2.46746871    2.06918279
8.96396396    -2.46515707    2.02970332
8.97897898    -2.45454369    1.99163238
8.99399399    -2.43456596    1.95887833
9.00900901    -2.40893897    1.93832285
9.02402402    -2.38839931    1.93093801
9.03903904    -2.37959867    1.92730514
9.05405405    -2.37820323    1.91792727
9.06906907    -2.37534532    1.90194970
9.08408408    -2.36700184    1.88601937
9.09909910    -2.35752176    1.87557657
9.11411411    -2.35274531    1.86868612
9.12912913    -2.35348527    1.86030517
9.14414414    -2.35691947    1.84746951
9.15915916    -2.35990340    1.83046284
9.17417417    -2.36183835    1.81064472
9.18918919    -2.36228475    1.78696959
9.20420420    -2.35735920    1.75945906
9.21921922    -2.34421078    1.73347879
9.23423423    -2.32661564    1.71512263
9.24924925    -2.31177822    1.70474297
9.26426426    -2.30429569    1.69703815
9.27927928    -2.30247853    1.68551503
9.29429429    -2.30092992    1.66904905
9.30930931    -2.29841097    1.65063504
9.32432432    -2.29690941    1.62924450
9.33933934    -2.29339578    1.60113334
9.35435435    -2.28101734    1.56824626
9.36936937    -2.25745176    1.53869727
9.38438438    -2.22821079    1.51927376
9.39939940    -2.20164426    1.50959754
9.41441441    -2.18170939    1.50283432
9.42942943    -2.16378453    1.49322855
9.44444444    -2.14158816    1.48417771
9.45945946    -2.11727959    1.48294626
9.47447447    -2.09875263    1.49041302
9.48948949    -2.09096488    1.50092574
9.50450450    -2.09372814    1.50786315
9.51951952    -2.10357973    1.50631658
9.53453454    -2.11521316    1.49364131
9.54954955    -2.12174287    1.47054609
9.56456456    -2.11863075    1.44318110
9.57957958    -2.10785099    1.41739591
9.59459460    -2.09215841    1.39447120
9.60960961    -2.07233323    1.37573223
9.62462462    -2.05118301    1.36378485
9.63963964    -2.03465912    1.35779653
9.65465465    -2.02576209    1.35074066
9.66966967    -2.01912900    1.33608097
9.68468469    -2.00656712    1.31561098
9.69969970    -1.98603416    1.29658763
9.71471471    -1.96185959    1.28311293
9.72972973    -1.93732577    1.27377007
9.74474475    -1.91185405    1.26767749
9.75975976    -1.88570795    1.26662236
9.77477477    -1.86151537    1.27175495
9.78978979    -1.84243367    1.28204284
9.80480480    -1.83037866    1.29475731
9.81981982    -1.82568872    1.30695923
9.83483484    -1.82774229    1.31591345
9.84984985    -1.83509958    1.31924675
9.86486486    -1.84573017    1.31450761
9.87987988    -1.85505067    1.29946855
9.89489490    -1.85655651    1.27620054
9.90990991    -1.84711642    1.25117779
9.92492492    -1.82851761    1.23054929
9.93993994    -1.80502207    1.21804638
9.95495495    -1.78252843    1.21432370
9.96996997    -1.76558471    1.21544958
9.98498499    -1.75370211    1.21628980
10.00000000    -1.74357369    1.21535741
10.01501501    -1.73384863    1.21407268
10.03003003    -1.72535985    1.21285841
10.04504505    -1.71812087    1.21056797
10.06006006    -1.71084357    1.20693375
10.07507508    -1.70292511    1.20279550
10.09009009    -1.69459297    1.19878095
10.10510510    -1.68639362    1.19498254
10.12012012    -1.67853980    1.19057837
10.13513514    -1.66957485    1.18497508
10.15015015    -1.65798858    1.17993239
10.16516516    -1.64482456    1.17806264
10.18018018    -1.63311313    1.17987365
10.19519520    -1.62468533    1.18316606
10.21021021    -1.61892898    1.18603258
10.22522523    -1.61514169    1.18797229
10.24024024    -1.61298855    1.18821578
10.25525525    -1.61119458    1.18592265
10.27027027    -1.60765333    1.18145633
10.28528529    -1.60101098    1.17741804
10.30030030    -1.59325707    1.17654259
10.31531531    -1.58716298    1.17814579
10.33033033    -1.58304793    1.18099493
10.34534535    -1.58183383    1.18499735
10.36036036    -1.58483367    1.18807895
10.37537538    -1.59067397    1.18754604
10.39039039    -1.59651998    1.18310071
10.40540540    -1.60119006    1.17659591
10.42042042    -1.60575165    1.16857359
10.43543544    -1.60958000    1.15762191
10.45045045    -1.61028478    1.14464442
10.46546546    -1.60797543    1.13245157
10.48048048    -1.60485077    1.12184137
10.49549550    -1.60197549    1.11165487
10.51051051    -1.59902000    1.10112696
10.52552553    -1.59564189    1.08978541
10.54054054    -1.59025410    1.07760717
10.55555556    -1.58227790    1.06718865
10.57057057    -1.57438550    1.06000426
10.58558559    -1.56886945    1.05458689
10.60060060    -1.56625926    1.04852627
10.61561562    -1.56491114    1.03950338
10.63063063    -1.56172384    1.02796321
10.64564565    -1.55629593    1.01669930
10.66066066    -1.55057294    1.00613142
10.67567568    -1.54444590    0.99500743
10.69069069    -1.53695255    0.98389373
10.70570571    -1.52883679    0.97342724
10.72072072    -1.51995379    0.96267368
10.73573574    -1.50886930    0.95256949
10.75075075    -1.49643727    0.94510320
10.76576577    -1.48447653    0.94048824
10.78078078    -1.47423363    0.93820917
10.79579580    -1.46687843    0.93715055
10.81081081    -1.46255419    0.93550158
10.82582583    -1.46049183    0.93204453
10.84084084    -1.45988227    0.92577795
10.85585586    -1.45893012    0.91573971
10.87087087    -1.45509456    0.90277298
10.88588589    -1.44745323    0.88930512
10.90090090    -1.43668622    0.87718942
10.91591592    -1.42409339    0.86757930
10.93093093    -1.41132593    0.86030112
10.94594595    -1.39857937    0.85439940
10.96096096    -1.38548041    0.85029102
10.97597598    -1.37296216    0.84866873
10.99099099    -1.36229161    0.84919151
11.00600601    -1.35452068    0.85095320
11.02102102    -1.35024211    0.85197907
11.03603604    -1.34777794    0.85008345
11.05105105    -1.34432063    0.84595981
11.06606607    -1.33989975    0.84213136
11.08108108    -1.33670676    0.83863920
11.09609610    -1.33489877    0.83329936
11.11111111    -1.33254833    0.82520212
11.12612613    -1.32773300    0.81512625
11.14114114    -1.31941937    0.80523095
11.15615616    -1.30875083    0.79801432
11.17117117    -1.29850476    0.79392540
11.18618619    -1.29019534    0.79098607
11.20120120    -1.28291348    0.78756890
11.21621622    -1.27538474    0.78378684
11.23123123    -1.26701242    0.78073514
11.24624625    -1.25881851    0.77990430
11.26126126    -1.25298215    0.78087151
11.27627628    -1.25026447    0.78184593
11.29129129    -1.25063560    0.78136291
11.30630631    -1.25363506    0.77740962
11.32132132    -1.25677854    0.76790459
11.33633634    -1.25576223    0.75330622
11.35135135    -1.24765527    0.73785597
11.36636637    -1.23414070    0.72678807
11.38138138    -1.22000450    0.72167482
11.39639640    -1.20853102    0.72041005
11.41141141    -1.20044086    0.72035951
11.42642643    -1.19506384    0.71961126
11.44144144    -1.19111167    0.71727461
11.45645646    -1.18744132    0.71336201
11.47147147    -1.18337162    0.70829651
11.48648649    -1.17854575    0.70252526
11.50150150    -1.17270506    0.69660723
11.51651652    -1.16599344    0.69140152
11.53153153    -1.15947837    0.68748249
11.54654655    -1.15443620    0.68401665
11.56156156    -1.15069209    0.67925335
11.57657658    -1.14638522    0.67237528
11.59159159    -1.13959194    0.66490670
11.60660661    -1.13101297    0.65971372
11.62162162    -1.12403623    0.65741785
11.63663664    -1.12096499    0.65484384
11.65165165    -1.11992436    0.64815268
11.66666667    -1.11653333    0.63689012
11.68168168    -1.10790774    0.62436357
11.69669670    -1.09503538    0.61458472
11.71171171    -1.08110759    0.60873582
11.72672673    -1.06800106    0.60550746
11.74174174    -1.05567791    0.60380870
11.75675676    -1.04406398    0.60385130
11.77177177    -1.03426854    0.60558686
11.78678679    -1.02692040    0.60754889
11.80180180    -1.02110247    0.60854412
11.81681682    -1.01562832    0.60870361
11.83183183    -1.01020511    0.60909320
11.84684685    -1.00619678    0.61031009
11.86186186    -1.00493987    0.61055608
11.87687688    -1.00487585    0.60740688
11.89189189    -1.00289811    0.60126372
11.90690691    -0.99808241    0.59495690
11.92192192    -0.99232934    0.58998812
11.93693694    -0.98685775    0.58519484
11.95195195    -0.98059292    0.57980522
11.96696697    -0.97264671    0.57508574
11.98198198    -0.96402206    0.57266308
11.99699700    -0.95706253    0.57261676
12.01201201    -0.95340803    0.57268100
12.02702703    -0.95192167    0.57003307
12.04204204    -0.94974883    0.56414445
12.05705706    -0.94518442    0.55670464
12.07207207    -0.93838254    0.54931341
12.08708709    -0.92973076    0.54260161
12.10210210    -0.91941225    0.53740229
12.11711712    -0.90843748    0.53463388
12.13213213    -0.89839123    0.53415024
12.14714715    -0.89007425    0.53472573
12.16216216    -0.88323504    0.53534943
12.17717718    -0.87730254    0.53558357
12.19219219    -0.87183937    0.53556752
12.20720721    -0.86697087    0.53541658
12.22222222    -0.86264587    0.53483494
12.23723724    -0.85869669    0.53387178
12.25225225    -0.85529763    0.53221064
12.26726727    -0.85174934    0.52931400
12.28228228    -0.84717608    0.52577953
12.29729730    -0.84175924    0.52244256
12.31231231    -0.83590046    0.51933977
12.32732733    -0.82939924    0.51646113
12.34234234    -0.82210650    0.51439229
12.35735736    -0.81452319    0.51392093
12.37237237    -0.80791151    0.51544266
12.38738739    -0.80398042    0.51812094
12.40240240    -0.80328854    0.51947143
12.41741742    -0.80380008    0.51740040
12.43243243    -0.80285909    0.51256799
12.44744745    -0.79993459    0.50684965
12.46246246    -0.79554356    0.50084654
12.47747748    -0.78937530    0.49480494
12.49249249    -0.78137652    0.48990858
12.50750751    -0.77281695    0.48695989
12.52252252    -0.76476565    0.48508181
12.53753754    -0.75632722    0.48355211
12.55255255    -0.74692146    0.48405940
12.56756757    -0.73913349    0.48795053
12.58258258    -0.73563596    0.49267052
12.59759760    -0.73505028    0.49477332
12.61261261    -0.73443579    0.49419321
12.62762763    -0.73308259    0.49249644
12.64264264    -0.73140392    0.49000068
12.65765766    -0.72900637    0.48653716
12.67267267    -0.72525449    0.48264413
12.68768769    -0.72003484    0.47945622
12.70270270    -0.71449146    0.47805638
12.71771772    -0.71036768    0.47784541
12.73273273    -0.70784998    0.47705315
12.74774775    -0.70575046    0.47490289
12.76276276    -0.70322400    0.47167301
12.77777778    -0.69978312    0.46767187
12.79279279    -0.69479871    0.46354143
12.80780781    -0.68832582    0.46078549
12.82282282    -0.68215696    0.46034094
12.83783784    -0.67806442    0.46089192
12.85285285    -0.67561302    0.46039034
12.86786787    -0.67300600    0.45853153
12.88288288    -0.66950681    0.45675629
12.89789790    -0.66644720    0.45622941
12.91291291    -0.66570124    0.45568639
12.92792793    -0.66662084    0.45251742
12.94294294    -0.66653731    0.44601980
12.95795796    -0.66336998    0.43784150
12.97297297    -0.65717411    0.43042112
12.98798799    -0.64946107    0.42476899
13.00300300    -0.64111622    0.42071404
13.01801802    -0.63262750    0.41825144
13.03303303    -0.62459293    0.41710286
13.04804805    -0.61704441    0.41685552
13.06306306    -0.61009201    0.41776379
13.07807808    -0.60469576    0.41959506
13.09309309    -0.60103917    0.42095354
13.10810811    -0.59785307    0.42118669
13.12312312    -0.59430885    0.42122458
13.13813814    -0.59115226    0.42200636
13.15315315    -0.58969260    0.42297605
13.16816817    -0.58993862    0.42243101
13.18318318    -0.59040099    0.41953416
13.19819820    -0.58979033    0.41480489
13.21321321    -0.58758987    0.40916682
13.22822823    -0.58388757    0.40345730
13.24324324    -0.57915460    0.39811121
13.25825826    -0.57375785    0.39297956
13.27327327    -0.56731867    0.38783013
13.28828829    -0.55923515    0.38351921
13.30330330    -0.55038689    0.38138754
13.31831832    -0.54259033    0.38123528
13.33333333    -0.53660496    0.38142158
13.34834835    -0.53146485    0.38047195
13.36336336    -0.52540046    0.37852874
13.37837838    -0.51777466    0.37724562
13.39339339    -0.50968030    0.37785504
13.40840841    -0.50247711    0.38016990
13.42342342    -0.49676589    0.38335568
13.43843844    -0.49259885    0.38668200
13.45345345    -0.48981112    0.38947622
13.46846847    -0.48774029    0.39118414
13.48348348    -0.48551371    0.39203031
13.49849850    -0.48289828    0.39272895
13.51351351    -0.48024041    0.39380806
13.52852853    -0.47818197    0.39532151
13.54354354    -0.47717740    0.39678640
13.55855856    -0.47725565    0.39752749
13.57357357    -0.47798522    0.39687682
13.58858859    -0.47844784    0.39457508
13.60360360    -0.47766941    0.39110836
13.61861862    -0.47532248    0.38776358
13.63363363    -0.47256912    0.38549959
13.64864865    -0.47058037    0.38347138
13.66366366    -0.46889321    0.38056683
13.67867868    -0.46661496    0.37672845
13.69369369    -0.46309417    0.37235277
13.70870871    -0.45792336    0.36838581
13.72372372    -0.45172648    0.36599476
13.73873874    -0.44589852    0.36532567
13.75375375    -0.44125768    0.36538186
13.76876877    -0.43742793    0.36515564
13.78378378    -0.43361820    0.36461527
13.79879880    -0.42965744    0.36423610
13.81381381    -0.42576147    0.36423414
13.82882883    -0.42212328    0.36463913
13.84384384    -0.41899191    0.36548714
13.85885886    -0.41682863    0.36649227
13.87387387    -0.41556744    0.36684773
13.88888889    -0.41437628    0.36631640
13.90390390    -0.41288912    0.36551762
13.91891892    -0.41152593    0.36472200
13.93393393    -0.41040692    0.36358806
13.94894895    -0.40920497    0.36209176
13.96396396    -0.40798265    0.36059020
13.97897898    -0.40722849    0.35896931
13.99399399    -0.40697746    0.35659142
14.00900901    -0.40671457    0.35307465
14.02402402    -0.40588252    0.34840566
14.03903904    -0.40389487    0.34279753
14.05405405    -0.40033822    0.33690567
14.06906907    -0.39540760    0.33135222
14.08408408    -0.38920791    0.32627954
14.09909910    -0.38151764    0.32224088
14.11411411    -0.37285465    0.32025173
14.12912913    -0.36458551    0.32055620
14.14414414    -0.35760402    0.32231600
14.15915916    -0.35196161    0.32477795
14.17417417    -0.34757121    0.32742825
14.18918919    -0.34398927    0.32991343
14.20420420    -0.34086240    0.33259325
14.21921922    -0.33870227    0.33588371
14.23423423    -0.33839288    0.33931067
14.24924925    -0.34011213    0.34157227
14.26426426    -0.34289410    0.34160497
14.27927928    -0.34546833    0.33933663
14.29429429    -0.34691980    0.33520157
14.30930931    -0.34646993    0.33001630
14.32432432    -0.34411363    0.32517954
14.33933934    -0.34101276    0.32141386
14.35435435    -0.33803362    0.31812971
14.36936937    -0.33495686    0.31465709
14.38438438    -0.33127153    0.31107212
14.39939940    -0.32691551    0.30773744
14.41441441    -0.32189056    0.30482273
14.42942943    -0.31620110    0.30279525
14.44444444    -0.31045938    0.30208573
14.45945946    -0.30540230    0.30248564
14.47447447    -0.30146921    0.30344062
14.48948949    -0.29865412    0.30413166
14.50450450    -0.29621413    0.30411608
14.51951952    -0.29365125    0.30385780
14.53453454    -0.29128450    0.30361633
14.54954955    -0.28911498    0.30299823
14.56456456    -0.28657034    0.30210727
14.57957958    -0.28368231    0.30167122
14.59459460    -0.28119864    0.30187228
14.60960961    -0.27953955    0.30217868
14.62462462    -0.27859890    0.30216604
14.63963964    -0.27838011    0.30156894
14.65465465    -0.27866244    0.29970044
14.66966967    -0.27832102    0.29623723
14.68468469    -0.27637930    0.29212778
14.69969970    -0.27313860    0.28858229
14.71471471    -0.26948316    0.28588496
14.72972973    -0.26582030    0.28368108
14.74474475    -0.26206978    0.28180831
14.75975976    -0.25825224    0.28045939
14.77477477    -0.25480127    0.27980244
14.78978979    -0.25237018    0.27940788
14.80480480    -0.25091717    0.27820356
14.81981982    -0.24938917    0.27569204
14.83483484    -0.24702775    0.27239020
14.84984985    -0.24364721    0.26875449
14.86486486    -0.23898134    0.26528288
14.87987988    -0.23317331    0.26286224
14.89489490    -0.22717034    0.26206421
14.90990991    -0.22198379    0.26238157
14.92492492    -0.21752120    0.26296606
14.93993994    -0.21338859    0.26394936
14.95495495    -0.21007576    0.26555965
14.96996997    -0.20810269    0.26715594
14.98498499    -0.20719878    0.26790603
15.00000000    -0.20672306    0.26743891

