# omega (eV)     <Re(Eps)>     <Im(Eps)>
0.00000000    10.15734806    0.00000000
0.01501501    10.15750631    0.00105559
0.03003003    10.15798113    0.00211162
0.04504504    10.15877271    0.00316851
0.06006006    10.15988138    0.00422670
0.07507508    10.16130758    0.00528662
0.09009009    10.16305191    0.00634872
0.10510511    10.16511507    0.00741344
0.12012012    10.16749791    0.00848123
0.13513513    10.17020142    0.00955253
0.15015015    10.17322671    0.01062783
0.16516517    10.17657504    0.01170758
0.18018018    10.18024781    0.01279226
0.19519519    10.18424657    0.01388236
0.21021021    10.18857300    0.01497838
0.22522523    10.19322894    0.01608083
0.24024024    10.19821639    0.01719023
0.25525526    10.20353749    0.01830713
0.27027027    10.20919457    0.01943207
0.28528528    10.21519010    0.02056563
0.30030030    10.22152674    0.02170839
0.31531531    10.22820732    0.02286097
0.33033033    10.23523485    0.02402401
0.34534535    10.24261255    0.02519816
0.36036036    10.25034382    0.02638410
0.37537538    10.25843228    0.02758255
0.39039039    10.26688176    0.02879425
0.40540540    10.27569632    0.03001998
0.42042042    10.28488024    0.03126056
0.43543543    10.29443806    0.03251684
0.45045045    10.30437459    0.03378971
0.46546547    10.31469489    0.03508014
0.48048048    10.32540432    0.03638911
0.49549550    10.33650854    0.03771769
0.51051051    10.34801354    0.03906698
0.52552553    10.35992562    0.04043818
0.54054054    10.37225147    0.04183255
0.55555556    10.38499815    0.04325143
0.57057057    10.39817312    0.04469625
0.58558559    10.41178430    0.04616854
0.60060060    10.42584003    0.04766996
0.61561562    10.44034919    0.04920225
0.63063063    10.45532117    0.05076732
0.64564565    10.47076593    0.05236722
0.66066066    10.48669408    0.05400416
0.67567568    10.50311686    0.05568055
0.69069069    10.52004626    0.05739899
0.70570571    10.53749505    0.05916232
0.72072072    10.55547686    0.06097367
0.73573574    10.57400624    0.06283643
0.75075075    10.59309879    0.06475436
0.76576577    10.61277121    0.06673158
0.78078078    10.63304145    0.06877269
0.79579580    10.65392883    0.07088277
0.81081081    10.67545419    0.07306747
0.82582583    10.69764004    0.07533316
0.84084084    10.72051078    0.07768697
0.85585586    10.74409293    0.08013696
0.87087087    10.76841537    0.08269227
0.88588589    10.79350965    0.08536335
0.90090090    10.81941037    0.08816215
0.91591592    10.84615561    0.09110248
0.93093093    10.87378739    0.09420035
0.94594595    10.90235230    0.09747451
0.96096096    10.93190222    0.10094697
0.97597598    10.96249515    0.10464392
0.99099099    10.99419629    0.10859666
1.00600601    11.02707927    0.11284303
1.02102102    11.06122768    0.11742923
1.03603604    11.09673698    0.12241228
1.05105105    11.13371672    0.12786348
1.06606607    11.17229334    0.13387314
1.08108108    11.21261344    0.14055748
1.09609610    11.25484749    0.14806846
1.11111111    11.29919390    0.15660848
1.12612613    11.34588236    0.16645248
1.14114114    11.39517455    0.17798204
1.15615616    11.44735675    0.19173850
1.17117117    11.50271156    0.20850659
1.18618619    11.56143753    0.22944338
1.20120120    11.62344299    0.25626193
1.21621622    11.68784932    0.29142220
1.23123123    11.75190606    0.33802471
1.24624625    11.80920084    0.39828640
1.26126126    11.84930908    0.46838003
1.27627628    11.86666234    0.53219304
1.29129129    11.87636896    0.57302762
1.30630631    11.90098267    0.59855068
1.32132132    11.94325007    0.62803723
1.33633634    11.99592309    0.67246711
1.35135135    12.04778337    0.74176156
1.36636637    12.07353721    0.83662110
1.38138138    12.05014720    0.92661894
1.39639640    11.99868202    0.96590877
1.41141141    11.97532357    0.95608944
1.42642643    11.99760133    0.94582851
1.44144144    12.03517553    0.96233374
1.45645646    12.06265819    0.99236308
1.47147147    12.08357980    1.01923220
1.48648649    12.10506424    1.04205859
1.50150150    12.13056147    1.06067428
1.51651652    12.16491087    1.07834531
1.53153153    12.21009621    1.10101521
1.54654655    12.26583386    1.13842059
1.56156156    12.31967934    1.20396116
1.57657658    12.34278809    1.29378014
1.59159159    12.32046741    1.37292256
1.60660661    12.27836172    1.40722759
1.62162162    12.26178804    1.40269687
1.63663664    12.28374851    1.40518416
1.65165165    12.30431528    1.44057745
1.66666667    12.28910984    1.47764868
1.68168168    12.25542544    1.47822344
1.69669670    12.23414661    1.43734344
1.71171171    12.25278776    1.36339652
1.72672673    12.33233983    1.28972704
1.74174174    12.45676540    1.25462741
1.75675676    12.59596345    1.26560217
1.77177177    12.73828085    1.31780387
1.78678679    12.87294465    1.42105708
1.80180180    12.96520305    1.57804434
1.81681682    12.97982952    1.75399775
1.83183183    12.92274401    1.89323440
1.84684685    12.83779315    1.97032266
1.86186186    12.75506212    1.99619596
1.87687688    12.68786524    1.97908821
1.89189189    12.64725833    1.93081981
1.90690691    12.63657060    1.85446904
1.92192192    12.68146895    1.75601745
1.93693694    12.79639806    1.68150753
1.95195195    12.94431151    1.67329768
1.96696697    13.07142417    1.72687204
1.98198198    13.14881765    1.80314900
1.99699700    13.18373446    1.85644850
2.01201201    13.21816190    1.86060520
2.02702703    13.30102576    1.83715628
2.04204204    13.44179348    1.83857635
2.05705706    13.60825457    1.90324712
2.07207207    13.75412690    2.03677217
2.08708709    13.84024720    2.21612625
2.10210210    13.84936091    2.39852567
2.11711712    13.79304034    2.54100946
2.13213213    13.70398409    2.61596747
2.14714715    13.62116800    2.62024818
2.16216216    13.57492714    2.56777893
2.17717718    13.58637260    2.48217356
2.19219219    13.66410770    2.39723583
2.20720721    13.79024905    2.34954602
2.22222222    13.92179757    2.34547239
2.23723724    14.03816691    2.34900771
2.25225225    14.16876273    2.33173638
2.26726727    14.35555154    2.31401864
2.28228228    14.60215760    2.35153342
2.29729730    14.86138201    2.48265922
2.31231231    15.07819410    2.69842638
2.32732733    15.22126928    2.97090682
2.34234234    15.26149165    3.26750956
2.35735736    15.18294911    3.52328983
2.37237237    15.02460759    3.66187341
2.38738739    14.87948253    3.64897506
2.40240240    14.84330039    3.52985985
2.41741742    14.94581071    3.40352144
2.43243243    15.13374245    3.34374151
2.44744745    15.34044113    3.34246177
2.46246246    15.56344564    3.35931693
2.47747748    15.83681369    3.40068758
2.49249249    16.16382315    3.51255012
2.50750751    16.50537910    3.73326742
2.52252252    16.79941846    4.07080286
2.53753754    16.97799866    4.48958069
2.55255255    17.00554179    4.90011511
2.56756757    16.92984068    5.20118492
2.58258258    16.86080585    5.36017963
2.59759760    16.89695316    5.42896009
2.61261261    17.07129987    5.51640179
2.62762763    17.31841032    5.70802517
2.64264264    17.56365966    5.99104676
2.65765766    17.80636999    6.34108058
2.67267267    18.03758158    6.78525397
2.68768769    18.20875304    7.32616882
2.70270270    18.29374802    7.93932365
2.71771772    18.27175105    8.61324010
2.73273273    18.10525435    9.32181496
2.74774775    17.77174577    10.00472262
2.76276276    17.28953506    10.60027711
2.77777778    16.68509715    11.06305073
2.79279279    16.00782733    11.32935593
2.80780781    15.37979354    11.37086683
2.82282282    14.92375076    11.27894224
2.83783784    14.64029975    11.21027625
2.85285285    14.41371281    11.24734658
2.86786787    14.13131498    11.35169734
2.88288288    13.75593305    11.42609047
2.89789790    13.34096753    11.37802074
2.91291291    12.99835106    11.19659120
2.92792793    12.80541768    10.96278860
2.94294294    12.75020601    10.78454082
2.95795796    12.75636268    10.70760864
2.97297297    12.78211569    10.72678785
2.98798799    12.78481466    10.86911603
3.00300300    12.65761316    11.11537483
3.01801802    12.33681928    11.33681119
3.03303303    11.89252647    11.39150067
3.04804805    11.47514686    11.25709068
3.06306306    11.15737218    11.01466270
3.07807808    10.94415157    10.70616398
3.09309309    10.87285429    10.36490537
3.10810811    10.95534535    10.08055669
3.12312312    11.12449018    9.92745289
3.13813814    11.29602963    9.91106170
3.15315315    11.41197584    10.00304302
3.16816817    11.43163073    10.15797832
3.18318318    11.34385638    10.31498735
3.19819820    11.17102953    10.42234674
3.21321321    10.95214686    10.45211242
3.22822823    10.72597863    10.39564764
3.24324324    10.53241615    10.25785281
3.25825826    10.40621520    10.06267753
3.27327327    10.36730262    9.85090237
3.28828829    10.40564129    9.67071990
3.30330330    10.47963828    9.54829313
3.31831832    10.55185421    9.46513190
3.33333333    10.62762404    9.39665073
3.34834835    10.71700363    9.34869742
3.36336336    10.81575424    9.32597785
3.37837838    10.92782934    9.33512910
3.39339339    11.04268683    9.40279287
3.40840841    11.11295981    9.54234394
3.42342342    11.08044950    9.71738771
3.43843844    10.93323714    9.84251425
3.45345345    10.73381533    9.85576261
3.46846847    10.54830555    9.75938538
3.48348348    10.41980323    9.56843603
3.49849850    10.39520148    9.31442818
3.51351351    10.50024409    9.06015103
3.52852853    10.71620847    8.88028579
3.54354354    10.97043466    8.82021299
3.55855856    11.18453049    8.85231778
3.57357357    11.34009425    8.91111685
3.58858859    11.46900068    8.96043467
3.60360360    11.60400253    9.00648378
3.61861862    11.75287308    9.08027412
3.63363363    11.88040613    9.20455295
3.64864865    11.94537805    9.35214491
3.66366366    11.94378305    9.47774067
3.67867868    11.89204390    9.54255507
3.69369369    11.83188543    9.50952397
3.70870871    11.84175088    9.37895973
3.72372372    11.97826930    9.22607414
3.73873874    12.20949865    9.13538435
3.75375375    12.46880390    9.12192768
3.76876877    12.72044348    9.15882521
3.78378378    12.96399391    9.21389903
3.79879880    13.22407224    9.28081856
3.81381381    13.50867454    9.38428196
3.82882883    13.79044849    9.54469605
3.84384384    14.02797073    9.74190332
3.85885886    14.21715797    9.91588161
3.87387387    14.42017770    10.02709751
3.88888889    14.70224219    10.11032592
3.90390390    15.07945530    10.22028660
3.91891892    15.54849883    10.41043895
3.93393393    16.06843765    10.73344871
3.94894895    16.57660674    11.19590150
3.96396396    17.04474851    11.77637435
3.97897898    17.45708516    12.48473239
3.99399399    17.74861097    13.32246918
4.00900901    17.86915484    14.22162111
4.02402402    17.83413562    15.12409428
4.03903904    17.64116370    16.00888582
4.05405405    17.27574775    16.80254957
4.06906907    16.81712911    17.41361303
4.08408408    16.39722203    17.85822087
4.09909910    16.06522841    18.23823381
4.11411411    15.77737053    18.61515192
4.12912913    15.50299690    18.97046288
4.14414414    15.27970538    19.29822757
4.15915916    15.12375227    19.66237646
4.17417417    14.97278937    20.10950506
4.18918919    14.76127398    20.60761661
4.20420420    14.48414721    21.09630560
4.21921922    14.18166284    21.54644984
4.23423423    13.88566575    21.97591725
4.24924925    13.59229613    22.39959788
4.26426426    13.30568327    22.80671605
4.27927928    13.06206530    23.18772587
4.29429429    12.93637765    23.58248061
4.30930931    12.95567383    24.13650557
4.32432432    12.99170750    24.99342607
4.33933934    12.84552755    26.15335586
4.35435435    12.39700679    27.51090928
4.36936937    11.58617938    28.97931345
4.38438438    10.34234356    30.45731482
4.39939940    8.61500968    31.80515638
4.41441441    6.37713101    32.82199419
4.42942943    3.72841230    33.21541638
4.44444444    1.02202405    32.75135412
4.45945946    -1.24336127    31.52222484
4.47447447    -2.79461119    29.97643975
4.48948949    -3.79288867    28.55917436
4.50450450    -4.61048222    27.36265889
4.51951952    -5.42362752    26.13977395
4.53453453    -6.01351261    24.70134985
4.54954955    -6.12311582    23.26762943
4.56456457    -5.86096214    22.18252115
4.57957958    -5.54016565    21.55824256
4.59459460    -5.44267730    21.27889486
4.60960961    -5.70786565    21.08499862
4.62462463    -6.28444362    20.68547841
4.63963964    -6.91999734    19.87043496
4.65465465    -7.24712440    18.69548113
4.66966967    -7.09065081    17.49324921
4.68468468    -6.58874460    16.55844332
4.69969970    -5.97454522    15.96570614
4.71471472    -5.40652139    15.65813152
4.72972973    -4.96665579    15.55010810
4.74474475    -4.68794502    15.55824783
4.75975976    -4.58330686    15.61786802
4.77477478    -4.67004600    15.64696807
4.78978979    -4.90418346    15.52032744
4.80480480    -5.12918404    15.16729199
4.81981982    -5.17715436    14.67385993
4.83483483    -5.01906970    14.21872311
4.84984985    -4.76108764    13.91154069
4.86486487    -4.51973404    13.74263524
4.87987988    -4.34350123    13.64265020
4.89489490    -4.21086536    13.56103071
4.90990991    -4.09351113    13.50835564
4.92492493    -4.01784322    13.50784927
4.93993994    -4.02484150    13.53013625
4.95495495    -4.11371146    13.52593289
4.96996997    -4.26291985    13.46379482
4.98498498    -4.44873936    13.31920061
5.00000000    -4.63110146    13.06230516
5.01501502    -4.72645969    12.69151991
5.03003003    -4.66448886    12.29092113
5.04504505    -4.47194856    11.96443315
5.06006006    -4.21865328    11.74848777
5.07507507    -3.95345503    11.64322952
5.09009009    -3.71669553    11.64058138
5.10510510    -3.54169472    11.72145782
5.12012012    -3.45649510    11.85773228
5.13513513    -3.47307651    12.00985175
5.15015015    -3.59011543    12.14532540
5.16516517    -3.80332377    12.22799248
5.18018018    -4.09003293    12.22155097
5.19519520    -4.42115492    12.10206526
5.21021021    -4.76254745    11.83931652
5.22522522    -5.04049508    11.40605685
5.24024024    -5.14657688    10.84049267
5.25525525    -5.02580723    10.26450020
5.27027027    -4.72344716    9.79522831
5.28528528    -4.32908485    9.48286949
5.30030030    -3.92304183    9.32079030
5.31531532    -3.55400208    9.26980426
5.33033033    -3.22960954    9.29054567
5.34534535    -2.94500102    9.37352220
5.36036036    -2.71587993    9.51716935
5.37537537    -2.56206827    9.70136531
5.39039039    -2.48797372    9.89894044
5.40540540    -2.49094068    10.09023745
5.42042042    -2.57158168    10.25451825
5.43543543    -2.72410631    10.36187512
5.45045045    -2.92668320    10.37845107
5.46546547    -3.13456728    10.27829614
5.48048048    -3.28757021    10.06203123
5.49549550    -3.32754288    9.76149748
5.51051051    -3.21294962    9.44226434
5.52552553    -2.95058002    9.19250606
5.54054054    -2.60099904    9.07243535
5.55555556    -2.23209915    9.09264895
5.57057057    -1.89675409    9.23804416
5.58558559    -1.63102583    9.47257631
5.60060060    -1.43438334    9.75784663
5.61561562    -1.29397566    10.09100540
5.63063063    -1.23045935    10.48226090
5.64564565    -1.28175262    10.90593165
5.66066066    -1.44981798    11.30727861
5.67567568    -1.69830411    11.66251094
5.69069069    -2.01812839    11.98436348
5.70570571    -2.43032012    12.25839995
5.72072072    -2.93552709    12.44102304
5.73573574    -3.50622643    12.48505832
5.75075075    -4.07838609    12.35430157
5.76576577    -4.56434487    12.06560569
5.78078078    -4.91312177    11.68779913
5.79579580    -5.12167071    11.28869962
5.81081081    -5.20950743    10.92404204
5.82582583    -5.22170042    10.63236658
5.84084084    -5.20888329    10.41711047
5.85585586    -5.20631190    10.26129819
5.87087087    -5.23562042    10.13661612
5.88588589    -5.29413928    10.00959388
5.90090090    -5.36310216    9.86556563
5.91591592    -5.42776689    9.69891715
5.93093093    -5.46114975    9.51190620
5.94594595    -5.44667206    9.34402678
5.96096096    -5.42329877    9.23174759
5.97597598    -5.44117568    9.15098184
5.99099099    -5.49965852    9.05186066
6.00600601    -5.56571075    8.91466204
6.02102102    -5.61410034    8.74567635
6.03603604    -5.62800667    8.55534342
6.05105105    -5.58994282    8.36681263
6.06606607    -5.50791252    8.22066136
6.08108108    -5.42511039    8.13651427
6.09609610    -5.38357634    8.08962854
6.11111111    -5.38444441    8.03319293
6.12612613    -5.39224469    7.94712195
6.14114114    -5.37903598    7.84961668
6.15615616    -5.34739384    7.76863662
6.17117117    -5.31972570    7.71367910
6.18618619    -5.31178091    7.67324685
6.20120120    -5.32386330    7.63571328
6.21621622    -5.35846454    7.59835487
6.23123123    -5.42590098    7.54544042
6.24624625    -5.51219747    7.44665774
6.26126126    -5.57847328    7.29705009
6.27627628    -5.59886896    7.12202403
6.29129129    -5.57207462    6.95186072
6.30630631    -5.51425052    6.80693775
6.32132132    -5.44455104    6.68794657
6.33633634    -5.36747367    6.58911928
6.35135135    -5.28443665    6.51440733
6.36636637    -5.20525523    6.46887249
6.38138138    -5.14493255    6.44994042
6.39639640    -5.11509643    6.44330075
6.41141141    -5.11396542    6.43076054
6.42642643    -5.12980026    6.40192822
6.44144144    -5.15122288    6.35806028
6.45645646    -5.17616887    6.30268843
6.47147147    -5.20253634    6.23342321
6.48648649    -5.22424422    6.14979878
6.50150150    -5.23468986    6.05492698
6.51651652    -5.23070295    5.95756422
6.53153153    -5.21833723    5.86372915
6.54654655    -5.20220127    5.76967692
6.56156156    -5.17762523    5.67051572
6.57657658    -5.13308721    5.57104172
6.59159159    -5.06657613    5.49274041
6.60660661    -5.00537570    5.45185357
6.62162162    -4.98065295    5.42398687
6.63663664    -4.97814051    5.36998597
6.65165165    -4.95998347    5.29152241
6.66666667    -4.91691308    5.21870972
6.68168168    -4.86928748    5.16804612
6.69669670    -4.83656469    5.12763659
6.71171171    -4.81282151    5.07833696
6.72672673    -4.77993049    5.02157865
6.74174174    -4.73423677    4.97584691
6.75675676    -4.69483681    4.95135369
6.77177177    -4.67857002    4.93121719
6.78678679    -4.67426731    4.89437766
6.80180180    -4.65979154    4.84539194
6.81681682    -4.63443723    4.80632360
6.83183183    -4.62032503    4.78265541
6.84684685    -4.62882750    4.75462875
6.86186186    -4.64877301    4.70607997
6.87687688    -4.66517687    4.63466608
6.89189189    -4.66534853    4.54728031
6.90690691    -4.64749312    4.45694962
6.92192192    -4.61812536    4.36693062
6.93693694    -4.57526604    4.27393569
6.95195195    -4.51119957    4.18188856
6.96696697    -4.42088347    4.10231643
6.98198198    -4.30752577    4.05397071
6.99699700    -4.19294513    4.05304554
7.01201201    -4.10836909    4.09200854
7.02702703    -4.06579450    4.14239252
7.04204204    -4.05253335    4.18603760
7.05705706    -4.06113288    4.22559659
7.07207207    -4.10111681    4.25714075
7.08708709    -4.17350078    4.25750822
7.10210210    -4.25467957    4.20703258
7.11711712    -4.31242324    4.11042585
7.13213213    -4.32857126    3.99197544
7.14714715    -4.30598367    3.87695894
7.16216216    -4.25838535    3.77776468
7.17717718    -4.19673917    3.69592219
7.19219219    -4.12701931    3.63116375
7.20720721    -4.05572915    3.58351617
7.22222222    -3.98926246    3.54718299
7.23723724    -3.92425283    3.51432898
7.25225225    -3.85272480    3.48729066
7.26726727    -3.77346685    3.47554797
7.28228228    -3.69347265    3.48845533
7.29729730    -3.62716232    3.53056128
7.31231231    -3.59236517    3.59588048
7.32732733    -3.60289583    3.66735200
7.34234234    -3.66217941    3.71750187
7.35735736    -3.75093542    3.71762917
7.37237237    -3.83285154    3.66148515
7.38738739    -3.88064407    3.56867261
7.40240240    -3.88864820    3.46628149
7.41741742    -3.86725305    3.37303079
7.43243243    -3.83107795    3.29330922
7.44744745    -3.78615727    3.22190364
7.46246246    -3.73039381    3.15889233
7.47747748    -3.66646773    3.10850461
7.49249249    -3.59781498    3.07134607
7.50750751    -3.52761247    3.05014913
7.52252252    -3.46405167    3.04379098
7.53753754    -3.40850548    3.04435733
7.55255255    -3.35578275    3.05232382
7.56756757    -3.30952252    3.07372579
7.58258258    -3.27914391    3.10743510
7.59759760    -3.27129639    3.14558932
7.61261261    -3.28751053    3.17827710
7.62762763    -3.32631119    3.19485733
7.64264264    -3.37892450    3.18283175
7.65765766    -3.42743858    3.13853642
7.67267267    -3.45774734    3.07087494
7.68768769    -3.46475712    2.99144651
7.70270270    -3.44736969    2.91070568
7.71771772    -3.41011510    2.84018970
7.73273273    -3.36527321    2.78349145
7.74774775    -3.31867266    2.73289242
7.76276276    -3.26487444    2.68426467
7.77777778    -3.19872992    2.64291309
7.79279279    -3.12150621    2.61789315
7.80780781    -3.04155745    2.61689151
7.82282282    -2.97223870    2.64123302
7.83783784    -2.92690081    2.68337788
7.85285285    -2.91227864    2.72715059
7.86786787    -2.92212874    2.75548829
7.88288288    -2.94147335    2.76068959
7.89789790    -2.95627891    2.74718940
7.91291291    -2.96256094    2.72512951
7.92792793    -2.96339092    2.69940930
7.94294294    -2.96055495    2.67038550
7.95795796    -2.95475431    2.63809102
7.97297297    -2.94649466    2.60048198
7.98798799    -2.93155369    2.55437083
8.00300300    -2.90159763    2.50264185
8.01801802    -2.85342663    2.45639651
8.03303303    -2.79508987    2.42453484
8.04804805    -2.73521950    2.40432784
8.06306306    -2.67231248    2.39218709
8.07807808    -2.60604084    2.39317189
8.09309309    -2.54406662    2.40949560
8.10810811    -2.49167575    2.43598365
8.12312312    -2.44840729    2.46864772
8.13813814    -2.41579048    2.50640553
8.15315315    -2.39521033    2.54267494
8.16816817    -2.37785157    2.57297225
8.18318318    -2.35696041    2.60721192
8.19819820    -2.34306303    2.65568488
8.21321321    -2.35145703    2.71091806
8.22822823    -2.38329118    2.75583583
8.24324324    -2.42737996    2.78007345
8.25825826    -2.47164440    2.78367584
8.27327327    -2.50774910    2.77093261
8.28828829    -2.52920375    2.75022172
8.30330330    -2.53773399    2.73405084
8.31831832    -2.54534652    2.72840409
8.33333333    -2.56288474    2.72509090
8.34834835    -2.58653676    2.71181329
8.36336336    -2.60536214    2.68801361
8.37837838    -2.61496189    2.66074713
8.39339339    -2.61698409    2.63636260
8.40840841    -2.61702119    2.61786765
8.42342342    -2.62015502    2.60248302
8.43843844    -2.62719789    2.58574076
8.45345345    -2.63635152    2.56341414
8.46846847    -2.64117066    2.53281894
8.48348348    -2.63334862    2.49978157
8.49849850    -2.61400418    2.47705343
8.51351351    -2.59608446    2.47114425
8.52852853    -2.59275994    2.47443069
8.54354354    -2.60500535    2.47207843
8.55855856    -2.62223207    2.45599546
8.57357357    -2.63476131    2.42969336
8.58858859    -2.64102987    2.39861175
8.60360360    -2.64001602    2.36415420
8.61861862    -2.62822907    2.33153212
8.63363363    -2.61055545    2.31025035
8.64864865    -2.59986952    2.29952800
8.66366366    -2.60086279    2.28719831
8.67867868    -2.60531300    2.26407412
8.69369369    -2.60188908    2.23294025
8.70870871    -2.58805883    2.20441022
8.72372372    -2.57117225    2.18513332
8.73873874    -2.56028291    2.17236400
8.75375375    -2.55705256    2.15637187
8.76876877    -2.55253796    2.13228603
8.78378378    -2.54015420    2.10702126
8.79879880    -2.52369880    2.08727946
8.81381381    -2.50827027    2.07286572
8.82882883    -2.49639760    2.06176564
8.84384384    -2.48956396    2.05095933
8.85885886    -2.48654256    2.03672509
8.87387387    -2.48388063    2.01788181
8.88888889    -2.47961773    1.99531097
8.90390390    -2.47151583    1.96913131
8.91891892    -2.45627176    1.94307693
8.93393393    -2.43659756    1.92319869
8.94894895    -2.41863238    1.90932944
8.96396396    -2.40443107    1.89821914
8.97897898    -2.39485206    1.88738159
8.99399399    -2.38913003    1.87318448
9.00900901    -2.38366101    1.85364405
9.02402402    -2.37470826    1.83017027
9.03903904    -2.36161134    1.80598795
9.05405405    -2.34558496    1.78174588
9.06906907    -2.32566097    1.75754432
9.08408408    -2.30139511    1.73498792
9.09909910    -2.27226402    1.71526141
9.11411411    -2.23760612    1.70234991
9.12912913    -2.20256405    1.70135091
9.14414414    -2.17545624    1.71025927
9.15915916    -2.15923538    1.72247744
9.17417417    -2.15315687    1.73334677
9.18918919    -2.15643731    1.73870487
9.20420420    -2.16538457    1.73327445
9.21921922    -2.17233486    1.71559562
9.23423423    -2.17126556    1.68980169
9.24924925    -2.16038832    1.66141439
9.26426426    -2.14057306    1.63507565
9.27927928    -2.11454824    1.61373273
9.29429429    -2.08478373    1.59787361
9.30930931    -2.05206918    1.58807395
9.32432432    -2.01803743    1.58618500
9.33933934    -1.98621664    1.59328196
9.35435435    -1.96105276    1.60797802
9.36936937    -1.94522984    1.62589139
9.38438438    -1.93792723    1.64289386
9.39939940    -1.93808531    1.65685209
9.41441441    -1.94484150    1.66434642
9.42942943    -1.95367697    1.66153844
9.44444444    -1.95714132    1.64906814
9.45945946    -1.94988580    1.63288435
9.47447447    -1.93133628    1.62169179
9.48948949    -1.90785787    1.62342721
9.50450450    -1.89041039    1.63883345
9.51951952    -1.88700345    1.66079431
9.53453454    -1.89905233    1.67894306
9.54954955    -1.92025201    1.68422447
9.56456456    -1.93933802    1.67581983
9.57957958    -1.95043239    1.66200706
9.59459460    -1.95774167    1.64952362
9.60960961    -1.96686073    1.63598218
9.62462462    -1.97561313    1.61573835
9.63963964    -1.97676224    1.58955809
9.65465465    -1.96759007    1.56531880
9.66966967    -1.95381264    1.54914250
9.68468469    -1.94239695    1.53899520
9.69969970    -1.93364889    1.52960287
9.71471471    -1.92419146    1.52084449
9.72972973    -1.91509507    1.51596472
9.74474475    -1.91095557    1.51398047
9.75975976    -1.91269990    1.50923547
9.77477477    -1.91511056    1.49871578
9.78978979    -1.91488269    1.48618744
9.80480480    -1.91482447    1.47321349
9.81981982    -1.91448484    1.45652759
9.83483484    -1.90927677    1.43675391
9.84984985    -1.89761300    1.41909647
9.86486486    -1.88327889    1.40839996
9.87987988    -1.87341694    1.40428507
9.89489490    -1.87149210    1.39969057
9.90990991    -1.87308423    1.38891315
9.92492492    -1.87306748    1.37245520
9.93993994    -1.86903763    1.35245705
9.95495495    -1.85965669    1.33146482
9.96996997    -1.84517614    1.31251534
9.98498499    -1.82772943    1.29780615
10.00000000    -1.80992867    1.28729930
10.01501501    -1.79272786    1.28000241
10.03003003    -1.77677303    1.27601797
10.04504505    -1.76414309    1.27484656
10.06006006    -1.75613794    1.27318012
10.07507508    -1.74946058    1.26776386
10.09009009    -1.73966204    1.26128452
10.10510510    -1.72877991    1.25900615
10.12012012    -1.72310800    1.25981208
10.13513514    -1.72313392    1.25636771
10.15015015    -1.72120492    1.24612131
10.16516516    -1.71289563    1.23600478
10.18018018    -1.70371406    1.23167806
10.19519520    -1.69978647    1.22947293
10.21021021    -1.69973136    1.22365523
10.22522523    -1.69923751    1.21315846
10.24024024    -1.69553726    1.19998215
10.25525525    -1.68826961    1.18702911
10.27027027    -1.67911687    1.17599061
10.28528529    -1.66970547    1.16660028
10.30030030    -1.66046905    1.15798462
10.31531531    -1.65093553    1.14949546
10.33033033    -1.63983820    1.14180967
10.34534535    -1.62795761    1.13749229
10.36036036    -1.61894264    1.13643704
10.37537538    -1.61381584    1.13526709
10.39039039    -1.61080286    1.13244443
10.40540540    -1.60905420    1.12820674
10.42042042    -1.60864749    1.12218216
10.43543544    -1.60882367    1.11328337
10.45045045    -1.60770248    1.10124948
10.46546546    -1.60352097    1.08748352
10.48048048    -1.59618527    1.07445159
10.49549550    -1.58787598    1.06366013
10.51051051    -1.58079373    1.05343958
10.52552553    -1.57360694    1.04121625
10.54054054    -1.56315099    1.02758920
10.55555556    -1.54832341    1.01611837
10.57057057    -1.53181796    1.00996839
10.58558559    -1.51767345    1.00881523
10.60060060    -1.50814701    1.00987112
10.61561562    -1.50304477    1.00982274
10.63063063    -1.50002677    1.00674035
10.64564565    -1.49666207    1.00106752
10.66066066    -1.49201860    0.99442505
10.67567568    -1.48663508    0.98814712
10.69069069    -1.48171441    0.98245212
10.70570571    -1.47801494    0.97650754
10.72072072    -1.47554622    0.96916797
10.73573574    -1.47347482    0.95899667
10.75075075    -1.46902250    0.94530275
10.76576577    -1.45929175    0.93093764
10.78078078    -1.44543691    0.92022291
10.79579580    -1.43128140    0.91450131
10.81081081    -1.41969922    0.91205196
10.82582583    -1.41116335    0.91048630
10.84084084    -1.40527777    0.90833135
10.85585586    -1.40085636    0.90389591
10.87087087    -1.39492193    0.89753333
10.88588589    -1.38703973    0.89277984
10.90090090    -1.38084838    0.89083328
10.91591592    -1.37830443    0.88855530
10.93093093    -1.37753498    0.88380941
10.94594595    -1.37735517    0.87709527
10.96096096    -1.37801804    0.86806994
10.97597598    -1.37865304    0.85532368
10.99099099    -1.37683447    0.83830749
11.00600601    -1.36978627    0.81835464
11.02102102    -1.35567702    0.79878859
11.03603604    -1.33543765    0.78417280
11.05105105    -1.31337302    0.77725134
11.06606607    -1.29400841    0.77681446
11.08108108    -1.27916741    0.77989075
11.09609610    -1.26891008    0.78445291
11.11111111    -1.26368353    0.78918029
11.12612613    -1.26401277    0.79133766
11.14114114    -1.26766266    0.78724705
11.15615616    -1.26951688    0.77606350
11.17117117    -1.26562098    0.76132469
11.18618619    -1.25632528    0.74788251
11.20120120    -1.24518288    0.73779032
11.21621622    -1.23478264    0.72928510
11.23123123    -1.22436053    0.72033222
11.24624625    -1.21221042    0.71129122
11.26126126    -1.19807762    0.70405876
11.27627628    -1.18383970    0.69986318
11.29129129    -1.17133253    0.69753294
11.30630631    -1.16031133    0.69568549
11.32132132    -1.15063796    0.69429383
11.33633634    -1.14305497    0.69252339
11.35135135    -1.13692737    0.68834244
11.36636637    -1.12945665    0.68094100
11.38138138    -1.11794957    0.67258988
11.39639640    -1.10293444    0.66710900
11.41141141    -1.08779606    0.66594212
11.42642643    -1.07494985    0.66746233
11.44144144    -1.06462101    0.66979218
11.45645646    -1.05630836    0.67196770
11.47147147    -1.04953340    0.67353248
11.48648649    -1.04391341    0.67423881
11.50150150    -1.03920703    0.67396805
11.51651652    -1.03541753    0.67229304
11.53153153    -1.03172810    0.66820173
11.54654655    -1.02607000    0.66196641
11.56156156    -1.01762232    0.65573989
11.57657658    -1.00753561    0.65104483
11.59159159    -0.99721702    0.64798975
11.60660661    -0.98745381    0.64564773
11.62162162    -0.97753326    0.64322807
11.63663664    -0.96687886    0.64156103
11.65165165    -0.95643675    0.64109969
11.66666667    -0.94655146    0.64089704
11.68168168    -0.93622544    0.64074374
11.69669670    -0.92517836    0.64169982
11.71171171    -0.91422873    0.64439495
11.72672673    -0.90422212    0.64860363
11.74174174    -0.89535689    0.65373081
11.75675676    -0.88740402    0.65978793
11.77177177    -0.88085028    0.66708256
11.78678679    -0.87630688    0.67516354
11.80180180    -0.87380851    0.68372037
11.81681682    -0.87397584    0.69286550
11.83183183    -0.87827219    0.70171827
11.84684685    -0.88729951    0.70744035
11.86186186    -0.89857862    0.70714833
11.87687688    -0.90845317    0.70126178
11.89189189    -0.91575247    0.69174490
11.90690691    -0.92003608    0.67904697
11.92192192    -0.91950874    0.66418718
11.93693694    -0.91350694    0.65015097
11.95195195    -0.90379239    0.63953828
11.96696697    -0.89314044    0.63294389
11.98198198    -0.88344873    0.62904175
11.99699700    -0.87473725    0.62634330
12.01201201    -0.86653955    0.62466785
12.02702703    -0.85914382    0.62395429
12.04204204    -0.85235290    0.62376841
12.05705706    -0.84580757    0.62469314
12.07207207    -0.84052752    0.62756285
12.08708709    -0.83828797    0.63189185
12.10210210    -0.84038437    0.63586873
12.11711712    -0.84695624    0.63663226
12.13213213    -0.85580385    0.63106091
12.14714715    -0.86233315    0.61827087
12.16216216    -0.86250320    0.60120855
12.17717718    -0.85569391    0.58434082
12.19219219    -0.84362766    0.57078330
12.20720721    -0.82896164    0.56233024
12.22222222    -0.81498008    0.55884901
12.23723724    -0.80368597    0.55819795
12.25225225    -0.79504642    0.55810076
12.26726727    -0.78779282    0.55736359
12.28228228    -0.78067523    0.55642846
12.29729730    -0.77413460    0.55638391
12.31231231    -0.76957948    0.55655681
12.32732733    -0.76671919    0.55504721
12.34234234    -0.76375744    0.55109677
12.35735736    -0.75898862    0.54551814
12.37237237    -0.75184838    0.54007584
12.38738739    -0.74315219    0.53634068
12.40240240    -0.73470796    0.53491572
12.41741742    -0.72833333    0.53439727
12.43243243    -0.72334700    0.53232271
12.44744745    -0.71725405    0.52849525
12.46246246    -0.70887028    0.52489554
12.47747748    -0.69921222    0.52357205
12.49249249    -0.69060826    0.52469296
12.50750751    -0.68425404    0.52650756
12.52252252    -0.67955001    0.52730475
12.53753754    -0.67488922    0.52659564
12.55255255    -0.66922091    0.52544650
12.56756757    -0.66294653    0.52489587
12.58258258    -0.65670873    0.52505558
12.59759760    -0.65081007    0.52584722
12.61261261    -0.64567297    0.52713651
12.62762763    -0.64154012    0.52829367
12.64264264    -0.63796067    0.52879768
12.65765766    -0.63444468    0.52868639
12.67267267    -0.63072020    0.52817705
12.68768769    -0.62670761    0.52749750
12.70270270    -0.62225031    0.52687187
12.71771772    -0.61748086    0.52700629
12.73273273    -0.61362352    0.52812810
12.74774775    -0.61150026    0.52875146
12.76276276    -0.60986655    0.52739637
12.77777778    -0.60684185    0.52449732
12.79279279    -0.60176185    0.52178025
12.80780781    -0.59565565    0.52079361
12.82282282    -0.59037919    0.52137966
12.83783784    -0.58640606    0.52189889
12.85285285    -0.58249908    0.52158971
12.86786787    -0.57775831    0.52133605
12.88288288    -0.57270292    0.52215117
12.89789790    -0.56825789    0.52399189
12.91291291    -0.56477802    0.52643097
12.92792793    -0.56251070    0.52917539
12.94294294    -0.56175425    0.53172959
12.95795796    -0.56250122    0.53321221
12.97297297    -0.56397099    0.53284050
12.98798799    -0.56508241    0.53060738
13.00300300    -0.56512678    0.52709219
13.01801802    -0.56390700    0.52292194
13.03303303    -0.56135376    0.51857077
13.04804805    -0.55756832    0.51460698
13.06306306    -0.55290157    0.51136796
13.07807808    -0.54761199    0.50912154
13.09309309    -0.54228755    0.50814917
13.10810811    -0.53767550    0.50812133
13.12312312    -0.53397660    0.50826740
13.13813814    -0.53071799    0.50797055
13.15315315    -0.52706720    0.50737669
13.16816817    -0.52286198    0.50741781
13.18318318    -0.51897723    0.50863481
13.19819820    -0.51630983    0.51051885
13.21321321    -0.51495132    0.51207972
13.22822823    -0.51416542    0.51278115
13.24324324    -0.51343223    0.51297654
13.25825826    -0.51291444    0.51281467
13.27327327    -0.51239624    0.51203804
13.28828829    -0.51143549    0.51092123
13.30330330    -0.50998026    0.50995013
13.31831832    -0.50830517    0.50969929
13.33333333    -0.50732017    0.51036981
13.34834835    -0.50775540    0.51124548
13.36336336    -0.50959336    0.51146809
13.37837838    -0.51254313    0.51039670
13.39339339    -0.51602323    0.50739793
13.40840841    -0.51892685    0.50217742
13.42342342    -0.51995358    0.49541440
13.43843844    -0.51889466    0.48873567
13.45345345    -0.51692581    0.48287686
13.46846847    -0.51466712    0.47724878
13.48348348    -0.51169581    0.47153512
13.49849850    -0.50765807    0.46627975
13.51351351    -0.50302123    0.46219822
13.52852853    -0.49875112    0.45923040
13.54354354    -0.49520674    0.45655831
13.55855856    -0.49195828    0.45364105
13.57357357    -0.48840573    0.45062411
13.58858859    -0.48459471    0.44826211
13.60360360    -0.48153171    0.44666456
13.61861862    -0.47972356    0.44469256
13.63363363    -0.47821294    0.44132661
13.64864865    -0.47566452    0.43707010
13.66366366    -0.47208358    0.43318855
13.67867868    -0.46839855    0.43003299
13.69369369    -0.46516113    0.42699546
13.70870871    -0.46192718    0.42336114
13.72372372    -0.45776289    0.41947892
13.73873874    -0.45284177    0.41650198
13.75375375    -0.44842331    0.41456329
13.76876877    -0.44502761    0.41242734
13.78378378    -0.44151495    0.40915295
13.79879880    -0.43652491    0.40574671
13.81381381    -0.43088209    0.40387363
13.82882883    -0.42633290    0.40292199
13.84384384    -0.42245507    0.40123412
13.85885886    -0.41768599    0.39899692
13.87387387    -0.41176063    0.39770866
13.88888889    -0.40592102    0.39823238
13.90390390    -0.40135238    0.39998414
13.91891892    -0.39828863    0.40207385
13.93393393    -0.39653483    0.40385895
13.94894895    -0.39563380    0.40508680
13.96396396    -0.39551001    0.40596493
13.97897898    -0.39666833    0.40613541
13.99399399    -0.39878049    0.40438116
14.00900901    -0.40027805    0.40033545
14.02402402    -0.40003064    0.39508200
14.03903904    -0.39821893    0.38987191
14.05405405    -0.39556077    0.38503602
14.06906907    -0.39225729    0.38039051
14.08408408    -0.38813875    0.37597618
14.09909910    -0.38299901    0.37225543
14.11411411    -0.37725524    0.37014753
14.12912913    -0.37240027    0.36989349
14.14414414    -0.36955096    0.37011627
14.15915916    -0.36808609    0.36921817
14.17417417    -0.36654936    0.36697913
14.18918919    -0.36429567    0.36437687
14.20420420    -0.36191200    0.36204432
14.21921922    -0.35993104    0.35952552
14.23423423    -0.35791571    0.35623195
14.24924925    -0.35518181    0.35245143
14.26426426    -0.35167596    0.34876324
14.27927928    -0.34766266    0.34555405
14.29429429    -0.34360139    0.34285780
14.30930931    -0.33961672    0.34041625
14.32432432    -0.33567848    0.33822210
14.33933934    -0.33198656    0.33629026
14.35435435    -0.32876226    0.33423309
14.36936937    -0.32551496    0.33155742
14.38438438    -0.32151189    0.32874952
14.39939940    -0.31713817    0.32677679
14.41441441    -0.31361501    0.32548428
14.42942943    -0.31123887    0.32345786
14.44444444    -0.30862236    0.31976142
14.45945946    -0.30430021    0.31542150
14.47447447    -0.29871522    0.31196685
14.48948949    -0.29296452    0.30941428
14.50450450    -0.28712782    0.30720580
14.51951952    -0.28087932    0.30547607
14.53453454    -0.27446265    0.30463015
14.54954955    -0.26832429    0.30456569
14.56456456    -0.26247479    0.30505241
14.57957958    -0.25693122    0.30626692
14.59459460    -0.25219387    0.30829017
14.60960961    -0.24875683    0.31056478
14.62462462    -0.24634654    0.31232873
14.63963964    -0.24436693    0.31363608
14.65465465    -0.24306837    0.31479682
14.66966967    -0.24290671    0.31516805
14.68468469    -0.24322956    0.31369029
14.69969970    -0.24255761    0.31040905
14.71471471    -0.24019578    0.30646675
14.72972973    -0.23639080    0.30269982
14.74474475    -0.23135339    0.29952426
14.75975976    -0.22539860    0.29751061
14.77477477    -0.21928662    0.29692936
14.78978979    -0.21362004    0.29752004
14.80480480    -0.20871954    0.29899024
14.81981982    -0.20491078    0.30097125
14.83483484    -0.20228587    0.30286038
14.84984985    -0.20056779    0.30416699
14.86486486    -0.19939718    0.30461835
14.87987988    -0.19833089    0.30403837
14.89489490    -0.19682819    0.30244432
14.90990991    -0.19427866    0.30012564
14.92492492    -0.19020726    0.29788278
14.93993994    -0.18489616    0.29688937
14.95495495    -0.17958748    0.29774514
14.96996997    -0.17549193    0.29981126
14.98498499    -0.17274896    0.30189063
15.00000000    -0.17059713    0.30341716

