# omega(eV)     n     kappa     alpha(1/m)
0.00000000     3.69605871     0.00000000     0.00000000
0.01501501     3.69613203     0.00049129     74.76659893
0.03003003     3.69635209     0.00098337     299.30724652
0.04504504     3.69671924     0.00147704     674.34692293
0.06006006     3.69723406     0.00197311     1201.10647311
0.07507508     3.69789736     0.00247243     1881.32237633
0.09009009     3.69871020     0.00297586     2717.27062983
0.10510511     3.69967390     0.00348432     3711.80479952
0.12012012     3.70079004     0.00399878     4868.40435334
0.13513513     3.70206049     0.00452028     6191.22898768
0.15015015     3.70348744     0.00504994     7685.20012008
0.16516517     3.70507338     0.00558897     9356.07940123
0.18018018     3.70682119     0.00613872     11210.58862693
0.19519519     3.70873413     0.00670067     13256.55090134
0.21021021     3.71081587     0.00727645     15503.04842225
0.22522523     3.71307061     0.00786795     17960.64584977
0.24024024     3.71550304     0.00847725     20641.63145481
0.25525526     3.71811848     0.00910676     23560.37568544
0.27027027     3.72092295     0.00975927     26733.70638785
0.28528528     3.72392323     0.01043800     30181.46675627
0.30030030     3.72712703     0.01114675     33927.16087818
0.31531531     3.73054311     0.01188999     37998.82929552
0.33033033     3.73418146     0.01267311     42430.20339590
0.34534535     3.73805348     0.01350257     47262.16680473
0.36036036     3.74217233     0.01438630     52544.78987407
0.37537538     3.74655316     0.01533408     58340.06581649
0.39039039     3.75121357     0.01635812     64725.60638389
0.40540540     3.75617406     0.01747394     71799.92545134
0.42042042     3.76145865     0.01870147     79689.84319126
0.43543543     3.76709560     0.02006671     88561.18821739
0.45045045     3.77311817     0.02160423     98634.62724012
0.46546547     3.77956554     0.02336078     110209.33649201
0.48048048     3.78648345     0.02540083     123699.27345270
0.49549550     3.79392426     0.02781517     139689.90663300
0.51051051     3.80194508     0.03073451     159028.32747533
0.52552553     3.81060091     0.03435097     182968.49872958
0.54054054     3.81992576     0.03895226     213404.96130092
0.55555556     3.82988433     0.04497339     253236.72865696
0.57057057     3.84025426     0.05306339     306865.38870165
0.58558559     3.85035353     0.06412097     380569.52748780
0.60060060     3.85849024     0.07908167     481398.94933203
0.61561562     3.86127749     0.09779146     610174.53995904
0.63063063     3.85453188     0.11621765     742832.10985612
0.64564565     3.83915758     0.12542315     820758.64409774
0.66066066     3.82557183     0.12067671     808063.36388706
0.67567568     3.82276517     0.10893230     745999.42758164
0.69069069     3.82988459     0.09904791     693381.81051433
0.70570571     3.84212593     0.09455084     676289.36130479
0.72072072     3.85557280     0.09527572     695973.58238429
0.73573574     3.86817530     0.09934219     740796.81799252
0.75075075     3.88045037     0.10488778     798112.65837064
0.76576577     3.89407023     0.11275682     875149.59947716
0.78078078     3.90820813     0.12595998     996793.57275645
0.79579580     3.91854089     0.14637308     1180609.78072492
0.81081081     3.91848491     0.17161048     1410284.92761745
0.82582583     3.90414827     0.19208156     1607746.85168107
0.84084084     3.88319629     0.19636639     1673495.20441119
0.85585586     3.87083910     0.18578737     1611611.44816893
0.87087087     3.87264734     0.17318175     1528619.57673392
0.88588589     3.88227529     0.16778441     1506513.13618209
0.90090090     3.89085510     0.16976793     1550158.84085804
0.91591592     3.89427749     0.17274207     1603604.45239092
0.93093093     3.89649928     0.17142418     1617458.15430845
0.94594595     3.90211544     0.16813083     1611970.88070940
0.96096096     3.90966680     0.16578940     1614752.78049539
0.97597598     3.91806571     0.16286284     1611033.82537301
0.99099099     3.92959943     0.15939856     1601023.23579842
1.00600601     3.94415463     0.15801660     1611190.16844133
1.02102102     3.95992922     0.15868498     1642154.55973695
1.03603604     3.97801149     0.16070183     1687482.27918640
1.05105105     3.99954517     0.16685789     1777518.27799108
1.06606607     4.02180915     0.18067744     1952232.66261434
1.08108108     4.03942356     0.20291414     2223382.11544710
1.09609610     4.04638235     0.23019860     2557377.47030888
1.11111111     4.03968946     0.25341987     2853919.22921484
1.12612613     4.02691567     0.26236292     2994560.02956407
1.14114114     4.02191066     0.25963582     3002945.77226829
1.15615616     4.02719148     0.25776562     3020542.98149727
1.17117117     4.03442920     0.26249901     3115957.75694600
1.18618619     4.03633947     0.27033669     3250134.87811547
1.20120120     4.03138647     0.27343584     3329007.06034900
1.21621622     4.02635054     0.26538477     3271374.80872533
1.23123123     4.03024155     0.24937525     3111977.85233274
1.24624625     4.04439685     0.23250794     2936873.07847998
1.26126126     4.06715680     0.21789953     2785510.99783664
1.27627628     4.09798195     0.20832935     2694875.39627335
1.29129129     4.13450029     0.20718462     2711597.76060461
1.30630631     4.17270841     0.21613157     2861585.73937387
1.32132132     4.20831069     0.23483098     3144903.72433915
1.33633634     4.23772994     0.26080820     3532486.73276100
1.35135135     4.25966006     0.29071473     3981794.56918042
1.36636637     4.27351986     0.32257519     4467264.36608010
1.38138138     4.27714243     0.35302879     4942734.06836038
1.39639640     4.27185445     0.37467782     5302860.90548700
1.41141141     4.26643475     0.38368730     5488764.17930664
1.42642643     4.26793549     0.38576335     5577169.79770549
1.44144144     4.27417201     0.38655078     5647380.99882917
1.45645646     4.28294363     0.38429590     5672921.55197992
1.47147147     4.29752716     0.37801085     5637669.78614370
1.48648649     4.32044427     0.37043048     5580989.44807765
1.50150150     4.35276213     0.36474407     5550824.98707433
1.51651652     4.39413344     0.36533402     5615401.15702781
1.53153153     4.44141036     0.37585057     5834245.16594294
1.54654655     4.49077889     0.39777589     6235122.29386396
1.56156156     4.53836710     0.43244300     6844338.89120372
1.57657658     4.57683082     0.47996054     7669448.45814630
1.59159159     4.59749955     0.53217442     8584779.76072028
1.60660661     4.60223642     0.57374507     9342692.29015267
1.62162162     4.60517383     0.59690427     9810648.95315472
1.63663664     4.62045814     0.60601144     10052558.77819605
1.65165165     4.65631320     0.61334710     10267584.73349855
1.66666667     4.70991367     0.63408706     10711274.97872659
1.68168168     4.76891962     0.67545313     11512841.88437006
1.69669670     4.82322909     0.73323829     12609355.07256394
1.71171171     4.87269682     0.80198978     13913711.06149512
1.72672673     4.91844627     0.88455147     15480687.57058610
1.74174174     4.95374753     0.98462259     17381893.32329417
1.75675676     4.96908686     1.09889937     19566497.05728117
1.77177177     4.95823926     1.21873958     21885789.59181610
1.78678679     4.91920504     1.33214726     24125065.10543969
1.80180180     4.85974796     1.42521171     26027348.37625786
1.81681682     4.79705744     1.49631520     27553562.29854342
1.83183183     4.73850720     1.55732926     28914092.66682594
1.84684685     4.67856031     1.61617091     30252529.51040196
1.86186186     4.60874764     1.67081534     31529670.73000201
1.87687688     4.52687920     1.71034602     32535934.97568751
1.89189189     4.44257174     1.72490522     33075397.80429861
1.90690691     4.37161135     1.71399923     33127116.93075471
1.92192192     4.32907567     1.68916453     32904191.00498486
1.93693694     4.31859104     1.67322273     32848289.66531581
1.95195195     4.32397864     1.68572267     33350225.64499065
1.96696697     4.32151603     1.72768453     34443322.46784855
1.98198198     4.29515963     1.78712388     35900284.16460928
1.99699700     4.23703935     1.84652761     37374616.28183166
2.01201201     4.15160464     1.88460044     38432035.18632907
2.02702703     4.05694705     1.88844920     38797913.65210020
2.04204204     3.97382012     1.85921763     38480298.55077182
2.05705706     3.91805211     1.81020462     37741358.88440202
2.07207207     3.89163397     1.76167883     36997733.26653959
2.08708709     3.88295334     1.72543121     36499065.55441809
2.10210210     3.88181096     1.70103920     36241958.05766696
2.11711712     3.88489777     1.68506772     36158113.97811767
2.13213213     3.89343710     1.67760154     36253209.15129770
2.14714715     3.90495135     1.68402851     36648379.25353135
2.16216216     3.91078151     1.70544901     37374081.39262135
2.17717718     3.90443757     1.73767597     38344766.16663873
2.19219219     3.88020737     1.77479320     39433916.05241719
2.20720721     3.83608097     1.80495439     40378749.36576839
2.22222222     3.78049767     1.81862990     40961451.49499962
2.23723724     3.72145163     1.81555634     41168523.79845740
2.25225225     3.66307686     1.79353112     40942039.35138303
2.26726727     3.61695468     1.75052471     40226707.65566720
2.28228228     3.59577018     1.69786304     39274940.68101679
2.29729730     3.59736567     1.65296056     38487811.59148636
2.31231231     3.61004706     1.62286620     38034063.82444453
2.32732733     3.62501413     1.60686422     37903575.23259465
2.34234234     3.63527191     1.60131893     38016465.03322052
2.35735736     3.63826198     1.59846780     38192038.68507312
2.37237237     3.63781295     1.59255205     38293055.27037998
2.38738739     3.64032652     1.58208236     38282078.51521415
2.40240240     3.65274716     1.57279488     38296701.06466598
2.41741742     3.67231865     1.57611562     38617419.15456116
2.43243243     3.68730699     1.59552874     39335886.47661180
2.44744745     3.68798268     1.62595038     40333340.24514765
2.46246246     3.66814926     1.65769167     41372989.08482027
2.47747748     3.62855969     1.67631373     42092870.58449171
2.49249249     3.58218473     1.67017676     42192943.23114449
2.50750751     3.54715812     1.64205466     41732401.57511511
2.52252252     3.53147272     1.60627245     41067454.82911853
2.53753754     3.53072424     1.57444644     40493367.18089534
2.55255255     3.53722648     1.55052538     40114103.98753965
2.56756757     3.54411756     1.53279944     39888778.82909855
2.58258258     3.54947465     1.51532687     39664690.13697615
2.59759760     3.55732945     1.49454031     39348033.41677988
2.61261261     3.57265861     1.47208589     38980885.04957029
2.62762763     3.59730960     1.45318356     38701502.09596165
2.64264264     3.62882702     1.44285447     38645995.02393355
2.65765766     3.66259021     1.44298708     38869146.68736542
2.67267267     3.69506081     1.45345955     39372432.50417968
2.68768769     3.72216704     1.47404175     40154304.99840635
2.70270270     3.73900177     1.50144620     41129324.49576460
2.71771772     3.74397890     1.52972911     42136882.52230423
2.73273273     3.73784337     1.55420322     43047554.86133200
2.74774775     3.72204533     1.56889374     43693206.52490027
2.76276276     3.70388128     1.56753273     43893856.32635637
2.77777778     3.69497693     1.55134627     43676695.38314398
2.79279279     3.70264555     1.53003742     43309611.91452230
2.80780781     3.72448241     1.51490269     43111748.74636850
2.82282282     3.75211010     1.50978990     43196012.83418403
2.83783784     3.78088661     1.51213690     43493285.16251830
2.85285285     3.81001140     1.52060977     43968401.05252419
2.86786787     3.83792838     1.53464859     44607882.58866949
2.88288288     3.86417482     1.55253194     45363971.45197196
2.89789790     3.88947040     1.57398376     46230314.86811730
2.91291291     3.91408143     1.59955517     47224813.35325243
2.92792793     3.93762204     1.63142198     48413916.53564809
2.94294294     3.95574524     1.67156901     49859702.09094962
2.95795796     3.96241575     1.71685958     51471911.64637487
2.97297297     3.95552995     1.75938399     53014555.07467227
2.98798799     3.93987009     1.79196617     54269045.15007631
3.00300300     3.92270213     1.81323911     55189234.47294526
3.01801802     3.90945032     1.82548756     55839848.54781600
3.03303303     3.90312585     1.83315428     56353342.66790665
3.04804805     3.90328229     1.84003459     56844875.68409298
3.06306306     3.91039910     1.84827593     57380756.83404279
3.07807808     3.92362386     1.86384634     58147796.64483202
3.09309309     3.93480818     1.88998784     59250978.47329295
3.10810811     3.93728289     1.92110593     60518890.14145231
3.12312312     3.93168309     1.95095378     61756064.28009704
3.13813814     3.91973904     1.97693929     62879476.15788980
3.15315315     3.90261956     1.99529947     63767101.58441861
3.16816817     3.88651224     2.00196749     64284870.47794621
3.18318318     3.88045687     2.00095994     64557031.37391827
3.19819820     3.88470565     2.00249305     64911241.62505277
3.21321321     3.89142772     2.00919067     65434113.32943442
3.22822823     3.89864357     2.01577003     65955154.26067857
3.24324324     3.91162250     2.02118476     66439913.96675682
3.25825826     3.93321317     2.03219647     67111156.37611651
3.27327327     3.95711417     2.05578447     68202983.20059375
3.28828829     3.97331657     2.08984260     69650941.11290491
3.30330330     3.97817129     2.12527264     71155197.27379309
3.31831832     3.97636335     2.15506966     72480784.24928664
3.33333333     3.97390946     2.17926379     73626146.95772059
3.34834835     3.97259136     2.19985940     74656750.59967223
3.36336336     3.97461917     2.21722674     75583573.78217015
3.37837838     3.98239632     2.23633136     76575169.85076520
3.39339339     3.98928626     2.26206924     77800722.49851893
3.40840841     3.98805959     2.28663690     78993682.73322207
3.42342342     3.98611662     2.30000234     79805426.22063409
3.43843844     3.99538375     2.30595205     80362798.50186276
3.45345345     4.01813803     2.31447550     81012068.35235767
3.46846847     4.05061990     2.33243280     81995575.20526868
3.48348348     4.08634746     2.36258897     83415249.51352374
3.49849850     4.12056793     2.40262134     85194301.68900737
3.51351351     4.15229863     2.45087708     87278381.56538649
3.52852853     4.17897627     2.50663743     89645538.33639167
3.54354354     4.19906361     2.56582141     92152627.53431991
3.55855856     4.21505635     2.62563704     94700513.11759454
3.57357357     4.22864358     2.68557549     97271053.09874713
3.58858859     4.24298028     2.74413924     99809835.98771654
3.60360360     4.26323852     2.80468408     102438801.03969698
3.61861862     4.28950527     2.87304484     105372854.20127092
3.63363363     4.32128328     2.95299972     108754708.33967778
3.64864865     4.35744632     3.05198810     112864771.22602354
3.66366366     4.38993794     3.17831425     118020094.34911524
3.67867868     4.40502984     3.33526839     124355834.92114539
3.69369369     4.38721755     3.51841894     131720070.00340201
3.70870871     4.32332670     3.71670942     139709152.63299870
3.72372372     4.20218335     3.91224190     147654496.54982129
3.73873874     4.02191606     4.07600224     154455386.06843111
3.75375375     3.80251156     4.17674186     158908430.79277596
3.76876877     3.58692314     4.20227912     160519542.66489238
3.78378378     3.41631894     4.17919218     160273669.02974150
3.79879880     3.29367039     4.15413286     159944827.37587175
3.81381381     3.18728461     4.15259099     160517419.69966766
3.82882883     3.06195918     4.16340430     161569009.61818781
3.84384384     2.91031800     4.14937933     161656212.73021728
3.85885886     2.76493096     4.08591634     159805561.75975108
3.87387387     2.66329526     3.99008025     156664512.83475822
3.88888889     2.61204530     3.89872188     153670787.26073158
3.90390390     2.59217328     3.83631685     151794876.51601732
3.91891892     2.58044455     3.80813684     151259391.85179526
3.93393393     2.55854246     3.80988351     151908573.10730559
3.94894895     2.50957157     3.83048067     153312766.31088054
3.96396396     2.42372999     3.84591338     154515738.08112079
3.97897898     2.31339857     3.82800901     154378963.85056522
3.99399399     2.20916526     3.76832151     152545317.56455290
4.00900901     2.13349265     3.68269323     149639449.32040158
4.02402402     2.09036880     3.59072436     146448914.92252922
4.03903904     2.07577654     3.50566845     143513387.87204796
4.05405405     2.08315417     3.43672880     141214184.41008809
4.06906907     2.10432897     3.39020677     139818543.60029632
4.08408408     2.12896429     3.36999983     139498031.43688390
4.09909910     2.14492151     3.37520001     140226939.81600752
4.11411411     2.14082037     3.39993143     141771853.38241339
4.12912913     2.10679648     3.43229582     143643739.25548479
4.14414414     2.04028167     3.45294169     145033264.49638945
4.15915916     1.95342433     3.44179768     145088971.79394436
4.17417417     1.87125655     3.39238761     143522357.60214376
4.18918919     1.81444044     3.31795004     140878053.44881904
4.20420420     1.78750187     3.23752494     137955954.28830194
4.21921922     1.78562951     3.16440561     135321798.67806938
4.23423423     1.80080838     3.10714503     133345980.49918665
4.24924925     1.82217459     3.06905839     132178519.26547329
4.26426426     1.84014519     3.04607950     131652427.01845603
4.27927928     1.85233764     3.03047419     131439151.21257313
4.29429429     1.86240395     3.01911777     131406056.69683166
4.30930931     1.87179542     3.01517386     131693261.24655092
4.32432432     1.87594445     3.02138659     132424420.30139185
4.33933934     1.86862289     3.03593855     133524240.40277155
4.35435435     1.84368840     3.05353488     134762847.66004616
4.36936937     1.79711557     3.06191264     135598561.24574596
4.38438438     1.73762786     3.04447948     135289844.81741276
4.39939940     1.68723519     2.99743096     133655275.57905307
4.41441441     1.66165591     2.93590920     131358822.40166308
4.42942943     1.65921171     2.87757697     129186836.01683955
4.44444444     1.67042768     2.82999034     127481146.43334506
4.45945946     1.68824604     2.79366517     126269976.24280956
4.47447447     1.70808277     2.76804002     125533004.68118638
4.48948949     1.72526293     2.75065634     125163246.22600448
4.50450450     1.73880796     2.73584338     124905563.34429337
4.51951952     1.75341167     2.72120788     124651501.02902672
4.53453453     1.77156903     2.71073991     124584521.65677920
4.54954955     1.79049601     2.70717558     124832695.76831786
4.56456457     1.80791723     2.71026799     125387751.93138851
4.57957958     1.82255370     2.72013721     126258302.91369049
4.59459460     1.83185700     2.73810692     127509084.25440659
4.60960961     1.82887261     2.76329176     129102428.94379558
4.62462463     1.80757576     2.78549663     130563760.67628928
4.63963964     1.77499091     2.79093763     131243531.32743804
4.65465465     1.74767313     2.77906696     131108244.10633737
4.66966967     1.73224772     2.76297036     130769333.81010775
4.68468468     1.72137990     2.75024123     130585416.62607631
4.69969970     1.71009652     2.73750784     130397422.01051316
4.71471472     1.69984373     2.72238810     130091518.14504479
4.72972973     1.69166287     2.70466511     129656217.70162398
4.74474475     1.68719803     2.68385621     129067121.22873595
4.75975976     1.68906609     2.66095114     128370566.54206157
4.77477478     1.69940245     2.63907155     127716668.56106409
4.78978979     1.71802286     2.62317849     127346737.17461416
4.80480480     1.74059901     2.61751148     127469966.01171704
4.81981982     1.76112731     2.62153923     128065069.71087018
4.83483483     1.77676040     2.63175012     128964393.16770564
4.84984985     1.78695139     2.64515449     130023802.08704644
4.86486487     1.79225674     2.65929438     131123557.12495106
4.87987988     1.79405963     2.67241141     132177025.77700692
4.89489490     1.79449850     2.68376034     133146767.75710531
4.90990991     1.79539581     2.69411151     134070311.06795405
4.92492493     1.79782177     2.70426096     134986935.95377076
4.93993994     1.80394406     2.71611951     135992221.88117057
4.95495495     1.81327226     2.73484167     137345812.73897320
4.96996997     1.82074281     2.76315160     139188066.83070955
4.98498498     1.82201798     2.80042047     141491588.70180956
5.00000000     1.81231533     2.84586509     144220779.12587923
5.01501502     1.78494299     2.89428978     147115277.41082209
5.03003003     1.73843501     2.93404408     149582482.57665604
5.04504505     1.68152857     2.95524810     151113241.27725318
5.06006006     1.62651500     2.95771033     151689260.70256117
5.07507507     1.58105437     2.94810898     151645501.04717883
5.09009009     1.54669905     2.93476385     151405675.66721469
5.10510510     1.51966480     2.92347576     151268224.83506471
5.12012012     1.49538964     2.91467334     151256331.52808499
5.13513513     1.47277513     2.90706697     151304010.05298427
5.15015015     1.45154892     2.90122062     151441245.11619151
5.16516517     1.43016889     2.89775277     151701218.19209036
5.18018018     1.40641286     2.89650437     152076664.68949610
5.19519520     1.37735656     2.89510388     152443723.11767575
5.21021021     1.34295535     2.88810616     152514776.94289792
5.22522522     1.30821966     2.87125796     152062018.65645233
5.24024024     1.28078694     2.84548928     151130346.04840571
5.25525525     1.26536965     2.81830796     150115586.33631793
5.27027027     1.25828437     2.79786609     149452552.54832089
5.28528528     1.25251861     2.78515535     149197444.02778375
5.30030030     1.24510680     2.77750437     149210282.59333634
5.31531532     1.23512561     2.77390959     149439312.42762107
5.33033033     1.21995695     2.77357610     149843440.10783225
5.34534535     1.19688152     2.77242556     150203201.20218179
5.36036036     1.16741235     2.76409206     150172363.58117032
5.37537537     1.13819857     2.74526436     149567245.06444550
5.39039039     1.11576183     2.71887806     148543439.44326952
5.40540540     1.10198173     2.69052510     147403855.90582433
5.42042042     1.09505245     2.66416537     146365148.07108939
5.43543543     1.09285914     2.64089483     145488602.55797181
5.45045045     1.09456133     2.62173628     144832132.62056813
5.46546547     1.09827027     2.60790184     144464760.46449462
5.48048048     1.10217806     2.59944841     144392077.15032217
5.49549550     1.10429919     2.59697740     144650037.84697750
5.51051051     1.10036895     2.59938778     145179880.32006207
5.52552553     1.08789915     2.60051154     145638400.31149703
5.54054054     1.07195171     2.59403466     145670441.63218856
5.55555556     1.06075928     2.58191803     145382947.76209778
5.57057057     1.05593955     2.57216428     145225175.06160608
5.58558559     1.05111901     2.56962934     145473108.58214882
5.60060060     1.03908973     2.57067768     145923673.82792258
5.61561562     1.01980005     2.56754624     146136658.32125294
5.63063063     0.99900044     2.55690117     145919894.29402599
5.64564565     0.98065009     2.54050654     145370893.35310656
5.66066066     0.96662328     2.51935203     144543811.54423517
5.67567568     0.96067661     2.49604898     143586695.04246971
5.69069069     0.96281939     2.47751418     142897507.89522061
5.70570571     0.96681283     2.46745698     142692939.01683587
5.72072072     0.96719108     2.46360592     142845153.68938929
5.73573574     0.96174438     2.46194538     143123541.46586418
5.75075075     0.95098034     2.45806984     143272318.23232520
5.76576577     0.93832548     2.44922977     143129795.69567356
5.78078078     0.92769689     2.43597106     142725689.42645872
5.79579580     0.92112484     2.42090657     142211471.43409973
5.81081081     0.91864141     2.40668272     141742177.67833632
5.82582583     0.91908479     2.39555137     141451158.84568515
5.84084084     0.91956297     2.38858261     141403175.84844273
5.85585586     0.91762456     2.38360343     141471156.70908773
5.87087087     0.91458047     2.37800749     141500922.65781546
5.88588589     0.91292003     2.37295736     141561546.15263522
5.90090090     0.91129033     2.37144776     141832385.78807661
5.91591592     0.90599678     2.37246917     142254526.74095243
5.93093093     0.89717967     2.37263413     142625495.25603250
5.94594595     0.88669856     2.37172205     142931606.25208318
5.96096096     0.87401379     2.37021147     143201279.34491456
5.97597598     0.85845936     2.36661972     143344438.71725094
5.99099099     0.84107148     2.35885596     143233173.57653233
6.00600601     0.82478802     2.34588442     142802529.07743683
6.02102102     0.81277651     2.32971834     142172987.02523166
6.03603604     0.80499479     2.31410931     141572603.50743771
6.05105105     0.79848463     2.30046786     141088141.44909802
6.06606607     0.79136167     2.28652531     140581014.91080371
6.08108108     0.78599571     2.26991965     139905505.21218342
6.09609610     0.78605692     2.25291202     139200104.99126565
6.11111111     0.79086175     2.24054892     138777204.90388158
6.12612613     0.79558164     2.23493075     138769342.71182576
6.14114114     0.79588199     2.23363266     139028665.89331982
6.15615616     0.79080509     2.23217469     139277618.45573315
6.17117117     0.78293007     2.22705116     139296855.11582872
6.18618619     0.77650986     2.21811238     139075316.85563573
6.20120120     0.77414478     2.20868841     138820562.26940274
6.21621622     0.77449556     2.20302778     138800046.21220779
6.23123123     0.77285876     2.20218719     139082223.38362569
6.24624625     0.76614634     2.20249548     139436878.68315524
6.26126126     0.75595140     2.20001188     139614452.10286328
6.27627628     0.74562078     2.19438801     139591508.61672944
6.29129129     0.73640914     2.18766979     139497070.88739607
6.30630631     0.72723153     2.18118301     139415382.22541448
6.32132132     0.71665859     2.17433598     139308637.72901118
6.33633634     0.70448135     2.16524454     139055669.30049402
6.35135135     0.69263488     2.15226406     138549581.26709837
6.36636637     0.68395653     2.13611700     137835215.30410820
6.38138138     0.67980711     2.11943240     137081168.05099839
6.39639640     0.67919400     2.10503152     136470096.27806556
6.41141141     0.67945065     2.09372634     136055808.79052365
6.42642643     0.67905248     2.08411508     135748413.31055218
6.44144144     0.67824529     2.07515254     135480445.26372048
6.45645646     0.67724681     2.06660514     135236915.44570854
6.47147147     0.67635682     2.05819410     134999728.55777097
6.48648649     0.67601502     2.05020516     134787731.66426066
6.50150150     0.67601754     2.04299741     134624780.73211020
6.51651652     0.67645364     2.03643856     134502494.32461753
6.53153153     0.67788304     2.03121393     134466536.70017651
6.54654655     0.67973801     2.02903974     134631393.00855318
6.56156156     0.67931798     2.03088297     135062763.40836936
6.57657658     0.67332708     2.03461697     135620727.27481705
6.59159159     0.66159209     2.03568293     136001579.45194843
6.60660661     0.64761606     2.03149829     136031170.19812527
6.62162162     0.63462541     2.02306532     135774368.62722301
6.63663664     0.62344131     2.01240572     135365224.66096017
6.65165165     0.61334268     2.00045817     134866005.92465466
6.66666667     0.60392865     1.98648883     134226539.26529655
6.68168168     0.59663889     1.96974089     133394648.54682858
6.69669670     0.59335578     1.95138059     132448223.28788967
6.71171171     0.59453253     1.93348405     131527756.58498639
6.72672673     0.59973582     1.91783692     130755204.94937252
6.74174174     0.60778987     1.90604426     130241268.96397646
6.75675676     0.61699848     1.89886348     130039578.08468722
6.77177177     0.62589729     1.89688639     130192857.01642796
6.78678679     0.63147435     1.90080819     130751303.12583101
6.80180180     0.62935500     1.90772197     131517207.43251267
6.81681682     0.61956323     1.91118042     132046482.40734169
6.83183183     0.60722993     1.90801232     132117962.15289609
6.84684685     0.59633873     1.89985325     131842125.02452737
6.86186186     0.58806812     1.88870777     131356105.44136298
6.87687688     0.58321651     1.87605175     130761408.09869005
6.89189189     0.58208079     1.86400514     130205427.02244954
6.90690691     0.58343925     1.85486237     129849062.27863264
6.92192192     0.58431487     1.84958264     129760933.55374987
6.93693694     0.58178369     1.84609218     129797000.11031482
6.95195195     0.57617920     1.84076457     129702555.65019239
6.96696697     0.57038564     1.83240702     129392536.04292254
6.98198198     0.56608408     1.82232896     128958219.13594764
6.99699700     0.56332318     1.81146528     128465120.12517339
7.01201201     0.56249971     1.80008601     127932071.57970519
7.02702703     0.56436134     1.78934853     127441270.15049075
7.04204204     0.56836201     1.78130497     127139476.37117301
7.05705706     0.57215804     1.77704557     127105902.63630858
7.07207207     0.57336125     1.77542622     127260267.67044787
7.08708709     0.57133323     1.77429342     127449089.79936960
7.10210210     0.56660345     1.77222518     127570230.64056182
7.11711712     0.55961535     1.76817768     127547967.26682213
7.13213213     0.55149942     1.76072781     127278523.62226044
7.14714715     0.54469342     1.74953969     126736015.32490292
7.16216216     0.54120057     1.73627447     126039321.18281740
7.17717718     0.54114467     1.72338748     125366102.93761852
7.19219219     0.54295326     1.71208437     124804421.49873246
7.20720721     0.54593017     1.70183584     124316335.56129082
7.22222222     0.55059153     1.69320367     123943447.95745172
7.23723724     0.55602748     1.68768503     123796319.50091860
7.25225225     0.56005559     1.68565063     123903619.57810517
7.26726727     0.56039060     1.68579119     124170502.11211257
7.28228228     0.55607002     1.68508424     124374873.48474397
7.29729730     0.54877334     1.68054172     124295344.94950162
7.31231231     0.54158716     1.67139016     123872840.94894370
7.32732733     0.53680729     1.65880655     123192667.54405327
7.34234234     0.53547078     1.64451730     122381734.08855245
7.35735736     0.53763294     1.63016033     121561400.67490801
7.37237237     0.54292209     1.61679296     120810643.56176493
7.38738739     0.55111948     1.60556949     120216341.31732011
7.40240240     0.56098756     1.59806669     119897772.35353655
7.41741742     0.57000308     1.59448323     119871572.12178640
7.43243243     0.57640685     1.59309229     120009446.18330407
7.44744745     0.58006139     1.59175988     120151314.56363721
7.46246246     0.58215409     1.58873365     120164664.68347380
7.47747748     0.58499201     1.58373170     120027358.80822861
7.49249249     0.58994483     1.57855398     119875181.90617146
7.50750751     0.59623692     1.57475759     119826537.75090504
7.52252252     0.60296077     1.57234022     119881880.33404833
7.53753754     0.61013494     1.57113449     120029052.02646536
7.55255255     0.61805875     1.57168528     120310315.68771686
7.56756757     0.62622681     1.57539142     120833765.46970527
7.58258258     0.63242264     1.58306108     121662951.22314094
7.59759760     0.63411263     1.59340249     122700209.62831351
7.61261261     0.63002757     1.60361284     123730503.21380475
7.62762763     0.62098334     1.61021962     124485315.29303531
7.64264264     0.61025474     1.61115552     124802861.28302771
7.65765766     0.60146060     1.60711043     124734098.24179780
7.67267267     0.59687192     1.60098920     124502650.81181373
7.68768769     0.59554640     1.59646219     124393559.05561386
7.70270270     0.59422353     1.59415395     124456309.86925815
7.71771772     0.59179604     1.59193197     124525106.14996627
7.73273273     0.58956324     1.58885265     124526031.77447292
7.74774775     0.58828330     1.58582653     124530197.88214208
7.76276276     0.58731736     1.58354730     124592207.26532947
7.77777778     0.58609917     1.58168030     124686019.43915881
7.79279279     0.58475119     1.57988173     124784668.75591257
7.80780781     0.58350268     1.57825367     124896264.16771981
7.82282282     0.58219524     1.57715219     125049114.96530661
7.83783784     0.58022833     1.57646999     125234938.96447679
7.85285285     0.57750344     1.57552242     125399433.29085690
7.86786787     0.57445393     1.57391582     125511084.65079954
7.88288288     0.57172182     1.57155421     125561924.92041248
7.89789790     0.57005697     1.56903411     125599360.14360826
7.91291291     0.56947899     1.56768967     125730316.22734964
7.92792793     0.56850337     1.56877946     126056462.31000324
7.94294294     0.56444803     1.57155342     126518524.21060041
7.95795796     0.55639323     1.57254822     126837927.17063707
7.97297297     0.54729174     1.56901002     126791323.45446469
7.98798799     0.54070540     1.56221911     126480296.39772217
8.00300300     0.53720753     1.55493726     126127380.13597655
8.01801802     0.53584639     1.54864750     125852871.85170221
8.03303303     0.53552914     1.54394607     125705767.77268107
8.04804805     0.53527963     1.54078809     125683133.31191069
8.06306306     0.53438593     1.53895535     125767839.71072073
8.07807808     0.53189969     1.53770040     125899295.56271340
8.09309309     0.52809437     1.53525349     125932595.29877742
8.10810811     0.52492175     1.53132174     125843128.15164134
8.12312312     0.52308567     1.52753824     125764668.90350685
8.13813814     0.52147630     1.52479258     125770663.58320841
8.15315315     0.51930022     1.52245900     125809875.26623186
8.16816817     0.51686328     1.52013111     125848847.64697839
8.18318318     0.51408966     1.51801389     125904584.76998185
8.19819820     0.51067047     1.51575210     125947664.27757563
8.21321321     0.50693397     1.51288948     125940039.51075339
8.22822823     0.50328418     1.50962030     125897637.99295826
8.24324324     0.49948681     1.50601308     125825997.84962183
8.25825826     0.49589050     1.50154933     125681568.32426420
8.27327327     0.49334829     1.49677130     125509425.53420401
8.28828829     0.49148464     1.49269338     125394642.08114693
8.30330330     0.48933222     1.48935337     125340718.22832006
8.31831832     0.48639885     1.48597430     125282484.93362536
8.33333333     0.48310684     1.48170249     125147820.25904261
8.34834835     0.48044529     1.47641829     124926192.40589499
8.36336336     0.47904990     1.47077466     124672488.86529751
8.37837838     0.47917487     1.46545795     124444829.47695377
8.39339339     0.48088778     1.46174574     124352047.40076110
8.40840841     0.48259672     1.46110181     124519624.80132504
8.42342342     0.48157496     1.46274935     124882639.70448799
8.43843844     0.47713025     1.46371166     125187551.09740001
8.45345345     0.47131121     1.46220229     125280982.84692632
8.46846847     0.46589337     1.45891915     125221708.50370944
8.48348348     0.46099728     1.45470624     125081489.83068818
8.49849850     0.45672259     1.44965441     124867727.53542292
8.51351351     0.45340118     1.44404499     124604314.38749632
8.52852853     0.45131683     1.43832748     124329849.87355313
8.54354354     0.45052358     1.43343767     124125318.16342996
8.55855856     0.45001914     1.43026952     124068643.71955723
8.57357357     0.44836162     1.42851305     124133675.96356668
8.58858859     0.44482765     1.42698149     124217752.10588744
8.60360360     0.43955206     1.42431876     124202721.35721673
8.61861862     0.43355155     1.41941431     123991058.54406936
8.63363363     0.42853285     1.41210024     123567046.54903266
8.64864865     0.42582404     1.40359390     123036296.73659070
8.66366366     0.42534322     1.39542435     122532531.96912333
8.67867868     0.42643002     1.38827172     122115730.14100920
8.69369369     0.42868452     1.38250069     121818491.38928652
8.70870871     0.43165040     1.37867585     121691279.89104082
8.72372372     0.43416584     1.37736614     121785289.00948781
8.73873874     0.43442934     1.37785296     122038020.11085352
8.75375375     0.43205766     1.37799336     122260164.28752694
8.76876877     0.42841707     1.37664633     122350155.05623691
8.78378378     0.42446866     1.37405517     122328973.40714295
8.79879880     0.42053978     1.37042013     122213911.14268678
8.81381381     0.41692468     1.36593908     122022165.41883367
8.82882883     0.41365058     1.36071088     121762198.34895562
8.84384384     0.41112429     1.35448791     121411472.18708576
8.85885886     0.41030913     1.34781661     121018596.38083050
8.87387387     0.41109584     1.34222490     120720790.20358019
8.88888889     0.41198109     1.33821925     120564174.03586191
8.90390390     0.41212674     1.33473884     120453739.25682838
8.91891892     0.41222013     1.33091759     120311435.23712136
8.93393393     0.41315794     1.32729225     120185706.24642120
8.94894895     0.41467011     1.32491609     120172177.33971012
8.96396396     0.41571002     1.32420435     120309143.82362117
8.97897898     0.41497523     1.32463424     120549789.78351362
8.99399399     0.41203967     1.32435843     120726235.89956635
9.00900901     0.40863970     1.32212602     120723939.15755008
9.02402402     0.40626169     1.31907976     120646526.98512182
9.03903904     0.40442748     1.31634636     120596849.86201596
9.05405405     0.40267554     1.31392570     120575040.19346306
9.06906907     0.40077617     1.31205796     120603317.72160198
9.08408408     0.39792893     1.31059611     120668397.22937956
9.09909910     0.39384630     1.30852840     120677158.14614847
9.11411411     0.38920401     1.30497866     120548385.03707826
9.12912913     0.38520811     1.29985174     120272598.58703877
9.14414414     0.38263262     1.29412060     119939252.98597811
9.15915916     0.38118146     1.28862760     119626269.55347247
9.17417417     0.38058991     1.28372624     119366627.47036466
9.18918919     0.38027906     1.27994949     119210236.44780397
9.20420420     0.37914096     1.27695273     119125460.01361762
9.21921922     0.37702984     1.27341409     118989137.60292856
9.23423423     0.37520727     1.26862905     118735083.90889445
9.24924925     0.37483999     1.26358148     118454963.02600861
9.26426426     0.37545822     1.25957868     118271406.53821847
9.27927928     0.37610837     1.25675844     118197851.82536544
9.29429429     0.37633788     1.25491685     118215628.61572845
9.30930931     0.37562410     1.25387835     118308620.03884961
9.32432432     0.37341564     1.25289542     118406547.21697879
9.33933934     0.37002504     1.25076056     118395135.52635953
9.35435435     0.36676708     1.24696679     118225791.20177448
9.36936937     0.36486542     1.24230360     117972729.95937954
9.38438438     0.36440886     1.23821935     117773314.70225178
9.39939940     0.36431924     1.23563083     117715151.70638302
9.41441441     0.36326688     1.23425623     117772030.79967162
9.42942943     0.36063106     1.23296473     117836434.13471952
9.44444444     0.35683309     1.23049371     117787536.54716693
9.45945946     0.35326611     1.22641511     117583758.40021585
9.47447447     0.35092849     1.22178677     117325948.01524776
9.48948949     0.34927555     1.21770451     117119251.55518493
9.50450450     0.34744571     1.21404856     116952380.23136410
9.51951952     0.34529672     1.21025621     116771235.43547703
9.53453454     0.34312766     1.20601600     116545656.43130739
9.54954955     0.34135179     1.20133610     116276229.69473034
9.56456456     0.34029357     1.19653861     115993978.64706983
9.57957958     0.34002329     1.19218314     115753185.14034761
9.59459460     0.34003815     1.18889786     115615137.59073234
9.60960961     0.33934487     1.18656428     115568783.52574255
9.62462462     0.33756728     1.18435228     115533578.85068336
9.63963964     0.33480276     1.18160769     115445666.06169710
9.65465465     0.33154236     1.17746082     115219698.01914972
9.66966967     0.32933976     1.17179889     114843982.76539743
9.68468469     0.32911118     1.16618371     114471132.91495645
9.69969970     0.33002274     1.16214930     114251980.77847771
9.71471471     0.33046763     1.16000952     114218152.52200457
9.72972973     0.32910740     1.15877239     114272686.97076832
9.74474475     0.32585907     1.15668444     114242813.07954644
9.75975976     0.32213125     1.15267777     114022502.78552286
9.77477477     0.31933813     1.14735019     113670109.14808406
9.78978979     0.31759445     1.14168922     113283013.63164294
9.80480480     0.31671494     1.13596668     112888075.85819960
9.81981982     0.31684913     1.13056724     112523554.47106349
9.83483484     0.31762409     1.12623152     112263421.42286484
9.84984985     0.31804909     1.12305282     112117477.08746332
9.86486486     0.31755119     1.12036950     112020096.24215057
9.87987988     0.31607835     1.11753168     111906428.39873144
9.89489490     0.31382715     1.11389380     111711657.68450949
9.90990991     0.31144588     1.10893089     111382692.58767542
9.92492492     0.30989487     1.10264577     110919210.69070460
9.93993994     0.30998280     1.09567371     110384609.60130069
9.95495495     0.31207665     1.08908946     109887015.96755162
9.96996997     0.31573711     1.08422592     109561296.52872765
9.98498499     0.31947312     1.08180453     109481247.57351445
10.00000000     0.32171823     1.08111105     109575593.73852192
10.01501501     0.32210652     1.08061466     109689733.91864292
10.03003003     0.32143036     1.07936581     109727230.33729032
10.04504505     0.32044308     1.07738154     109689471.36548695
10.06006006     0.31942052     1.07480011     109590220.56799425
10.07507508     0.31868274     1.07169175     109436375.99143125
10.09009009     0.31852005     1.06837237     109260005.01250540
10.10510510     0.31896410     1.06529588     109107500.59118314
10.12012012     0.31971835     1.06281835     109015496.25647655
10.13513514     0.32042549     1.06094184     108984477.18967275
10.15015015     0.32102419     1.05963641     109011637.68067582
10.16516516     0.32120850     1.05927171     109135323.23986387
10.18018018     0.31987929     1.05961881     109332341.92032169
10.19519520     0.31665193     1.05911820     109441869.25778438
10.21021021     0.31280183     1.05661665     109344176.63665290
10.22522523     0.30979647     1.05243365     109071461.65137750
10.24024024     0.30833737     1.04759667     108729597.11301160
10.25525525     0.30832488     1.04325267     108437501.82836899
10.27027027     0.30890580     1.04014453     108272729.96679395
10.28528529     0.30898124     1.03808626     108216456.95264569
10.30030030     0.30819594     1.03610637     108167740.25949185
10.31531531     0.30717286     1.03366491     108070162.62650338
10.33033033     0.30636479     1.03104665     107953332.09312910
10.34534535     0.30572426     1.02852302     107845626.27033027
10.36036036     0.30517228     1.02614109     107752030.98221096
10.37537538     0.30475059     1.02398444     107681402.29840712
10.39039039     0.30434887     1.02233667     107663706.97591619
10.40540540     0.30345631     1.02126155     107705904.30545998
10.42042042     0.30176170     1.02021478     107750769.22393773
10.43543544     0.29970436     1.01879937     107756324.24343272
10.45045045     0.29755238     1.01746575     107770112.09101225
10.46546546     0.29464759     1.01638944     107810787.31753308
10.48048048     0.29062323     1.01481526     107798248.92219734
10.49549550     0.28584781     1.01205903     107659489.50564250
10.51051051     0.28098142     1.00770185     107349343.27067438
10.52552553     0.27706014     1.00181792     106874995.92852914
10.54054054     0.27480259     0.99540714     106342572.09103210
10.55555556     0.27381515     0.98961932     105874844.76865007
10.57057057     0.27305090     0.98475122     105503892.00436443
10.58558559     0.27178296     0.98011628     105156474.55302809
10.60060060     0.27034387     0.97477912     104732197.72067983
10.61561562     0.26976774     0.96869497     104225924.20673323
10.63063063     0.27060379     0.96278544     103736614.30073634
10.64564565     0.27238330     0.95807040     103374388.27625062
10.66066066     0.27398228     0.95471087     103157191.92703098
10.67567568     0.27481744     0.95193406     103002024.69234446
10.69069069     0.27516269     0.94912816     102842860.21717636
10.70570571     0.27547772     0.94628422     102678714.81308164
10.72072072     0.27582031     0.94386785     102560162.94836843
10.73573574     0.27550225     0.94203358     102504214.23050727
10.75075075     0.27404681     0.93993513     102418922.11203369
10.76576577     0.27209457     0.93672866     102212087.52573177
10.78078078     0.27055244     0.93250962     101893636.81824021
10.79579580     0.26984094     0.92779923     101520136.91074754
10.81081081     0.27005050     0.92312277     101148920.93003491
10.82582583     0.27101845     0.91898449     100835334.73475868
10.84084084     0.27228838     0.91575334     100620159.81378567
10.85585586     0.27318214     0.91336694     100496950.28456497
10.87087087     0.27336445     0.91121451     100398791.86886656
10.88588589     0.27318759     0.90878155     100269027.48455606
10.90090090     0.27321061     0.90624866     100127481.59309104
10.91591592     0.27329890     0.90430262     100050092.90338390
10.93093093     0.27254029     0.90296302     100039299.17563316
10.94594595     0.27048935     0.90128117     99990127.69096871
10.96096096     0.26764919     0.89834202     99800765.17581958
10.97597598     0.26496746     0.89382745     99435247.74219324
10.99099099     0.26342148     0.88804891     98927552.12919857
11.00600601     0.26365947     0.88198250     98385985.07955907
11.02102102     0.26532284     0.87688807     97951145.16341202
11.03603604     0.26727812     0.87308387     97659074.15634380
11.05105105     0.26898693     0.87006650     97453975.34767194
11.06606607     0.27039629     0.86755974     97305227.38898207
11.08108108     0.27140517     0.86536233     97190461.86165820
11.09609610     0.27207202     0.86319059     97077913.65969096
11.11111111     0.27268490     0.86094335     96956200.84551209
11.12612613     0.27341856     0.85888390     96854982.08430426
11.14114114     0.27406684     0.85722540     96798411.66723600
11.15615616     0.27444845     0.85595576     96785306.37737085
11.17117117     0.27430346     0.85513713     96822879.66638695
11.18618619     0.27312928     0.85444229     96874239.62159313
11.20120120     0.27091395     0.85302077     96842886.98994678
11.21621622     0.26843514     0.85029493     96662826.22935122
11.23123123     0.26664813     0.84652022     96362538.25621243
11.24624625     0.26593834     0.84260360     96044925.72866502
11.26126126     0.26575904     0.83931804     95798149.36195850
11.27627628     0.26530236     0.83648833     95602471.96909146
11.29129129     0.26455858     0.83348101     95385606.43707857
11.30630631     0.26398271     0.83025662     95142951.32071340
11.32132132     0.26362042     0.82722271     94921171.88869375
11.33633634     0.26300763     0.82450636     94734955.64916678
11.35135135     0.26184007     0.82165181     94532013.67248072
11.36636637     0.26034887     0.81820147     94259565.01410961
11.38138138     0.25890054     0.81400926     93900487.94365662
11.39639640     0.25786236     0.80903778     93450122.22685990
11.41141141     0.25769103     0.80345104     92927082.72218721
11.42642643     0.25871397     0.79768049     92381056.61270061
11.44144144     0.26106870     0.79232477     91881377.72856005
11.45645646     0.26446284     0.78815369     91517625.86256106
11.47147147     0.26803598     0.78551290     91330529.71183050
11.48648649     0.27109534     0.78406096     91281035.95833015
11.50150150     0.27341304     0.78334554     91316959.68944724
11.51651652     0.27496624     0.78307767     91404904.99099180
11.53153153     0.27566335     0.78309804     91526456.97690883
11.54654655     0.27531127     0.78305132     91640164.72443365
11.56156156     0.27403292     0.78229857     91671124.13351521
11.57657658     0.27256005     0.78041886     91569623.60591713
11.59159159     0.27169151     0.77784333     91385802.29798034
11.60660661     0.27138443     0.77534650     91210454.88183177
11.62162162     0.27113354     0.77307072     91060385.40366910
11.63663664     0.27084755     0.77076651     90906269.41208509
11.65165165     0.27064534     0.76845556     90750656.43050994
11.66666667     0.27050192     0.76623755     90605330.41874479
11.68168168     0.27028498     0.76424401     90485905.63312268
11.69669670     0.26960984     0.76235558     90378334.89648393
11.71171171     0.26843170     0.75998292     90212710.14469321
11.72672673     0.26733601     0.75678953     89948814.85719393
11.74174174     0.26685710     0.75309785     89624646.86040972
11.75675676     0.26704871     0.74933768     89291193.48194434
11.77177177     0.26779965     0.74580522     88983765.42291281
11.78678679     0.26879736     0.74261101     88715669.72495654
11.80180180     0.26993971     0.73946865     88452804.87151551
11.81681682     0.27164876     0.73627699     88183078.07866760
11.83183183     0.27431746     0.73363683     87978517.39995602
11.84684685     0.27746201     0.73240549     87942314.75824204
11.86186186     0.28006174     0.73256664     88073149.67770210
11.87687688     0.28174436     0.73347593     88294091.85381785
11.89189189     0.28261704     0.73487916     88574846.66093904
11.90690691     0.28247631     0.73677351     88915297.53615980
11.92192192     0.28095186     0.73877993     89269866.36617595
11.93693694     0.27802781     0.74024404     89559434.49557939
11.95195195     0.27407775     0.74063700     89719690.47384709
11.96696697     0.26963835     0.73973798     89723361.10311966
11.98198198     0.26515534     0.73760192     89576527.72027376
11.99699700     0.26092358     0.73429257     89286378.44153847
12.01201201     0.25734198     0.72989475     88862703.64244223
12.02702703     0.25480901     0.72474335     88345829.83607323
12.04204204     0.25349675     0.71936661     87799883.19777127
12.05705706     0.25331121     0.71424503     87283483.42493644
12.07207207     0.25406017     0.70986073     86855734.73190692
12.08708709     0.25509583     0.70663379     86568437.00498381
12.10210210     0.25562673     0.70427033     86386072.69876488
12.11711712     0.25544432     0.70212424     86229684.88129729
12.13213213     0.25469347     0.69976510     86046445.77162640
12.14714715     0.25360110     0.69684967     85793999.50351724
12.16216216     0.25266828     0.69312990     85441516.77522494
12.17717718     0.25256696     0.68881704     85014701.52573253
12.19219219     0.25365545     0.68462348     84601315.03628501
12.20720721     0.25568168     0.68133996     84299248.41377628
12.22222222     0.25794303     0.67938961     84161331.90207592
12.23723724     0.25966493     0.67866016     84174250.50243847
12.25225225     0.26034754     0.67864925     84276176.95006028
12.26726727     0.25986401     0.67873639     84390291.24255069
12.28228228     0.25844355     0.67839481     84451062.38792400
12.29729730     0.25647169     0.67743896     84435166.66295621
12.31231231     0.25410886     0.67583071     84337567.79723975
12.32732733     0.25158660     0.67330044     84124278.84207444
12.34234234     0.24956925     0.66983072     83792697.90097493
12.35735736     0.24850801     0.66607341     83424042.16137137
12.37237237     0.24814987     0.66270675     83103229.81488577
12.38738739     0.24795871     0.65994233     82857005.25928670
12.40240240     0.24749802     0.65765224     82669564.27143987
12.41741742     0.24643528     0.65552461     82501873.22016230
12.43243243     0.24466619     0.65293863     82275777.67700519
12.44744745     0.24273928     0.64926869     81912142.51665217
12.46246246     0.24160681     0.64458972     81419937.53576268
12.47747748     0.24182510     0.63972191     80902425.82756941
12.49249249     0.24312480     0.63556645     80473628.53879340
12.50750751     0.24482624     0.63239500     80168309.56304117
12.52252252     0.24661100     0.63011825     79975581.65574795
12.53753754     0.24815185     0.62892327     79919624.56533991
12.55255255     0.24866789     0.62859977     79974179.17354153
12.56756757     0.24791925     0.62822032     80021508.80662821
12.58258258     0.24645362     0.62729564     79999188.53908160
12.59759760     0.24453635     0.62588734     79914838.46729422
12.61261261     0.24226938     0.62383006     79747096.65925364
12.62762763     0.23998231     0.62107541     79489474.94573818
12.64264264     0.23784279     0.61772284     79154397.12910394
12.65765766     0.23603712     0.61379559     78744572.81450166
12.67267267     0.23482063     0.60945440     78280386.35643782
12.68768769     0.23434936     0.60506282     77808397.46701798
12.70270270     0.23444646     0.60107434     77386970.79791994
12.71771772     0.23459188     0.59764512     77036418.86170489
12.73273273     0.23434136     0.59437673     76705578.44573098
12.74774775     0.23389703     0.59061375     76309839.24433641
12.76276276     0.23407442     0.58630127     75841873.74910395
12.77777778     0.23525925     0.58225565     75407157.55068432
12.79279279     0.23694994     0.57914293     75092169.04587767
12.80780781     0.23848096     0.57701953     74904660.45246102
12.82282282     0.23934721     0.57558566     74806120.80195361
12.83783784     0.23934519     0.57431920     74728926.81455390
12.85285285     0.23860849     0.57274895     74611773.39196196
12.86786787     0.23747091     0.57054983     74412123.82185300
12.88288288     0.23646526     0.56768062     74124308.27928229
12.89789790     0.23595564     0.56458202     73805631.51499262
12.91291291     0.23571064     0.56173328     73518713.75352514
12.92792793     0.23531452     0.55906381     73254419.12138966
12.94294294     0.23475114     0.55627873     72974145.33889413
12.95795796     0.23423415     0.55331926     72670120.58423789
12.97297297     0.23384436     0.55038862     72368985.67420545
12.98798799     0.23332124     0.54760251     72085984.52997771
13.00300300     0.23247105     0.54462179     71776487.00297248
13.01801802     0.23163247     0.54114172     71400197.40112206
13.03303303     0.23118682     0.53735744     70982662.80676939
13.04804805     0.23116787     0.53360446     70568116.43732204
13.06306306     0.23143286     0.53009848     70185129.65406170
13.07807808     0.23171509     0.52695253     69848799.97228055
13.09309309     0.23172671     0.52395776     69531574.15391548
13.10810811     0.23159440     0.52083049     69195832.44475508
13.12312312     0.23143447     0.51768343     68856507.84925438
13.13813814     0.23102476     0.51441266     68499752.16790500
13.15315315     0.23059428     0.51059000     68068425.32500412
13.16816817     0.23076428     0.50637464     67583524.31882581
13.18318318     0.23161437     0.50243807     67134591.54900745
13.19819820     0.23261570     0.49912899     66768399.09891976
13.21321321     0.23326406     0.49618557     66450170.44577329
13.22822823     0.23354661     0.49311425     66113897.58343641
13.24324324     0.23380801     0.48968404     65728517.20395287
13.25825826     0.23443342     0.48599464     65307262.19887462
13.27327327     0.23562395     0.48249445     64910340.27538571
13.28828829     0.23700839     0.47965224     64600971.34421600
13.30330330     0.23802633     0.47728141     64354295.24245358
13.31831832     0.23873817     0.47497476     64115561.35516708
13.33333333     0.23929582     0.47289052     63906181.20820867
13.34834835     0.23925768     0.47109480     63735201.93903493
13.36336336     0.23835749     0.46894107     63515186.31119343
13.37837838     0.23713526     0.46587112     63170278.36424004
13.39339339     0.23622760     0.46208840     62727678.88632748
13.40840841     0.23565574     0.45802943     62246385.61968017
13.42342342     0.23520363     0.45360767     61714498.36091485
13.43843844     0.23522702     0.44857863     61098551.67065545
13.45345345     0.23619529     0.44336076     60455325.18935657
13.46846847     0.23795487     0.43853122     59863520.88832026
13.48348348     0.24011251     0.43426309     59346969.51833890
13.49849850     0.24243823     0.43043813     58889752.22929961
13.51351351     0.24500017     0.42704727     58490826.60927524
13.52852853     0.24762107     0.42436836     58188489.09275792
13.54354354     0.24981204     0.42229868     57968966.56111775
13.55855856     0.25146813     0.42034677     57764998.04018503
13.57357357     0.25296262     0.41832168     57550367.44446006
13.58858859     0.25444750     0.41658286     57374547.94134134
13.60360360     0.25546255     0.41535419     57268537.22039023
13.61861862     0.25551520     0.41422850     57176367.32962302
13.63363363     0.25461249     0.41251876     57003149.58453599
13.64864865     0.25323752     0.40969799     56675715.03923684
13.66366366     0.25213463     0.40571858     56186966.06774854
13.67867868     0.25175512     0.40106976     55604198.98655745
13.69369369     0.25196688     0.39615298     54982825.80099721
13.70870871     0.25267578     0.39082291     54302533.54256433
13.72372372     0.25440371     0.38505944     53560333.44050252
13.73873874     0.25751606     0.37964897     52865532.89925542
13.75375375     0.26140980     0.37536984     52326795.82191525
13.76876877     0.26528092     0.37203040     51917892.68460964
13.78378378     0.26914974     0.36918508     51577005.10311010
13.79879880     0.27314299     0.36703501     51332485.55731415
13.81381381     0.27688487     0.36570146     51201633.81395392
13.82882883     0.28015190     0.36496122     51153533.93757942
13.84384384     0.28284485     0.36473821     51177784.11986009
13.85885886     0.28464881     0.36486530     51251143.53628480
13.87387387     0.28543085     0.36477899     51294532.85529154
13.88888889     0.28557945     0.36404053     51246094.47739767
13.90390390     0.28545884     0.36263843     51103907.23625156
13.91891892     0.28524222     0.36052938     50861561.72114114
13.93393393     0.28529374     0.35763261     50507326.29917578
13.94894895     0.28606661     0.35420826     50077621.91727600
13.96396396     0.28773705     0.35078343     49646805.71155918
13.97897898     0.29011995     0.34790527     49292402.25256430
13.99399399     0.29264704     0.34589045     49059574.12093594
14.00900901     0.29469732     0.34445515     48908418.89332554
14.02402402     0.29620627     0.34301377     48755961.58111837
14.03903904     0.29750801     0.34129957     48564245.53085166
14.05405405     0.29886856     0.33938105     48342903.58109335
14.06906907     0.30036821     0.33739944     48111981.35290502
14.08408408     0.30199886     0.33542880     47882022.26821289
14.09909910     0.30379055     0.33352428     47660911.95940924
14.11411411     0.30571198     0.33178551     47462932.17746620
14.12912913     0.30772970     0.33023242     47291014.05147943
14.14414414     0.30985004     0.32899032     47163205.79611407
14.15915916     0.31185910     0.32820471     47100529.95833603
14.17417417     0.31345918     0.32775634     47086064.54932232
14.18918919     0.31455442     0.32731947     47073115.15638974
14.20420420     0.31535441     0.32661714     47021816.33490802
14.21921922     0.31620517     0.32569618     46938794.95949195
14.23423423     0.31721454     0.32487658     46870117.32423327
14.24924925     0.31818249     0.32445169     46858193.74549641
14.26426426     0.31863670     0.32448244     46912016.96086097
14.27927928     0.31815352     0.32451348     46965890.01634460
14.29429429     0.31686253     0.32389318     46925406.53524654
14.30930931     0.31526225     0.32231962     46746482.88155432
14.32432432     0.31379588     0.31984174     46435786.41986150
14.33933934     0.31274207     0.31659076     46011978.41829210
14.35435435     0.31242992     0.31272054     45497087.71333252
14.36936937     0.31316108     0.30869900     44958981.31040558
14.38438438     0.31477964     0.30516245     44490357.59866436
14.39939940     0.31673825     0.30240395     44134209.90339744
14.41441441     0.31854025     0.30024997     43865541.66566838
14.42942943     0.32008447     0.29830972     43627476.22334460
14.44444444     0.32159890     0.29652872     43412133.65676334
14.45945946     0.32289510     0.29518322     43260073.30444945
14.47447447     0.32339648     0.29395157     43124305.75178063
14.48948949     0.32325259     0.29191611     42870117.92210828
14.50450450     0.32345945     0.28881388     42458484.15304815
14.51951952     0.32465162     0.28529975     41985289.80657330
14.53453454     0.32677607     0.28204409     41549103.82789460
14.54954955     0.32951828     0.27945004     41209490.73593207
14.56456456     0.33247879     0.27766976     40989216.14732517
14.57957958     0.33533103     0.27666111     40882424.29212148
14.59459460     0.33785925     0.27635349     40879024.38430806
14.60960961     0.33974307     0.27670928     40973763.63320439
14.62462462     0.34053409     0.27731256     41105297.22684629
14.63963964     0.34036111     0.27736754     41155658.35577510
14.65465465     0.33993699     0.27667307     41094717.62194609
14.66966967     0.33946817     0.27557678     40973822.05733707
14.68468469     0.33886895     0.27396599     40776016.78973044
14.69969970     0.33856073     0.27169979     40480073.77271417
14.71471471     0.33893932     0.26919382     40147680.21313880
14.72972973     0.33992111     0.26702702     39865160.00512287
14.74474475     0.34098986     0.26554405     39684175.90782940
14.75975976     0.34154164     0.26452049     39571465.04051857
14.77477477     0.34145066     0.26340323     39444412.09633566
14.78978979     0.34094900     0.26189817     39258887.82066987
14.80480480     0.34015693     0.25985991     38992896.96629561
14.81981982     0.33935753     0.25696209     38597173.42871012
14.83483484     0.33930019     0.25321961     38073567.16803468
14.84984985     0.34051569     0.24945011     37544755.50428556
14.86486486     0.34258083     0.24666402     37162959.52554434
14.87987988     0.34438619     0.24508525     36962396.51725023
14.89489490     0.34518034     0.24396700     36830875.92408162
14.90990991     0.34508133     0.24244376     36637813.87075343
14.92492492     0.34459627     0.24009334     36319159.75914445
14.93993994     0.34429543     0.23680002     35857013.71519849
14.95495495     0.34479967     0.23283851     35292582.74534789
14.96996997     0.34632595     0.22889301     34729376.99913616
14.98498499     0.34857941     0.22550027     34248921.79997154
15.00000000     0.35107764     0.22288006     33884883.46060289

