# omega(eV)     n     kappa     alpha(1/m)
0.00000000     3.18705947     0.00000000     0.00000000
0.01501501     3.18708430     0.00016560     25.20234041
0.03003003     3.18715880     0.00033127     100.82804820
0.04504504     3.18728301     0.00049706     226.93159276
0.06006006     3.18745695     0.00066302     403.60486009
0.07507508     3.18768070     0.00082923     630.97567155
0.09009009     3.18795434     0.00099574     909.21089464
0.10510511     3.18827797     0.00116261     1238.51411191
0.12012012     3.18865170     0.00132991     1619.12748206
0.13513513     3.18907568     0.00149770     2051.32927916
0.15015015     3.18955004     0.00166604     2535.44666015
0.16516517     3.19007498     0.00183500     3071.83752275
0.18018018     3.19065069     0.00200465     3660.90587831
0.19519519     3.19127738     0.00217505     4303.09951800
0.21021021     3.19195528     0.00234627     4998.91074087
0.22522523     3.19268465     0.00251839     5748.87684688
0.24024024     3.19346577     0.00269147     6553.58149981
0.25525526     3.19429894     0.00286559     7413.66467217
0.27027027     3.19518447     0.00304084     8329.80691256
0.28528528     3.19612272     0.00321728     9302.75246379
0.30030030     3.19711405     0.00339500     10333.29389710
0.31531531     3.19815886     0.00357408     11422.29071312
0.33033033     3.19925756     0.00375462     12570.66566373
0.34534535     3.20041061     0.00393671     13779.39883664
0.36036036     3.20161847     0.00412043     15049.54084966
0.37537538     3.20288164     0.00430590     16382.22318700
0.39039039     3.20420067     0.00449320     17778.64720194
0.40540540     3.20557612     0.00468246     19240.10171758
0.42042042     3.20700857     0.00487379     20767.96600175
0.43543543     3.20849867     0.00506730     22363.70542355
0.45045045     3.21004709     0.00526312     24028.88487120
0.46546547     3.21165451     0.00546138     25765.19867484
0.48048048     3.21332171     0.00566223     27574.42751945
0.49549550     3.21504945     0.00586580     29458.50306986
0.51051051     3.21683857     0.00607226     31419.46527171
0.52552553     3.21868996     0.00628178     33459.52751338
0.54054054     3.22060455     0.00649452     35581.04819523
0.55555556     3.22258331     0.00671068     37786.55905054
0.57057057     3.22462729     0.00693045     40078.77688488
0.58558559     3.22673759     0.00715406     42460.62703486
0.60060060     3.22891538     0.00738173     44935.27621243
0.61561562     3.23116189     0.00761371     47506.10298296
0.63063063     3.23347844     0.00785026     50176.78824616
0.64564565     3.23586641     0.00809168     52951.30829644
0.66066066     3.23832729     0.00833828     55833.96279374
0.67567568     3.24086264     0.00859039     58829.43930162
0.69069069     3.24347415     0.00884838     61942.81550024
0.70570571     3.24616360     0.00911265     65179.63952751
0.72072072     3.24893289     0.00938365     68546.00259660
0.73573574     3.25178406     0.00966184     72048.54054034
0.75075075     3.25471930     0.00994776     75694.57939430
0.76576577     3.25774095     0.01024200     79492.16761545
0.78078078     3.26085152     0.01054520     83450.24792171
0.79579580     3.26405373     0.01085809     87578.71217512
0.81081081     3.26735049     0.01118146     91888.55164393
0.82582583     3.27074497     0.01151621     96392.11182281
0.84084084     3.27424060     0.01186336     101103.20444193
0.85585586     3.27784111     0.01222405     106037.41301082
0.87087087     3.28155057     0.01259957     111212.37281461
0.88588589     3.28537341     0.01299142     116648.19605939
0.90090090     3.28931451     0.01340130     122367.84788768
0.91591592     3.29337925     0.01383116     128397.80271129
0.93093093     3.29757356     0.01428328     134768.69202977
0.94594595     3.30190402     0.01476035     141516.30069500
0.96096096     3.30637797     0.01526549     148682.57153383
0.97597598     3.31100360     0.01580245     156317.28580909
0.99099099     3.31579017     0.01637568     164479.83599064
1.00600601     3.32074810     0.01699060     173241.88922982
1.02102102     3.32588926     0.01765381     182690.78502691
1.03603604     3.33122719     0.01837345     192934.15971292
1.05105105     3.33677746     0.01915973     204106.39743368
1.06606607     3.34255806     0.02002555     216377.52136349
1.08108108     3.34858984     0.02098756     229966.09129292
1.09609610     3.35489709     0.02206751     245157.68924016
1.11111111     3.36150807     0.02329438     262332.52272696
1.12612613     3.36845555     0.02470754     282007.08163894
1.14114114     3.37577687     0.02636164     304898.53619919
1.15615616     3.38351291     0.02833424     332025.55814944
1.17117117     3.39170405     0.03073773     364867.96836192
1.18618619     3.40037877     0.03373792     405615.58078006
1.20120120     3.40952420     0.03758031     457530.02814273
1.21621622     3.41901530     0.04261786     525346.58003418
1.23123123     3.42845975     0.04929688     615180.47978946
1.24624625     3.43694023     0.05794200     731881.70697090
1.26126126     3.44295452     0.06802007     869532.20308265
1.27627628     3.44566775     0.07722640     998973.61971911
1.29129129     3.44721293     0.08311462     1087790.33693470
1.30630631     3.45087001     0.08672461     1148235.26961873
1.32132132     3.45709426     0.09083311     1216455.26016300
1.33633634     3.46487229     0.09704068     1314356.34122278
1.35135135     3.47263442     0.10680099     1462807.12577004
1.36636637     3.47678199     0.12031544     1666218.86827884
1.38138138     3.47389327     0.13336894     1867290.24627476
1.39639640     3.46671168     0.13931196     1971699.09191145
1.41141141     3.46328982     0.13803197     1974589.56938096
1.42642643     3.46644104     0.13642645     1972384.08482346
1.44144144     3.47194210     0.13858724     2024714.40048186
1.45645646     3.47606581     0.14274227     2107141.22376411
1.47147147     3.47922899     0.14647386     2184517.34650877
1.48648649     3.48244873     0.14961578     2254145.28288781
1.50150150     3.48621617     0.15212400     2315085.44832541
1.51651652     3.49124065     0.15443583     2373770.58127741
1.53153153     3.49783737     0.15738513     2443054.62023905
1.54654655     3.50602226     0.16235216     2544864.12312502
1.56156156     3.51411784     0.17130347     2711245.19291153
1.57657658     3.51803912     0.18387802     2938247.78234727
1.59159159     3.51547964     0.19526817     3149971.47042994
1.60660661     3.50977932     0.20047237     3264431.87219961
1.62162162     3.50738839     0.19996315     3286571.03757915
1.63663664     3.51052759     0.20013860     3319912.62743393
1.65165165     3.51373549     0.20499230     3431622.69911669
1.66666667     3.51188963     0.21037801     3553796.96600930
1.68168168     3.50711271     0.21074650     3592093.93141214
1.69669670     3.50374356     0.20511539     3527329.11938021
1.71171171     3.50579494     0.19444898     3373493.07264176
1.72672673     3.51652788     0.18338075     3209378.07979681
1.74174174     3.53387560     0.17751437     3133724.43149855
1.75675676     3.55354394     0.17807605     3170740.38424286
1.77177177     3.57383164     0.18436849     3310838.49953524
1.78678679     3.59333325     0.19773522     3580966.75442062
1.80180180     3.60735970     0.21872567     3994388.47047157
1.81681682     3.61093021     0.24287339     4472337.89978076
1.83183183     3.60440252     0.26262805     4876073.38987642
1.84684685     3.59345983     0.27415398     5131791.11271886
1.86186186     3.58227469     0.27862129     5257814.66286523
1.87687688     3.57275487     0.27696949     5268794.33472090
1.89189189     3.56658478     0.27068189     5190378.61619513
1.90690691     3.56430160     0.26014480     5027917.73872573
1.92192192     3.56958958     0.24596910     4791371.13614257
1.93693694     3.58488510     0.23452740     4604183.11547951
1.95195195     3.60529664     0.23206103     4591079.97512669
1.96696697     3.62328745     0.23830183     4750813.31808371
1.98198198     3.63460423     0.24805300     4982963.64315678
1.99699700     3.63988557     0.25501468     5161621.06121392
2.01201201     3.64462838     0.25525307     5205291.75060279
2.02702703     3.65570290     0.25127265     5162359.89262919
2.04204204     3.67482959     0.25015804     5177530.58509671
2.05705706     3.69790200     0.25734148     5365369.69702082
2.07207207     3.71875269     0.27385152     5751267.15624102
2.08708709     3.73207694     0.29690254     6280554.81566035
2.10210210     3.73529676     0.32106226     6840480.28412494
2.11711712     3.72948960     0.34066451     7309964.97034338
2.13213213     3.71856266     0.35174444     7601247.61145721
2.14714715     3.70756455     0.35336515     7690047.90280993
2.16216216     3.70071448     0.34693016     7602804.85821235
2.17717718     3.70119072     0.33532095     7399425.19731657
2.19219219     3.71058672     0.32302652     7177287.28086447
2.20720721     3.72687677     0.31521649     7051728.09916490
2.22222222     3.74431497     0.31320447     7054381.88103691
2.23723724     3.75975444     0.31238845     7083542.93900733
2.25225225     3.77677834     0.30869384     7046744.27614731
2.26726727     3.80107940     0.30438967     6994813.82401853
2.28228228     3.83356550     0.30670317     7094652.94428807
2.29729730     3.86837864     0.32089144     7471690.35809345
2.31231231     3.89845760     0.34608897     8111063.09001901
2.32732733     3.91980620     0.37896093     8939133.72561925
2.34234234     3.92866730     0.41585470     9872690.28282634
2.35735736     3.92232953     0.44913231     10731075.39401408
2.37237237     3.90442206     0.46893924     11275685.55907482
2.38738739     3.88586295     0.46951927     11361085.83149858
2.40240240     3.87946799     0.45494123     11077571.76185389
2.41741742     3.89064618     0.43739796     10716967.91734035
2.43243243     3.91359661     0.42719547     10532002.46915298
2.44744745     3.93959372     0.42421402     10523056.87839949
2.46246246     3.96770165     0.42333285     10565623.22087242
2.47747748     4.00216396     0.42485610     10668297.13615325
2.49249249     4.04381620     0.43431130     10971815.86318227
2.50750751     4.08825736     0.45658420     11603971.28162484
2.52252252     4.12825728     0.49304132     12605552.83257482
2.53753754     4.15569306     0.54017232     13892753.31383513
2.55255255     4.16551241     0.58817675     15216895.93682005
2.56756757     4.16176787     0.62487687     16261471.91600045
2.58258258     4.15650869     0.64479351     16877899.55345998
2.59759760     4.16200955     0.65220419     17171134.15119811
2.61261261     4.18400263     0.65922542     17456311.78125437
2.62762763     4.21623271     0.67691059     18027630.82418819
2.64264264     4.24976454     0.70486808     18879470.44376952
2.65765766     4.28416380     0.74006047     19934703.10128299
2.67267267     4.31909524     0.78549483     21278089.40472386
2.68768769     4.34948655     0.84218778     22941999.25570353
2.70270270     4.37241447     0.90788782     24869897.12434269
2.71771772     4.38587903     0.98192860     27047540.57746771
2.73273273     4.38573551     1.06274249     29435317.79133400
2.74774775     4.36841468     1.14512053     31891253.19009183
2.76276276     4.33416181     1.22287510     34242796.19362442
2.77777778     4.28396292     1.29121691     36352997.83038843
2.79279279     4.22014052     1.34229605     37995359.07458486
2.80780781     4.15370909     1.36876062     38952775.17989450
2.82282282     4.10062456     1.37527126     39347352.24744709
2.83783784     4.06691675     1.37822790     39641687.81317789
2.85285285     4.04329289     1.39086469     40216824.60080835
2.86786787     4.01605551     1.41328940     41080314.90691566
2.88288288     3.97733335     1.43640091     41970698.30125106
2.89789790     3.92905565     1.44793327     42528018.80975948
2.91291291     3.88291971     1.44177475     42566548.93416932
2.92792793     3.85113664     1.42331857     42238260.44153312
2.94294294     3.83729913     1.40522545     41915183.83876754
2.95795796     3.83477651     1.39611899     41856022.67267838
2.97297297     3.83854339     1.39724718     42102484.77895262
2.98798799     3.84482987     1.41347165     42806475.79683758
3.00300300     3.84076752     1.44702521     44042847.37664457
3.01801802     3.81389119     1.48625257     45462987.78252236
3.03303303     3.76567598     1.51254393     46497399.16778263
3.04804805     3.71146909     1.51652761     46850653.68506739
3.06306306     3.66303789     1.50348741     46676604.87280289
3.07807808     3.62313134     1.47747390     46093849.06260733
3.09309309     3.59822962     1.44027848     45152623.35951906
3.10810811     3.59463701     1.40216615     44171192.14444942
3.12312312     3.60794311     1.37577736     43549260.86861278
3.13813814     3.62792309     1.36594154     43445789.68214908
3.15315315     3.64605393     1.37176290     43839706.99549475
3.16816817     3.65542964     1.38943699     44615997.62153997
3.18318318     3.65213922     1.41218430     45561345.00042780
3.19819820     3.63655243     1.43299828     46450946.54732465
3.21321321     3.61188131     1.44690696     47121995.66387312
3.22822823     3.58211182     1.45105013     47477754.71665730
3.24324324     3.55208659     1.44391931     47464178.73016844
3.25825826     3.52717638     1.42644944     47106996.27630264
3.27327327     3.51200761     1.40246028     46528211.63037752
3.28828829     3.50793962     1.37840455     45939906.86368241
3.30330330     3.51118416     1.35969700     45523339.71639221
3.31831832     3.51616584     1.34594503     45267748.46858721
3.33333333     3.52233259     1.33386761     45064545.83186281
3.34834835     3.53118588     1.32373340     44923614.07102630
3.36336336     3.54238724     1.31634082     44873057.58484294
3.37837838     3.55669070     1.31233356     44936169.44639531
3.39339339     3.57395114     1.31546187     45243479.53181296
3.40840841     3.58891548     1.32941887     45925827.78553364
3.42342342     3.59292996     1.35229295     46921828.34369352
3.43843844     3.58079204     1.37434877     47896274.63383523
3.45345345     3.55711107     1.38536054     48490866.48400857
3.46846847     3.52979059     1.38243121     48598717.37886215
3.48348348     3.50474234     1.36506983     48196127.84645478
3.49849850     3.48948073     1.33464388     47324999.26914937
3.51351351     3.49062792     1.29778241     46215434.11018527
3.52852853     3.50953708     1.26516483     45246424.97519437
3.54354354     3.53884797     1.24619835     44757773.03414326
3.55855856     3.56709789     1.24082911     44753768.89530236
3.57357357     3.58904572     1.24143262     44964462.34554681
3.58858859     3.60716585     1.24203253     45175208.78644477
3.60360360     3.62581724     1.24199362     45362805.18663736
3.61861862     3.64724939     1.24481125     45655157.18445958
3.63363363     3.66805851     1.25469004     46208419.26476161
3.64864865     3.68213440     1.26993530     46963144.23968916
3.66366366     3.68721628     1.28521626     47723834.96478685
3.67867868     3.68370559     1.29523856     48293107.03110143
3.69369369     3.67502566     1.29380375     48436506.20298917
3.70870871     3.67067940     1.27755093     48022467.44073982
3.72372372     3.68088118     1.25324259     47299453.42846666
3.73873874     3.70528933     1.23274912     46713600.85150229
3.75375375     3.73618096     1.22075560     46444899.88253112
3.76876877     3.76796132     1.21535552     46424406.13480421
3.78378378     3.79925940     1.21259146     46503361.10268947
3.79879880     3.83274485     1.21072742     46616127.71597711
3.81381381     3.87020990     1.21237377     46864020.56198376
3.82882883     3.90907815     1.22083720     47376964.49305656
3.84384384     3.94378406     1.23509594     48118264.33272655
3.85885886     3.97182059     1.24827914     48821838.99794406
3.87387387     3.99899339     1.25370269     49224754.43405389
3.88888889     4.03393712     1.25315859     49394102.30869433
3.90390390     4.08019898     1.25242502     49555787.21789186
3.91891892     4.13886104     1.25764538     49953739.40720418
3.93393393     4.20666376     1.27576737     50867697.06981020
3.94894895     4.27667564     1.30894911     52389928.48248556
3.96396396     4.34522995     1.35509219     54443002.08718485
3.97897898     4.41129837     1.41508592     57068699.90307342
3.99399399     4.46883559     1.49059737     60340830.63058913
4.00900901     4.51147810     1.57615983     64044348.57242026
4.02402402     4.53970129     1.66575875     67938537.31693575
4.03903904     4.55320321     1.75798060     71967373.70062406
4.05405405     4.54835497     1.84710183     75896875.70412421
4.06906907     4.52910552     1.92241194     79283906.76223120
4.08408408     4.50785418     1.98078955     81992954.45049399
4.09909910     4.49277519     2.02972918     84327657.88407741
4.11411411     4.48214237     2.07659088     86590610.33254956
4.12912913     4.47227083     2.12089827     88760926.55758424
4.14414414     4.46623769     2.16045684     90745264.94914927
4.15915916     4.46820647     2.20025379     92751692.65441589
4.17417417     4.47460722     2.24706930     95067168.35855649
4.18918919     4.47829321     2.30083378     97691942.45589066
4.20420420     4.47627520     2.35645762     100412310.43352458
4.21921922     4.47081713     2.40967694     103046782.79493876
4.23423423     4.46547358     2.46064800     105600967.00980644
4.24924925     4.46056600     2.51084704     108137416.27985357
4.26426426     4.45589451     2.55916248     110607734.05960523
4.27927928     4.45397291     2.60303849     112900209.21462598
4.29429429     4.46284784     2.64208880     114996001.28181919
4.30930931     4.49162976     2.68683160     117352309.49800403
4.32432432     4.53652153     2.75469056     120735394.20617634
4.33933934     4.58166063     2.85413499     125528300.62197222
4.35435435     4.61368043     2.98144937     131581469.67898588
4.36936937     4.62578620     3.13236629     138718641.25374627
4.38438438     4.61019144     3.30325923     146789436.81396329
4.39939940     4.55885305     3.48828489     155542424.05337387
4.41441441     4.46166487     3.67822272     164571508.14737341
4.42942943     4.31001333     3.85328465     172990559.99564746
4.44444444     4.11031147     3.98404773     179467386.91856849
4.45945946     3.89251690     4.04908003     183013069.86286294
4.47447447     3.69538991     4.05592379     183939645.96097034
4.48948949     3.53673917     4.03750079     183718590.47195032
4.50450450     3.40131451     4.02236530     183642019.44203106
4.51951952     3.26135555     4.00750141     183573283.40018281
4.53453453     3.11522812     3.96461333     182212042.13486835
4.54954955     2.99472103     3.88477411     179133864.53732172
4.56456457     2.92256532     3.79504284     175573741.13100189
4.57957958     2.89124271     3.72819662     173048541.75946206
4.59459460     2.87413030     3.70179717     172386535.87444270
4.60960961     2.84042740     3.71158908     173407373.21845850
4.62462463     2.76898941     3.73520360     175079095.00192809
4.63963964     2.65715339     3.73904553     175828199.50817192
4.65465465     2.53020318     3.69446242     174293921.96895939
4.66966967     2.42744968     3.60321562     170537517.35213071
4.68468468     2.36985352     3.49355840     165879186.68458760
4.69969970     2.35291503     3.39275026     161608993.88088542
4.71471472     2.36206796     3.31449641     158385892.92341250
4.72972973     2.38299824     3.26271917     156408209.77043590
4.74474475     2.40429164     3.23551593     155596535.11510634
4.75975976     2.41797381     3.22953622     155800453.86126965
4.77477478     2.41443320     3.24029840     156812768.57864875
4.78978979     2.38458964     3.25429734     157985493.44115296
4.80480480     2.33258595     3.25117537     158328708.79235223
4.81981982     2.27850992     3.22005618     157303279.87341258
4.83483483     2.24270998     3.16998703     155339768.18830624
4.84984985     2.22964309     3.11967882     153349266.71599206
4.86486487     2.23014082     3.08111378     151922480.71597171
4.87987988     2.23314773     3.05457853     151078948.03226173
4.89489490     2.23482506     3.03402512     150524110.08653098
4.90990991     2.23846637     3.01732378     150154711.92197675
4.92492493     2.24442503     3.00920038     150208409.69237575
4.93993994     2.24624646     3.01172121     150792576.67646518
4.95495495     2.23874411     3.02087515     151710630.03511536
4.96996997     2.22031804     3.03195186     152728325.77143422
4.98498498     2.19018051     3.04066276     153629859.93926233
5.00000000     2.14800649     3.04056464     154087628.27941409
5.01501502     2.09959359     3.02237538     153625802.97001049
5.03003003     2.05934127     2.98418755     152138880.78150746
5.04504505     2.03726688     2.93639318     150149116.37823930
5.06006006     2.03276845     2.88977522     148205137.98173580
5.07507507     2.04238419     2.85040141     146619596.53934735
5.09009009     2.06189675     2.82278475     145628627.52315146
5.10510510     2.08604267     2.80949617     145370625.10511672
5.12012012     2.10887964     2.81138194     145896047.49362707
5.13513513     2.12472061     2.82621906     147096121.79463083
5.15015015     2.13010706     2.85087206     148813093.28277633
5.16516517     2.12161472     2.88176557     150864267.01243100
5.18018018     2.09734826     2.91357215     152972783.18384326
5.19519520     2.05708528     2.94155652     154889719.53442147
5.21021021     1.99984649     2.96005632     156314312.92868248
5.22522522     1.92738920     2.95893971     156705650.18905893
5.24024024     1.85115780     2.92803041     155514291.51098150
5.25525525     1.78928012     2.86833237     152780108.61172801
5.27027027     1.75373559     2.79267536     149175281.41932401
5.28528528     1.74573818     2.71600564     145493176.89490065
5.30030030     1.75921746     2.64912965     142313865.65648612
5.31531532     1.78518164     2.59631962     139871977.28369936
5.33033033     1.81745352     2.55592387     138084700.84535143
5.34534535     1.85476008     2.52688266     136900290.67150152
5.36036036     1.89489003     2.51127222     136436730.63211253
5.37537537     1.93286163     2.50958609     136727042.86151966
5.39039039     1.96454059     2.51940339     137645321.43117312
5.40540540     1.98773925     2.53811899     139054092.34527585
5.42042042     2.00005816     2.56355502     140837770.12134945
5.43543543     1.99873290     2.59211101     142801070.71480486
5.45045045     1.98198532     2.61819575     144636543.67724115
5.46546547     1.95077902     2.63440811     145933075.23115551
5.48048048     1.91022504     2.63372928     146296283.12639409
5.49549550     1.86889343     2.61157146     145462918.44875279
5.51051051     1.83861177     2.56777002     143413978.44844136
5.52552553     1.83082682     2.51047941     140596263.45934820
5.54054054     1.84890752     2.45345839     137776249.76316023
5.55555556     1.88818886     2.40776999     135576999.40599409
5.57057057     1.94087618     2.37986437     134367864.10416245
5.58558559     1.99761647     2.37096972     134226492.98829159
5.60060060     2.05284261     2.37666702     134910722.20221886
5.61561562     2.10708983     2.39453612     136289466.23290130
5.63063063     2.15914024     2.42741548     138530270.32097158
5.64564565     2.20218546     2.47616103     141688964.26365128
5.66066066     2.23047410     2.53472537     145425832.44646356
5.67567568     2.24579745     2.59651888     149366285.52007145
5.69069069     2.25110755     2.66188159     153531410.03454831
5.70570571     2.24350981     2.73196932     157989677.15904269
5.72072072     2.21891099     2.80340741     162547572.63756523
5.73573574     2.17506586     2.87004145     166847931.98855492
5.75075075     2.11325424     2.92305141     170374472.53634158
5.76576577     2.04153569     2.95503178     172688205.77919078
5.78078078     1.97044929     2.96577008     173767080.98832393
5.79579580     1.90716392     2.95955148     173853124.20976162
5.81081081     1.85649171     2.94211980     173276877.67891490
5.82582583     1.81984810     2.92122364     172490756.99638101
5.84084084     1.79414980     2.90307712     171861054.06025296
5.85585586     1.77485277     2.89074631     171571000.57890147
5.87087087     1.75688173     2.88483168     171658981.79484463
5.88588589     1.73627223     2.88249554     171958642.15101051
5.90090090     1.71259721     2.88029362     172265619.16506657
5.91591592     1.68621207     2.87594820     172443400.28029430
5.93093093     1.65936877     2.86612185     172290385.28350338
5.94594595     1.63843247     2.85151416     171846232.53574061
5.96096096     1.62535900     2.83991032     171579117.31239191
5.97597598     1.61326883     2.83616149     171784242.52017415
5.99099099     1.59561305     2.83648365     172235423.42668521
6.00600601     1.57221652     2.83506182     172580539.10046473
6.02102102     1.54571084     2.82901437     172642939.90920812
6.03603604     1.51863734     2.81678292     172325175.11977136
6.05105105     1.49539518     2.79752561     171572790.14820048
6.06606607     1.48110731     2.77517412     170624306.14439407
6.08108108     1.47549797     2.75720958     169939406.70443884
6.09609610     1.47201826     2.74780169     169777727.39945671
6.11111111     1.46396014     2.74365153     169938842.45190841
6.12612613     1.45113046     2.73825205     170021123.55886805
6.14114114     1.43818761     2.72899608     169861719.16742042
6.15615616     1.42894063     2.71832029     169610908.06311119
6.17117117     1.42310526     2.71015761     169514036.85466304
6.18618619     1.41785427     2.70593637     169661808.60620463
6.20120120     1.41148999     2.70484145     170004791.39851058
6.21621622     1.40343945     2.70704762     170555423.37752163
6.23123123     1.39065889     2.71290124     171337085.96592307
6.24624625     1.36978652     2.71818185     172084254.98583347
6.26126126     1.34287749     2.71694557     172419463.42047548
6.27627628     1.31537283     2.70722637     172214672.69563675
6.29129129     1.29175614     2.69085647     171582840.12476036
6.30630631     1.27396313     2.67155995     170758964.04303584
6.32132132     1.26082425     2.65221206     169925923.18919814
6.33633634     1.25122542     2.63306641     169099981.74757394
6.35135135     1.24575589     2.61464039     168314538.14041740
6.36636637     1.24455134     2.59887731     167695315.36378387
6.38138138     1.24612338     2.58800232     167387448.08328703
6.39639640     1.24733907     2.58281846     167445228.72195318
6.41141141     1.24545546     2.58169029     167764980.91149378
6.42642643     1.23972359     2.58199823     168177930.91319588
6.44144144     1.23119613     2.58206638     168575319.48954096
6.45645646     1.22057413     2.58185400     168954371.20372841
6.47147147     1.20762100     2.58086900     169282680.86974168
6.48648649     1.19268670     2.57812835     169495267.85912818
6.50150150     1.17671504     2.57280939     169537121.02194422
6.51651652     1.16130840     2.56502245     169414350.78787526
6.53153153     1.14698397     2.55615130     169217435.65597507
6.54654655     1.13279702     2.54665081     168976062.56261069
6.56156156     1.11827600     2.53538290     168614255.81652555
6.57657658     1.10503564     2.52075206     168024858.52768490
6.59159159     1.09682877     2.50391882     167283867.92442343
6.60660661     1.09447216     2.49063145     166775188.61142334
6.62162162     1.09160754     2.48440335     166736235.11268452
6.63663664     1.08266660     2.47998135     166816874.64572340
6.65165165     1.07068102     2.47110124     166595612.90010297
6.66666667     1.06142144     2.45835891     166110679.87904948
6.68168168     1.05624865     2.44641548     165675970.49069175
6.69669670     1.05171173     2.43775763     165460632.18517464
6.71171171     1.04494095     2.42996360     165301421.24101424
6.72672673     1.03751846     2.41999484     164991568.49253729
6.74174174     1.03294589     2.40857094     164579250.29226846
6.75675676     1.03161553     2.39980570     164345528.24484754
6.77177177     1.02930162     2.39541893     164409654.01417059
6.78678679     1.02312666     2.39187280     164530270.15493995
6.80180180     1.01554649     2.38560814     164462393.53608602
6.81681682     1.01051846     2.37814734     164309966.98915899
6.83183183     1.00736710     2.37383940     164373584.76757866
6.84684685     1.00171710     2.37323928     164693199.26967302
6.86186186     0.99152183     2.37316004     165048857.45106333
6.87687688     0.97745602     2.37077986     165244115.72434998
6.89189189     0.96163890     2.36433879     165154985.74746788
6.90690691     0.94650141     2.35443370     164821397.83778548
6.92192192     0.93213493     2.34243482     164337901.33953777
6.93693694     0.91806623     2.32768375     163657249.07058313
6.95195195     0.90558019     2.30895540     162691862.86194810
6.96696697     0.89725616     2.28603414     161424700.33610386
6.98198198     0.89656647     2.26083109     159989089.01202261
6.99699700     0.90517675     2.23881444     158771779.22043166
7.01201201     0.91928915     2.22563735     158175996.19908977
7.02702703     0.93234192     2.22149858     158219930.83117950
7.04204204     0.94174860     2.22248145     158628158.69078836
7.05705706     0.94858411     2.22731782     159312314.46094814
7.07207207     0.95133943     2.23744576     160377233.99470168
7.08708709     0.94562646     2.25115752     161702665.86932030
7.10210210     0.92971752     2.26253270     162864076.95216370
7.11711712     0.90695726     2.26605267     163462312.47369778
7.13213213     0.88310699     2.26018787     163383218.21456173
7.14714715     0.86260585     2.24723664     162789000.44391918
7.16216216     0.84681300     2.23057787     161921703.19226858
7.17717718     0.83529616     2.21234239     160934640.19479930
7.19219219     0.82765873     2.19363586     159907688.91036996
7.20720721     0.82351175     2.17575292     158935205.53910202
7.22222222     0.82127025     2.15957109     158081801.78889313
7.23723724     0.81963392     2.14384062     157256581.12213364
7.25225225     0.81971897     2.12712576     156354214.94559771
7.26726727     0.82361633     2.10993144     155411446.50014865
7.28228228     0.83276229     2.09450846     154594184.76153633
7.29729730     0.84692783     2.08433420     154160432.72386259
7.31231231     0.86327651     2.08269333     154356024.17620626
7.32732733     0.87696857     2.09092556     155284350.63772893
7.34234234     0.88209690     2.10719585     156813359.06882784
7.35735736     0.87469702     2.12509536     158468811.22497278
7.37237237     0.85668838     2.13699942     159681716.57865751
7.38738739     0.83409696     2.13924328     160174941.89838353
7.40240240     0.81260102     2.13283113     160019417.66857848
7.41741742     0.79508309     2.12118131     159468180.17970130
7.43243243     0.78133082     2.10749989     158760353.06197762
7.44744745     0.76984622     2.09256313     157953605.19632304
7.46246246     0.76085478     2.07588386     157010514.83046281
7.47747748     0.75510931     2.05831431     155994875.86541045
7.49249249     0.75255061     2.04062427     154964738.84328842
7.50750751     0.75359295     2.02373783     153990365.90728930
7.52252252     0.75738803     2.00939998     153205168.33973640
7.53753754     0.76210799     1.99732673     152588613.91725424
7.55255255     0.76828079     1.98646372     152061026.94378462
7.56756757     0.77691510     1.97816066     151726483.91739622
7.58258258     0.78691846     1.97443272     151741025.16180027
7.59759760     0.79592638     1.97605546     152166461.91487753
7.61261261     0.80160593     1.98244359     152960077.43119383
7.62762763     0.80180673     1.99228643     154022718.91802937
7.64264264     0.79467265     2.00260558     155125252.21669766
7.65765766     0.78099262     2.00932527     155951558.51480407
7.67267267     0.76380100     2.01025852     156329920.60196137
7.68768769     0.74589534     2.00527229     156247332.19951862
7.70270270     0.72953936     1.99489282     155742172.66091332
7.71771772     0.71688674     1.98091941     154952726.37532946
7.73273273     0.70780598     1.96628139     154106939.08841780
7.74774775     0.70015378     1.95163726     153256215.94350961
7.76276276     0.69346549     1.93539888     152275601.87216842
7.77777778     0.68941672     1.91677472     151101971.05995274
7.79279279     0.69009264     1.89676937     149813580.10379165
7.80780781     0.69671461     1.87802255     148618694.79903421
7.82282282     0.70851251     1.86392829     147786995.36572069
7.83783784     0.72246134     1.85710829     147528874.00190687
7.85285285     0.73401229     1.85770091     147858664.50355804
7.86786787     0.73968967     1.86259753     148531855.07276827
7.88288288     0.73911794     1.86755688     149211548.13358346
7.89789790     0.73463983     1.86975255     149671521.81679806
7.91291291     0.72895345     1.86920680     149912299.06551054
7.92792793     0.72289763     1.86707576     150025526.78396279
7.94294294     0.71638130     1.86380179     150046093.50111917
7.95795796     0.70933717     1.85954659     149986520.50429437
7.97297297     0.70122527     1.85424150     149840810.56644124
7.98798799     0.69164249     1.84659769     149504138.91326135
8.00300300     0.68197341     1.83485295     148832497.81122664
8.01801802     0.67515429     1.81913714     147834567.51603687
8.03303303     0.67269283     1.80211140     146725200.99558020
8.04804805     0.67324340     1.78563047     145655092.65097183
8.06306306     0.67612992     1.76902916     144570130.25426888
8.07807808     0.68269304     1.75274374     143505979.36869168
8.09309309     0.69279258     1.73897331     142643168.71092013
8.10810811     0.70460207     1.72862368     142057286.34143078
8.12312312     0.71711405     1.72123788     141712270.63893780
8.13813814     0.72983472     1.71710489     141633310.88313365
8.15315315     0.74093133     1.71586409     141792092.22185752
8.16816817     0.75020908     1.71483679     141968171.59302932
8.18318318     0.76082092     1.71342023     142111652.22206908
8.19819820     0.77410956     1.71531590     142529923.74750575
8.21321321     0.78650985     1.72338469     143462650.99683669
8.22822823     0.79377455     1.73590588     144769151.48508292
8.24324324     0.79475829     1.74900563     146127800.84426647
8.25825826     0.79087691     1.75986667     147303054.28604499
8.27327327     0.78405322     1.76705646     148173766.98467678
8.28828829     0.77691174     1.76997051     148687481.00079378
8.30330330     0.77219319     1.77031531     148985860.34718648
8.31831832     0.77006628     1.77153848     149358399.69361314
8.33333333     0.76747554     1.77536009     149950780.97161251
8.34834835     0.76190866     1.77961838     150581274.70703968
8.36336336     0.75434607     1.78168463     151027253.90931097
8.37837838     0.74688293     1.78123440     151260164.98449162
8.39339339     0.74085027     1.77928166     151365118.61815959
8.40840841     0.73641166     1.77744854     151479673.29871774
8.42342342     0.73240320     1.77667371     151684021.05899400
8.43843844     0.72767539     1.77671308     151957769.79573834
8.45345345     0.72138746     1.77672491     152229170.57688683
8.46846847     0.71351055     1.77489943     152342875.61254972
8.48348348     0.70624044     1.76978083     152172869.35909429
8.49849850     0.70257364     1.76284256     151844566.17991075
8.51351351     0.70287848     1.75787446     151684153.13216746
8.52852853     0.70401056     1.75738180     151909088.37974685
8.54354354     0.70223403     1.76015283     152416484.57411310
8.55855856     0.69661341     1.76281091     152914927.34973595
8.57357357     0.68894248     1.76334995     153230039.69353029
8.58858859     0.68068173     1.76191870     153373804.04355499
8.60360360     0.67224965     1.75839006     153334237.73358142
8.61861862     0.66525228     1.75236688     153075689.38338077
8.63363363     0.66160911     1.74593301     152779370.33297670
8.64864865     0.65993599     1.74223564     152720969.94563302
8.66366366     0.65674472     1.74131457     152905230.73958617
8.67867868     0.65050288     1.74024912     153076511.77003321
8.69369369     0.64295850     1.73645752     153007254.67533383
8.70870871     0.63701237     1.73027269     152725601.27649051
8.72372372     0.63368097     1.72415887     152448343.52947778
8.73873874     0.63143753     1.72017332     152357728.67807955
8.75375375     0.62763947     1.71784279     152412739.05102268
8.76876877     0.62186600     1.71442564     152370466.44240803
8.78378378     0.61649696     1.70886591     152136404.48150086
8.79879880     0.61291377     1.70275133     151851169.14463839
8.81381381     0.61060624     1.69738335     151630768.38070944
8.82882883     0.60882254     1.69324023     151518339.24708405
8.84384384     0.60663643     1.69043536     151524604.77296618
8.85885886     0.60318612     1.68830567     151590640.60605988
8.87387387     0.59847945     1.68584053     151625856.29523948
8.88888889     0.59292167     1.68260924     151591297.97261405
8.90390390     0.58673958     1.67802836     151433962.00663969
8.91891892     0.58121925     1.67155245     151103926.13588396
8.93393393     0.57773046     1.66444286     150714540.32500142
8.94894895     0.57568028     1.65832451     150412896.54650462
8.96396396     0.57401485     1.65345823     150223146.73540899
8.97897898     0.57198442     1.64985401     150146770.70422131
8.99399399     0.56867481     1.64697331     150135252.59877181
9.00900901     0.56387697     1.64366001     150083357.58613238
9.02402402     0.55830916     1.63902940     149909968.36225989
9.03903904     0.55290175     1.63319065     149624486.09794673
9.05405405     0.54771608     1.62652325     149261184.07315674
9.06906907     0.54286914     1.61875504     148794667.83648008
9.08408408     0.53885184     1.60989329     148225103.29595450
9.09909910     0.53605867     1.59988216     147546841.00591242
9.11411411     0.53570285     1.58889385     146775264.10038745
9.12912913     0.53878505     1.57887725     146090253.67413071
9.14414414     0.54395774     1.57205161     145697932.13463503
9.15915916     0.54903095     1.56865240     145621617.50032419
9.17417417     0.55272155     1.56801084     145800685.61668432
9.18918919     0.55391239     1.56947642     146175811.88259211
9.20420420     0.55148199     1.57146968     146600609.75098217
9.21921922     0.54578036     1.57169051     146860397.15794742
9.23423423     0.53854700     1.56885258     146833972.61815271
9.24924925     0.53149296     1.56296932     146521198.10089070
9.26426426     0.52584940     1.55469954     145982544.68453109
9.27927928     0.52221792     1.54507598     145314052.11984113
9.29429429     0.52053368     1.53484170     144585098.53054687
9.30930931     0.52092558     1.52428102     143822233.45638573
9.32432432     0.52381377     1.51407341     143089520.74043703
9.33933934     0.52918596     1.50540839     142499720.60407674
9.35435435     0.53616799     1.49950954     142169546.00585690
9.36936937     0.54314371     1.49674144     142134880.29246846
9.38438438     0.54894239     1.49641738     142331837.80217904
9.39939940     0.55303072     1.49797473     142707933.17269278
9.41441441     0.55449767     1.50076953     143202578.96707389
9.42942943     0.55272017     1.50305574     143649469.38344672
9.44444444     0.54869018     1.50273159     143847181.87635964
9.45945946     0.54470746     1.49886358     143705024.03452486
9.47447447     0.54339520     1.49218451     143291748.89544439
9.48948949     0.54645424     1.48541917     142868142.62602779
9.50450450     0.55293499     1.48194045     142759085.71854800
9.51951952     0.55980470     1.48336939     143122484.74822992
9.53453454     0.56380638     1.48893585     143886155.36143565
9.54954955     0.56300810     1.49573732     144771056.01296169
9.56456456     0.55845629     1.50040376     145451053.93054107
9.57957958     0.55320743     1.50215540     145849464.48389813
9.59459460     0.54875954     1.50295666     146155987.15728155
9.60960961     0.54380828     1.50419021     146504858.35969916
9.62462462     0.53692351     1.50462619     146776302.75221494
9.63963964     0.52906842     1.50222356     146770540.64231962
9.65465465     0.52282685     1.49697628     146485685.74349144
9.66966967     0.51943431     1.49118230     146145653.27951032
9.68468469     0.51758590     1.48670512     145933113.31908572
9.69969970     0.51567899     1.48309599     145804549.06087208
9.71471471     0.51403124     1.47933079     145659519.37025332
9.72972973     0.51351290     1.47607268     145563351.09908798
9.74474475     0.51334855     1.47461259     145643776.65418303
9.75975976     0.51172967     1.47464136     145871035.10312280
9.77477477     0.50829101     1.47426942     146058602.40698054
9.78978979     0.50451280     1.47289370     146146458.79145378
9.80480480     0.50057241     1.47152887     146234977.66859064
9.81981982     0.49551811     1.46970168     146277064.33395043
9.83483484     0.49000004     1.46607531     146139250.46600106
9.84984985     0.48576618     1.46067854     145823589.04259366
9.86486486     0.48393514     1.45515364     145493474.40139878
9.87987988     0.48367744     1.45167517     145366602.20690313
9.89489490     0.48245105     1.45060371     145480067.64938596
9.90990991     0.47893932     1.44998865     145639049.52308100
9.92492492     0.47381632     1.44829879     145689724.88331071
9.93993994     0.46797657     1.44500509     145578306.04466152
9.95495495     0.46233529     1.43993424     145286573.91772613
9.96996997     0.45781757     1.43344797     144850269.75419617
9.98498499     0.45491674     1.42642163     144357335.61969894
10.00000000     0.45337783     1.41967606     143890719.87676126
10.01501501     0.45280301     1.41342082     143471822.65201798
10.03003003     0.45316897     1.40788321     143123975.08885637
10.04504505     0.45410449     1.40369298     142911619.73768002
10.06006006     0.45440352     1.40093558     142844085.93964830
10.07507508     0.45335268     1.39820929     142778890.04484680
10.09009009     0.45228289     1.39435356     142597358.13383922
10.10510510     0.45269141     1.39057881     142422946.56565118
10.12012012     0.45355495     1.38881968     142454132.91210061
10.13513514     0.45243129     1.38846246     142628793.96684289
10.15015015     0.44929602     1.38674866     142663786.26303431
10.16516516     0.44686832     1.38296310     142484806.07832727
10.18018018     0.44642336     1.37949552     142337483.55569538
10.19519520     0.44611682     1.37797195     142389985.93751839
10.21021021     0.44421084     1.37733606     142533886.78089759
10.22522523     0.44080779     1.37606287     142611544.79740852
10.24024024     0.43684855     1.37345328     142550111.77461058
10.25525525     0.43332188     1.36968517     142367465.33561862
10.27027027     0.43061332     1.36548332     142138522.83625129
10.28528529     0.42846976     1.36135661     141916133.66311261
10.30030030     0.42655826     1.35735810     141705872.87751347
10.31531531     0.42471299     1.35326149     141484138.70697618
10.33033033     0.42329697     1.34870995     141213525.44462007
10.34534535     0.42309984     1.34423625     140949688.41734478
10.36036036     0.42370533     1.34107004     140821785.47725219
10.37537538     0.42385839     1.33920565     140829817.51502189
10.39039039     0.42322368     1.33787934     140893948.23469552
10.40540540     0.42197099     1.33682973     140986855.77175412
10.42042042     0.41996408     1.33604540     141107463.05540010
10.43543544     0.41691164     1.33515504     141216616.44792604
10.45045045     0.41291899     1.33349337     141243801.36102641
10.46546546     0.40864250     1.33060500     141140361.43844643
10.48048048     0.40493138     1.32670822     140928924.67644286
10.49549550     0.40207825     1.32270288     140704753.81835875
10.51051051     0.39928019     1.31917338     140530054.26107880
10.52552553     0.39578236     1.31538991     140327187.46657261
10.54054054     0.39211742     1.31030800     139984452.22823250
10.55555556     0.38964665     1.30389721     139497998.49140453
10.57057057     0.38922046     1.29742458     139002968.62492755
10.58558559     0.39031966     1.29229365     138649920.41183981
10.60060060     0.39171841     1.28902689     138495599.36069751
10.61561562     0.39225282     1.28720901     138496176.15330148
10.63063063     0.39148351     1.28580174     138540439.83501053
10.64564565     0.38982719     1.28398883     138540508.23724180
10.66066066     0.38795857     1.28161244     138479140.57092199
10.67567568     0.38629468     1.27900690     138392254.92643046
10.69069069     0.38478466     1.27662588     138328903.80788252
10.70570571     0.38304830     1.27465326     138309142.44830784
10.72072072     0.38067145     1.27297171     138320407.54480135
10.73573574     0.37722212     1.27112995     138313728.78780767
10.75075075     0.37273813     1.26805213     138171803.79451811
10.76576577     0.36854795     1.26298034     137811367.72778514
10.78078078     0.36610634     1.25676997     137324977.33429772
10.79579580     0.36552140     1.25095455     136879912.40783390
10.81081081     0.36586904     1.24641862     136573273.90237594
10.82582583     0.36621822     1.24309257     136398009.18684801
10.84084084     0.36606275     1.24067712     136321785.46094102
10.85585586     0.36490054     1.23855107     136276670.40164721
10.87087087     0.36318347     1.23564727     136145212.72777867
10.88588589     0.36227474     1.23218615     135951382.19199491
10.90090090     0.36222820     1.22965753     135859525.06032005
10.91591592     0.36165589     1.22845407     135913511.19989896
10.93093093     0.35996188     1.22764308     136010612.25872290
10.94594595     0.35746145     1.22683897     136108230.30219102
10.96096096     0.35399527     1.22610387     136213269.81257746
10.97597598     0.34912171     1.22496490     136273157.33589050
10.99099099     0.34287824     1.22245653     136180147.66546646
11.00600601     0.33603467     1.21766398     135831573.27769771
11.02102102     0.33002250     1.21020323     135183493.49504358
11.03603604     0.32650697     1.20085155     134321631.83527997
11.05105105     0.32615604     1.19153295     133460629.47596905
11.06606607     0.32807197     1.18390862     132786819.14421281
11.08108108     0.33090614     1.17841686     132350200.55977015
11.09609610     0.33384174     1.17488739     132132599.43995339
11.11111111     0.33629063     1.17336052     132139448.00070825
11.12612613     0.33710270     1.17373379     132360107.27616239
11.14114114     0.33508160     1.17470947     132648905.52582176
11.15615616     0.33046720     1.17419140     132769098.61311764
11.17117117     0.32506871     1.17102120     132588845.22065759
11.18618619     0.32074595     1.16584872     132180615.65008275
11.20120120     0.31793449     1.16028670     131726586.18168540
11.21621622     0.31566060     1.15517283     131321810.62390040
11.23123123     0.31319374     1.14997863     130906335.01567599
11.24624625     0.31086574     1.14404892     130405439.97822255
11.26126126     0.30948228     1.13747831     129829589.21029767
11.27627628     0.30935436     1.13116746     129281426.88456033
11.29129129     0.30980804     1.12575022     128833610.06654756
11.30630631     0.31030205     1.12098113     128458419.55999276
11.32132132     0.31083868     1.11680734     128150086.29064201
11.33633634     0.31098170     1.11344717     127933965.55320431
11.35135135     0.30995133     1.11040407     127753302.73647791
11.36636637     0.30772444     1.10641357     127462569.40749744
11.38138138     0.30555675     1.10059734     126960013.19432247
11.39639640     0.30500569     1.09360089     126319363.47238490
11.41141141     0.30631395     1.08702544     125725275.24209699
11.42642643     0.30851708     1.08172669     125277044.83823407
11.44144144     0.31078167     1.07759281     124962282.98167931
11.45645646     0.31274696     1.07429932     124743847.27197495
11.47147147     0.31426875     1.07158679     124591956.47999053
11.48648649     0.31528294     1.06925990     124484137.04351830
11.50150150     0.31576483     1.06719935     124406656.74662487
11.51651652     0.31552632     1.06535177     124353407.67834644
11.53153153     0.31423047     1.06323510     124268147.24658048
11.54654655     0.31225227     1.05998655     124049777.47978118
11.56156156     0.31062574     1.05551441     123687037.68070407
11.57657658     0.30987287     1.05050312     123259675.75073241
11.59159159     0.30987102     1.04557978     122841121.13090020
11.60660661     0.31011718     1.04097381     122458403.77314146
11.62162162     0.31035745     1.03626975     122062730.18407105
11.63663664     0.31103837     1.03132135     121636806.03443100
11.65165165     0.31224068     1.02661141     121237537.10323992
11.66666667     0.31349811     1.02217050     120868645.99314091
11.68168168     0.31485386     1.01752562     120474254.46456900
11.69669670     0.31682679     1.01269817     120056803.88440259
11.71171171     0.31959253     1.00815084     119671136.28363149
11.72672673     0.32293119     1.00424433     119360249.58944570
11.74174174     0.32654129     1.00099256     119126093.16665955
11.75675676     0.33045542     0.99830096     118957696.80585349
11.77177177     0.33473236     0.99644169     118887788.07008994
11.78678679     0.33906473     0.99562632     118942023.46891646
11.80180180     0.34329476     0.99582117     119116848.91238183
11.81681682     0.34736521     0.99731561     119447385.03494117
11.83183183     0.35064463     1.00061174     119994435.36648616
11.84684685     0.35178192     1.00550983     120734843.05125053
11.86186186     0.34991574     1.01045517     121482420.43428335
11.87687688     0.34581578     1.01392392     122053756.40663943
11.89189189     0.34051668     1.01572835     122425546.75304843
11.90690691     0.33425642     1.01575757     122583650.27188663
11.92192192     0.32771422     1.01336338     122448933.44596480
11.93693694     0.32228748     1.00865066     122032976.39662966
11.95195195     0.31889549     1.00273961     121470420.33704054
11.96696697     0.31744023     0.99694972     120920761.12758298
11.98198198     0.31707048     0.99195888     120466379.05527474
11.99699700     0.31711283     0.98757167     120083876.11694284
12.01201201     0.31755599     0.98355547     119745207.04842995
12.02702703     0.31833102     0.98004003     119466358.85751794
12.04204204     0.31926730     0.97687487     119229192.28395545
12.05705706     0.32068893     0.97398612     119024840.88560906
12.07207207     0.32282709     0.97197986     118927587.97108135
12.08708709     0.32517733     0.97161117     119030340.40824792
12.10210210     0.32669085     0.97319642     119372652.05886571
12.11711712     0.32602815     0.97634553     119907507.07370175
12.13213213     0.32211087     0.97957096     120452705.21508852
12.14714715     0.31523049     0.98066478     120736448.22341296
12.16216216     0.30729423     0.97822949     120585494.17988579
12.17717718     0.30040371     0.97259256     120038648.06230533
12.19219219     0.29576204     0.96493671     119240599.90087053
12.20720721     0.29388201     0.95672790     118371808.10820709
12.22222222     0.29428088     0.94951636     117624056.27356376
12.23723724     0.29566140     0.94398180     117082105.64116949
12.25225225     0.29692727     0.93979371     116705679.14101949
12.26726727     0.29768387     0.93616692     116397766.07833648
12.28228228     0.29833228     0.93256495     116091838.05622497
12.29729730     0.29933284     0.92937331     115835957.95188938
12.31231231     0.30013461     0.92717866     115703520.93470828
12.32732733     0.29984965     0.92554254     115640201.57780923
12.34234234     0.29838473     0.92346678     115521385.56225562
12.35735736     0.29639995     0.92023994     115257769.42105508
12.37237237     0.29484897     0.91585168     114847528.18783388
12.38738739     0.29438776     0.91094256     114370557.22920214
12.40240240     0.29504177     0.90650847     113951805.10717191
12.41741742     0.29582213     0.90324087     113678513.04126054
12.43243243     0.29560210     0.90040413     113458519.66641963
12.44744745     0.29468490     0.89671246     113129803.53565201
12.46246246     0.29426165     0.89188575     112656593.54742384
12.47747748     0.29521267     0.88677096     112145482.58563250
12.49249249     0.29724642     0.88258920     111750951.81272355
12.50750751     0.29926532     0.87966685     111514803.82855591
12.52252252     0.30049014     0.87740774     111361944.61936855
12.53753754     0.30094481     0.87490400     111177312.50152206
12.55255255     0.30135692     0.87180095     110915671.65311444
12.56756757     0.30219062     0.86848472     110625929.82540192
12.58258258     0.30339272     0.86530681     110352820.13216919
12.59759760     0.30486982     0.86241271     110114980.10130602
12.61261261     0.30647477     0.85999986     109937779.46520156
12.62762763     0.30783454     0.85808055     109823011.66880301
12.64264264     0.30875976     0.85632544     109728700.16031416
12.65765766     0.30935902     0.85448679     109623137.11665937
12.67267267     0.30979475     0.85246289     109493219.67711921
12.68768769     0.31020000     0.85025387     109338880.83982033
12.70270270     0.31072165     0.84781970     109154882.20940199
12.71771772     0.31170381     0.84536390     108967353.79333326
12.73273273     0.31303120     0.84357101     108864628.93718655
12.74774775     0.31376728     0.84258541     108865662.27958764
12.76276276     0.31337789     0.84147029     108849643.18272859
12.77777778     0.31245156     0.83932582     108699973.49518365
12.79279279     0.31201991     0.83613293     108413713.07103409
12.80780781     0.31270270     0.83272963     108099166.03310986
12.82282282     0.31405860     0.83006747     107879905.87039664
12.83783784     0.31512711     0.82807678     107747206.41048591
12.85285285     0.31575045     0.82595244     107596488.90041897
12.86786787     0.31657712     0.82339503     107388644.63749607
12.88288288     0.31804136     0.82088564     107186290.31492844
12.89789790     0.31993229     0.81891059     107053026.60037003
12.91291291     0.32194685     0.81757434     107002764.50257708
12.92792793     0.32387323     0.81694833     107045160.06568928
12.94294294     0.32538209     0.81708491     107187404.06627628
12.95795796     0.32600761     0.81779104     107404490.59533171
12.97297297     0.32550282     0.81848829     107620624.63967845
12.98798799     0.32409157     0.81860720     107760839.37035383
13.00300300     0.32222414     0.81789680     107791793.47486766
13.01801802     0.32026814     0.81638146     107716324.22174130
13.03303303     0.31848643     0.81411754     107541510.28162609
13.04804805     0.31716122     0.81127034     107288869.61371124
13.06306306     0.31640439     0.80809239     106991571.11991934
13.07807808     0.31631232     0.80477666     106675042.29390834
13.09309309     0.31691918     0.80170151     106389430.53094485
13.10810811     0.31789130     0.79920609     106179903.51496269
13.12312312     0.31876745     0.79723854     106039827.85821070
13.13813814     0.31931319     0.79541115     105917818.26591870
13.15315315     0.31978711     0.79330385     105757935.25707006
13.16816817     0.32073174     0.79103150     105575382.90512256
13.18318318     0.32225069     0.78919119     105449868.18970236
13.19819820     0.32386667     0.78816207     105432305.30019034
13.21321321     0.32501702     0.78777369     105500238.19807869
13.22822823     0.32557344     0.78750459     105584045.78117049
13.24324324     0.32584386     0.78715084     105656409.20379558
13.25825826     0.32587235     0.78683367     105733579.85900298
13.27327327     0.32556737     0.78637800     105792021.27927470
13.28828829     0.32517685     0.78560517     105807608.19307816
13.30330330     0.32497649     0.78459542     105791016.06664598
13.31831832     0.32521790     0.78362737     105779743.85570495
13.33333333     0.32580558     0.78324290     105847042.98330778
13.34834835     0.32618343     0.78367789     106025089.87859763
13.36336336     0.32588904     0.78472736     106286497.64674088
13.37837838     0.32464300     0.78608918     106590579.05691652
13.39339339     0.32223478     0.78731092     106876057.81839243
13.40840841     0.31874758     0.78773528     107053544.25418517
13.42342342     0.31482507     0.78680900     107047402.83398746
13.43843844     0.31138935     0.78476620     106888903.11261989
13.45345345     0.30858652     0.78240108     106685831.89457861
13.46846847     0.30595933     0.77992194     106466475.11646995
13.48348348     0.30342476     0.77702149     106188787.75266063
13.49849850     0.30136459     0.77361404     105840853.00259599
13.51351351     0.30008511     0.77011188     105478908.63836566
13.52852853     0.29934954     0.76704711     105175872.82449904
13.54354354     0.29861967     0.76444781     104935798.80384877
13.55855856     0.29768284     0.76195364     104709381.98565187
13.57357357     0.29675400     0.75925534     104454121.07579701
13.58858859     0.29625562     0.75654617     104196543.15731545
13.60360360     0.29602793     0.75442975     104019868.32878856
13.61861862     0.29530198     0.75294543     103929798.58414631
13.63363363     0.29370277     0.75131502     103819089.49838935
13.64864865     0.29181590     0.74887986     103596558.60353215
13.66366366     0.29037135     0.74592165     103300850.74106555
13.67867868     0.28936781     0.74305604     103017081.31013724
13.69369369     0.28832779     0.74046880     102771074.69465801
13.70870871     0.28693196     0.73773785     102504312.77841151
13.72372372     0.28559689     0.73438986     102150892.65552267
13.73873874     0.28496835     0.73078638     101760875.39518033
13.75375375     0.28484197     0.72770753     101442896.54534802
13.76876877     0.28436126     0.72518200     101201197.06554891
13.78378378     0.28322536     0.72230987     100910307.47766420
13.79879880     0.28235489     0.71850483     100488069.17467175
13.81381381     0.28256700     0.71465110     100057855.60974944
13.82882883     0.28308345     0.71166645     99748281.11660135
13.84384384     0.28299682     0.70890216     99468717.14755659
13.85885886     0.28279606     0.70544993     99091679.88289911
13.87387387     0.28346678     0.70150841     98644788.89660043
13.88888889     0.28524314     0.69805778     98265801.68690932
13.90390390     0.28747081     0.69569523     98039097.70283633
13.91891892     0.28953362     0.69434743     97954831.15543179
13.93393393     0.29107794     0.69372992     97973290.83799405
13.94894895     0.29206217     0.69349413     98045530.47052880
13.96396396     0.29263165     0.69364493     98172412.57534225
13.97897898     0.29243727     0.69439750     98384599.96326341
13.99399399     0.29082157     0.69523929     98609672.69107114
14.00900901     0.28795936     0.69512491     98699236.49170202
14.02402402     0.28478921     0.69363934     98593864.32671899
14.03903904     0.28202544     0.69119989     98352309.98115458
14.05405405     0.27969151     0.68832268     98047657.94914310
14.06906907     0.27762533     0.68507891     97689859.38915420
14.08408408     0.27589902     0.68136556     97264041.13168061
14.09909910     0.27486411     0.67716267     96767138.86694209
14.11411411     0.27501111     0.67296831     96270176.13215098
14.12912913     0.27611924     0.66980752     95919948.20639500
14.14414414     0.27701345     0.66804746     95769565.76820415
14.15915916     0.27682789     0.66687313     95702704.05894777
14.17417417     0.27580219     0.66529408     95577341.77306509
14.18918919     0.27473044     0.66315344     95370735.29197276
14.20420420     0.27386350     0.66099411     95160786.60987152
14.21921922     0.27276515     0.65903859     94979553.24698718
14.23423423     0.27116816     0.65684693     94763655.40831599
14.24924925     0.26943847     0.65404809     94459401.10447045
14.26426426     0.26796794     0.65075554     94082917.56669487
14.27927928     0.26694367     0.64724152     93673377.76298144
14.29429429     0.26626945     0.64381737     93275790.23705073
14.30930931     0.26574380     0.64049706     92892219.54392879
14.32432432     0.26537199     0.63726036     92519777.24497770
14.33933934     0.26510970     0.63424736     92178860.84730114
14.35435435     0.26463391     0.63150088     91875803.44152546
14.36936937     0.26374706     0.62855188     91542415.18033381
14.38438438     0.26298369     0.62503785     91125751.15737917
14.39939940     0.26289682     0.62149248     90703445.23162282
14.41441441     0.26303456     0.61871010     90391529.72291322
14.42942943     0.26233819     0.61649022     90161032.84032556
14.44444444     0.26055890     0.61360680     89832715.63133229
14.45945946     0.25882404     0.60933578     89300165.76692338
14.47447447     0.25807350     0.60441472     88670950.26027064
14.48948949     0.25801202     0.59961214     88057637.39846899
14.50450450     0.25823367     0.59482136     87444596.05223703
14.51951952     0.25894129     0.58985584     86804383.12490653
14.53453454     0.26035845     0.58502066     86181859.10635670
14.54954955     0.26227835     0.58061538     85621259.37194119
14.56456456     0.26453290     0.57658689     85114939.97139083
14.57957958     0.26724058     0.57301723     84675195.80899519
14.59459460     0.27028526     0.57030518     84361224.44507687
14.60960961     0.27308492     0.56862308     84198938.98872574
14.62462462     0.27517464     0.56751002     84120488.58415461
14.63963964     0.27679354     0.56655238     84064760.08539763
14.65465465     0.27807302     0.56603266     84073786.01484093
14.66966967     0.27839366     0.56604747     84162129.08380190
14.68468469     0.27722871     0.56576083     84205610.28569971
14.69969970     0.27511946     0.56413503     84049484.40283300
14.71471471     0.27311450     0.56105910     83676591.30586413
14.72972973     0.27173207     0.55698215     83153317.55249771
14.74474475     0.27121590     0.55218788     82521602.38717681
14.75975976     0.27189469     0.54710632     81845450.78462739
14.77477477     0.27371420     0.54240767     81225093.03211863
14.78978979     0.27626727     0.53846415     80716500.11187710
14.80480480     0.27920952     0.53542272     80342068.84045938
14.81981982     0.28212920     0.53339260     80118615.06137995
14.83483484     0.28453238     0.53220724     80021560.62284189
14.84984985     0.28615911     0.53146480     79990809.08618763
14.86486486     0.28694873     0.53078880     79969843.30496949
14.87987988     0.28694655     0.52978223     79898815.29080999
14.89489490     0.28637689     0.52805295     79718375.07871296
14.90990991     0.28569215     0.52526057     79376755.49337204
14.92492492     0.28567727     0.52136241     78867013.60948649
14.93993994     0.28710690     0.51703629     78291282.42253369
14.95495495     0.28993517     0.51346848     77829174.57997188
14.96996997     0.29317606     0.51131608     77580737.12536187
14.98498499     0.29586573     0.51018182     77486280.74280536
15.00000000     0.29790184     0.50925694     77423311.78758754

