# omega(eV)     n     kappa     alpha(1/m)
0.00000000     3.48741743     0.00000000     0.00000000
0.01501501     3.48765012     0.00163541     248.88363571
0.03003003     3.48835087     0.00329287     1002.24356196
0.04504504     3.48952784     0.00499543     2280.67461543
0.06006006     3.49119497     0.00676832     4120.12206839
0.07507508     3.49337247     0.00864023     6574.52519121
0.09009009     3.49608752     0.01064497     9719.97095313
0.10510511     3.49937534     0.01282370     13660.94091969
0.12012012     3.50328044     0.01522788     18539.52894945
0.13513513     3.50785823     0.01792354     24549.09933475
0.15015015     3.51317700     0.02099739     31954.69116631
0.16516517     3.51932000     0.02456590     41123.94393310
0.18018018     3.52638727     0.02878905     52574.83797241
0.19519519     3.53449615     0.03389152     67050.74736590
0.21021021     3.54377767     0.04019600     85640.69683024
0.22522523     3.55436231     0.04817632     109975.05431785
0.24024024     3.56633923     0.05854187     142546.28253983
0.25525526     3.57965156     0.07236866     187227.12225720
0.27027027     3.59383859     0.09128206     250050.20791055
0.28528528     3.60742759     0.11762141     340102.07430092
0.30030030     3.61662793     0.15418939     469303.49622994
0.31531531     3.61325036     0.20217543     646125.62007665
0.33033033     3.58467950     0.25457750     852338.27974050
0.34534535     3.52558076     0.28870629     1010539.69415422
0.36036036     3.45792750     0.28152197     1028236.07798907
0.37537538     3.41476892     0.24191411     920387.08021035
0.39039039     3.40363985     0.19730942     780711.31383934
0.40540540     3.41318668     0.16302279     669855.90120556
0.42042042     3.43252457     0.14147582     602850.39267014
0.43543543     3.45581449     0.13092244     577805.10459250
0.45045045     3.48036651     0.12961899     591778.49960763
0.46546547     3.50464729     0.13669009     644863.85271013
0.48048048     3.52727028     0.15182849     739388.23998700
0.49549550     3.54690647     0.17520457     879890.57922432
0.51051051     3.56120397     0.20848005     1078729.90030006
0.52552553     3.56285873     0.25308390     1348037.14982398
0.54054054     3.53959861     0.30152994     1651970.32472942
0.55555556     3.48850745     0.33101440     1863879.81713419
0.57057057     3.43326920     0.32248072     1864904.71811288
0.58558559     3.40346123     0.28844356     1711964.49068884
0.60060060     3.40280762     0.25589869     1557748.55351704
0.61561562     3.41766888     0.23945111     1494066.80060714
0.63063063     3.43335964     0.24087025     1539578.17119221
0.64564565     3.43845658     0.25373741     1660436.41469716
0.66066066     3.42939362     0.26529957     1776472.63592283
0.67567568     3.41391818     0.26614173     1822614.37358333
0.69069069     3.40069131     0.25650634     1795664.67359977
0.70570571     3.39534558     0.23905045     1709844.93369799
0.72072072     3.40241853     0.22045907     1610417.60479114
0.73573574     3.41908452     0.20927791     1560589.79027947
0.75075075     3.43772545     0.20779786     1581176.54588134
0.76576577     3.45386772     0.21193168     1644884.28402148
0.78078078     3.46971497     0.21844913     1728713.22853210
0.79579580     3.48733644     0.23091071     1862469.83924265
0.81081081     3.50149634     0.25351004     2083330.74570402
0.82582583     3.50389223     0.28293827     2368228.91540152
0.84084084     3.49227561     0.30955710     2638141.50567966
0.85585586     3.47188485     0.32619522     2829578.50153285
0.87087087     3.45032444     0.33010145     2913699.24009111
0.88588589     3.43691186     0.32530794     2920895.18103599
0.90090090     3.43188088     0.32346967     2953616.51720983
0.91591592     3.42413892     0.32766761     3041813.93844213
0.93093093     3.40890849     0.32807577     3095530.85522193
0.94594595     3.39388370     0.31882191     3056736.57516090
0.96096096     3.38446266     0.30366761     2957656.56004040
0.97597598     3.38103293     0.28470880     2816330.03622173
0.99099099     3.38650603     0.26337970     2645425.44805398
1.00600601     3.40230212     0.24573191     2505564.87642697
1.02102102     3.42343902     0.23670254     2449520.73719879
1.03603604     3.44444317     0.23458628     2463320.91468496
1.05105105     3.46564279     0.23621987     2516423.72357648
1.06606607     3.48846372     0.24350348     2631072.56747494
1.08108108     3.50955550     0.25874040     2835084.65093607
1.09609610     3.52535792     0.27992350     3109793.29444210
1.11111111     3.53539135     0.30534807     3438715.06098267
1.12612613     3.53684652     0.33489296     3822403.88870081
1.14114114     3.52585016     0.36316299     4200340.25111862
1.15615616     3.50521411     0.38290293     4486923.96582462
1.17117117     3.48058381     0.39156389     4648004.47570221
1.18618619     3.45695876     0.38948924     4682651.62582050
1.20120120     3.43691835     0.37868768     4610419.66639949
1.21621622     3.42319931     0.35826426     4416292.27716091
1.23123123     3.42392473     0.33156770     4137665.38282217
1.24624625     3.44095023     0.31105870     3929069.82293573
1.26126126     3.46446767     0.30558989     3906497.67852478
1.27627628     3.48235954     0.31321674     4051661.86110927
1.29129129     3.48866478     0.32466519     4249163.83904174
1.30630631     3.48532934     0.33019210     4371749.07217139
1.32132132     3.48058292     0.32367233     4334684.98153914
1.33633634     3.48534726     0.30771555     4167818.05820562
1.35135135     3.50382017     0.29222535     4002484.86590941
1.36636637     3.53209420     0.28506905     3947850.99851310
1.38138138     3.56485973     0.28865232     4041403.10508866
1.39639640     3.59873378     0.30447383     4309255.19152366
1.41141141     3.62790861     0.33486944     4790409.72651489
1.42642643     3.64315703     0.37759600     5459090.36623828
1.44144144     3.63750072     0.42336073     6185162.34308425
1.45645646     3.61128054     0.45888126     6773940.16664233
1.47147147     3.57457542     0.47340773     7060422.90056505
1.48648649     3.54184463     0.46654730     7029107.29099353
1.50150150     3.52214501     0.44648234     6794751.49725036
1.51651652     3.51724738     0.42214809     6488667.25300728
1.53153153     3.52565566     0.40081359     6221740.73041173
1.54654655     3.54142319     0.38875757     6093760.46877742
1.56156156     3.55488836     0.38451140     6085718.38767852
1.57657658     3.56386491     0.37875443     6052242.41725846
1.59159159     3.57600394     0.36681789     5917328.31222097
1.60660661     3.59850582     0.35367548     5759145.20237270
1.62162162     3.63067464     0.34809912     5721316.46347963
1.63663664     3.66537648     0.35354699     5864661.31934942
1.65165165     3.69873171     0.36680403     6140391.76641318
1.66666667     3.73235944     0.38800787     6554397.99552936
1.68168168     3.76266368     0.42244489     7200412.57187407
1.69669670     3.77898033     0.46970423     8077411.64218577
1.71171171     3.77230012     0.51979246     9017873.10839004
1.72672673     3.74225541     0.55596576     9730052.42271812
1.74174174     3.70372726     0.56366902     9950649.95430797
1.75675676     3.67861659     0.54646854     9730167.72460705
1.77177177     3.67589051     0.52179423     9370236.97015303
1.78678679     3.68918644     0.50403626     9128050.57124955
1.80180180     3.70661306     0.49531924     9045565.89591611
1.81681682     3.72402488     0.48842615     8994014.28780900
1.83183183     3.74638508     0.48017641     8915176.55236468
1.84684685     3.77746837     0.47450871     8882160.09197499
1.86186186     3.81653174     0.47669709     8995669.31762734
1.87687688     3.86016477     0.49077185     9335959.37377939
1.89189189     3.90302250     0.51946414     9960827.35252621
1.90690691     3.93731081     0.56292741     10879912.85762534
1.92192192     3.95412141     0.61585095     11996508.98558220
1.93693694     3.94857990     0.66537491     13062473.74297079
1.95195195     3.92795057     0.69632197     13775987.78312948
1.96696697     3.90889869     0.70438673     14042736.85842453
1.98198198     3.90427076     0.69677693     13997065.40528602
1.99699700     3.92038579     0.68530934     13870994.13761594
2.01201201     3.95457875     0.68413705     13951381.25816967
2.02702703     3.99442684     0.70018300     14385157.62879553
2.04204204     4.02955970     0.72762617     15059706.67901769
2.05705706     4.06155965     0.75860351     15816293.35257895
2.07207207     4.09484818     0.79493793     16694814.63441895
2.08708709     4.12631809     0.83971784     17763047.47453282
2.10210210     4.15389245     0.89020045     18966410.17550554
2.11711712     4.18016732     0.94699553     20320591.18729372
2.13213213     4.20248694     1.01522579     21939174.37406791
2.14714715     4.21306752     1.09427507     23813971.98665562
2.16216216     4.20821491     1.17887201     25834403.82599010
2.17717718     4.18555185     1.26507970     27916128.30506794
2.19219219     4.14269223     1.34515956     29887937.92378961
2.20720721     4.08415281     1.40979941     31538712.09688265
2.22222222     4.01887531     1.45488444     32768722.40872560
2.23723724     3.95565519     1.48165750     33597223.61545580
2.25225225     3.90004891     1.49520291     34131917.57852305
2.26726727     3.85373820     1.49984593     34466159.46099661
2.28228228     3.82005670     1.49867710     34667374.62667768
2.29729730     3.80231990     1.50099845     34949500.35772032
2.31231231     3.79344192     1.51941737     35609600.62268196
2.32732733     3.77570389     1.55699755     36727293.28894448
2.34234234     3.73379183     1.59893765     37959931.65235085
2.35735736     3.67291311     1.62291892     38776246.87644889
2.37237237     3.61259415     1.62333271     39033178.96067096
2.38738739     3.56393027     1.60863022     38924464.33628025
2.40240240     3.53065355     1.58689122     38639939.37203912
2.41741742     3.51294962     1.56725829     38400400.10173239
2.43243243     3.50511000     1.55629482     38368620.22851560
2.44744745     3.50094691     1.55458439     38563034.69083842
2.46246246     3.49895699     1.56166505     38976338.17434428
2.47747748     3.49528414     1.58264148     39740724.94427507
2.49249249     3.47631414     1.61701344     40849901.45457752
2.50750751     3.43248105     1.64873084     41902074.91208745
2.52252252     3.37270261     1.65987532     42437915.66027539
2.53753754     3.31327336     1.64721218     42364837.51171336
2.55255255     3.26491622     1.61518312     41786883.79087641
2.56756757     3.23683936     1.57107836     40884929.52911877
2.58258258     3.23266398     1.52933533     40031371.05330480
2.59759760     3.24430506     1.50188623     39541435.92244495
2.61261261     3.26150296     1.49211206     39511178.49781457
2.62762763     3.27403617     1.49971489     39940734.66786733
2.64264264     3.27211090     1.51665138     40622601.17876075
2.65765766     3.25618383     1.52942633     41197524.84112395
2.67267267     3.23697973     1.53219520     41505284.43289670
2.68768769     3.22212444     1.53070199     41697783.87034858
2.70270270     3.20961625     1.53139109     41949608.88127071
2.71771772     3.19436571     1.53476299     42275542.37835915
2.73273273     3.17325734     1.53652236     42557839.15946632
2.74774775     3.14897780     1.53123669     42644469.14556974
2.76276276     3.12701865     1.51822251     42513077.67209827
2.77777778     3.11183263     1.49991733     42228761.75184058
2.79279279     3.10556470     1.48240934     41961439.99821667
2.80780781     3.10355534     1.47134859     41872267.46112107
2.82282282     3.09929944     1.46507293     41916632.76986519
2.83783784     3.09182027     1.45866470     41955275.03288957
2.85285285     3.08321933     1.44964848     41916556.89429778
2.86786787     3.07617498     1.43702820     41770334.62136300
2.88288288     3.07451246     1.42210635     41553020.63599372
2.89789790     3.07984086     1.41025214     41421266.48711009
2.91291291     3.08773199     1.40647162     41524269.23508536
2.92792793     3.09110216     1.40938482     41824763.78399437
2.94294294     3.08844809     1.41241721     42129700.17306922
2.95795796     3.08395233     1.41327925     42370491.93932990
2.97297297     3.07904730     1.41415725     42612026.81583023
2.98798799     3.07170277     1.41621076     42889428.88159089
3.00300300     3.05909891     1.41687337     43125121.40879703
3.01801802     3.04250245     1.41092091     43158667.00077627
3.03303303     3.02771081     1.39575100     42907045.64664438
3.04804805     3.02136115     1.37451525     42463412.96740019
3.06306306     3.02496081     1.35488255     42063084.26750167
3.07807808     3.03354097     1.34226666     41875688.35859311
3.09309309     3.04037388     1.33608813     41886263.72225463
3.10810811     3.04237089     1.33056463     41915593.30320169
3.12312312     3.04351916     1.32040240     41796405.71855302
3.13813814     3.05019352     1.30773241     41594362.31481153
3.15315315     3.06227275     1.29867533     41503926.02408095
3.16816817     3.07579604     1.29494566     41581800.90490076
3.18318318     3.08889396     1.29586230     41808444.87766742
3.19819820     3.10043085     1.30222875     42212024.20574466
3.21321321     3.10564351     1.31497470     42825305.05101812
3.22822823     3.09793523     1.32789163     43448059.92197613
3.24324324     3.07992839     1.32862461     43674238.31785115
3.25825826     3.06568416     1.31284355     43355280.97516738
3.27327327     3.06501891     1.29104122     42831757.79607771
3.28828829     3.07366626     1.27327336     42436060.92264279
3.30330330     3.08603273     1.26020670     42192354.44093941
3.31831832     3.09983814     1.25153127     42092360.08507749
3.33333333     3.11271630     1.24575186     42087566.35322835
3.34834835     3.12509148     1.24099232     42115625.20900126
3.36336336     3.13685850     1.23742375     42182834.79292075
3.37837838     3.14750406     1.23337828     42232628.37501698
3.39339339     3.15882691     1.22776211     42227168.50687881
3.40840841     3.17296872     1.22098821     42180004.68298765
3.42342342     3.19192569     1.21676710     42219355.75042691
3.43843844     3.21076593     1.21989956     42513695.20399788
3.45345345     3.22214794     1.22578027     42905183.06792474
3.46846847     3.22850070     1.22563520     43086627.44084345
3.48348348     3.23801938     1.21894484     43036934.89554639
3.49849850     3.25320308     1.21110298     42944375.25078221
3.51351351     3.27267902     1.20438908     42889596.83605604
3.52852853     3.29652277     1.20101378     42952174.00252160
3.54354354     3.32059797     1.20438631     43256074.88439366
3.55855856     3.33859891     1.21037043     43655196.57237275
3.57357357     3.35317031     1.21131030     43873437.33534563
3.58858859     3.37116950     1.20772202     43927266.92348509
3.60360360     3.39370524     1.20377423     43966872.91427850
3.61861862     3.41990461     1.20084896     44042780.11282124
3.63363363     3.44932976     1.20062737     44217369.48359884
3.64864865     3.47857525     1.20409317     44528253.62285662
3.66366366     3.50485203     1.20629242     44793161.94808579
3.67867868     3.53393805     1.20169314     44805256.10511604
3.69369369     3.57433061     1.19441336     44715599.17798224
3.70870871     3.62622560     1.19349235     44862749.64170232
3.72372372     3.68407627     1.20316354     45409386.90392536
3.73873874     3.74288735     1.22310038     46347972.85764283
3.75375375     3.79998928     1.24985189     47551898.04611886
3.76876877     3.85869671     1.28048908     48912391.42167413
3.78378378     3.92286214     1.32047324     50640669.95529266
3.79879880     3.98639131     1.37716589     53024438.10359165
3.81381381     4.03890147     1.44855685     55993621.30407690
3.82882883     4.07609052     1.52599337     59219143.92954321
3.84384384     4.10060171     1.60212016     62417209.16322940
3.85885886     4.11789841     1.67422727     65481230.44613647
3.87387387     4.13199365     1.74451685     68495835.86208913
3.88888889     4.14165385     1.81583389     71572333.65986472
3.90390390     4.14429866     1.88596104     74623456.47236575
3.91891892     4.14254929     1.95109310     77497518.45972303
3.93393393     4.14084044     2.01275135     80252896.08556552
3.94894895     4.13900211     2.07411694     83015327.01348020
3.96396396     4.13607040     2.13545864     85795475.84000488
3.97897898     4.13205824     2.19752183     88623391.80796692
3.99399399     4.12551140     2.26089893     91523386.29629046
4.00900901     4.11470668     2.32441542     94448335.01798305
4.02402402     4.09896466     2.38476277     97263361.04041655
4.03903904     4.08200259     2.43743955     99782740.91034767
4.05405405     4.07218323     2.48334949     102040106.46140699
4.06906907     4.07398176     2.53087875     104378229.51067039
4.08408408     4.08408845     2.58794558     107125617.75630355
4.09909910     4.09709985     2.65643567     110364969.26110949
4.11411411     4.11282415     2.73664688     114113919.25538589
4.12912913     4.13061771     2.83643308     118706508.54612567
4.14414414     4.13837235     2.96371878     124484526.11446628
4.15915916     4.12000937     3.11388156     131265668.76364313
4.17417417     4.06760935     3.27628890     138610548.66148591
4.18918919     3.97403782     3.44164685     146130141.62662593
4.20420420     3.83292143     3.59098432     153017406.37871155
4.21921922     3.65447163     3.69972410     158214015.94644859
4.23423423     3.46457728     3.75618947     161200318.51175013
4.24924925     3.28881942     3.76924492     162334224.11654967
4.26426426     3.13646963     3.76087662     162546162.82682967
4.27927928     2.99561994     3.74585986     162467194.93124926
4.29429429     2.85367829     3.71481614     161686087.59321800
4.30930931     2.72348115     3.65226816     159519525.73079914
4.32432432     2.62933937     3.56792410     156378625.40293106
4.33933934     2.57564834     3.48868032     153436369.62104675
4.35435435     2.54765723     3.43301884     151510761.21546656
4.36936937     2.52643187     3.40644130     150856210.76881659
4.38438438     2.49306928     3.40473697     151298880.43300253
4.39939940     2.43263229     3.41143164     152115542.16709667
4.41441441     2.34660746     3.40055093     152147881.73560914
4.42942943     2.25818945     3.35719508     150718960.42693195
4.44444444     2.18918100     3.29110653     148252814.51636612
4.45945946     2.14443709     3.21745531     145424731.15996569
4.47447447     2.12358160     3.14683357     142711619.65523532
4.48948949     2.12217143     3.09055091     140629484.91439903
4.50450450     2.12856113     3.05523582     139487499.13792700
4.51951952     2.13123178     3.03850024     139185843.65520379
4.53453453     2.12362084     3.03503135     139488826.54206514
4.54954955     2.09947462     3.03880891     140124900.22030649
4.56456457     2.05411315     3.03753612     140528474.22386253
4.57957958     1.99391793     3.01403117     139899729.77006212
4.59459460     1.93957562     2.96025808     137854293.99449527
4.60960961     1.91117344     2.88704469     134884230.51626009
4.62462463     1.91443664     2.81435348     131916359.46870930
4.63963964     1.94186424     2.75816468     129702386.92143832
4.65465465     1.98138195     2.72517610     128565831.05994275
4.66966967     2.02231628     2.71643141     128566679.71248963
4.68468468     2.05416734     2.72918713     129585737.58260567
4.69969970     2.06960423     2.75452551     131208035.17412394
4.71471472     2.07007214     2.78284835     132980660.27543262
4.72972973     2.06044946     2.81232262     134817103.04192594
4.74474475     2.03931674     2.84536081     136833906.00878438
4.75975976     1.99942575     2.87839266     138860459.31292236
4.77477478     1.93829783     2.89799289     140247049.30169985
4.78978979     1.86734868     2.89081735     140339728.47801426
4.80480480     1.80493175     2.85698345     139131990.82008758
4.81981982     1.76226996     2.80846763     137196727.27943742
4.83483483     1.73924030     2.75846914     135174041.10509968
4.84984985     1.72955195     2.71378055     133397147.77995747
4.86486487     1.72811927     2.67524076     131909835.80974543
4.87987988     1.73311876     2.64253846     130699514.23426515
4.89489490     1.74379474     2.61679484     129824474.02348554
4.90990991     1.75828329     2.59990235     129382067.29681742
4.92492493     1.77359541     2.59282785     129424597.53642808
4.93993994     1.78713268     2.59548533     129952240.92122376
4.95495495     1.79630557     2.60845373     130998514.93818660
4.96996997     1.79602924     2.63206484     132584841.37951177
4.98498498     1.77891351     2.66225410     134510715.72516114
5.00000000     1.74124878     2.68836016     136238853.81228843
5.01501502     1.68807477     2.69937882     137208052.29206243
5.03003003     1.62917407     2.69041500     137161864.15493348
5.04504505     1.57401972     2.66212601     136124777.42080572
5.06006006     1.53008627     2.61931920     134334518.55084902
5.07507507     1.50055266     2.56956312     132173772.57445867
5.09009009     1.48348684     2.51909297     129961043.53945820
5.10510510     1.47559310     2.46981517     127794648.22678387
5.12012012     1.47584468     2.42143401     125659785.48054495
5.13513513     1.48561096     2.37407479     123563385.39712456
5.15015015     1.50783612     2.33122716     121688071.86816444
5.16516517     1.54117552     2.30065318     120442259.31482004
5.18018018     1.57777619     2.28698768     120074895.49358919
5.19519520     1.60954280     2.28853756     120504548.58305414
5.21021021     1.63199522     2.30052336     121485772.04446171
5.22522522     1.64343331     2.31897649     122813154.23183611
5.24024024     1.64159543     2.34005478     124285581.03139716
5.25525525     1.62561392     2.35684956     125536264.68399149
5.27027027     1.60068630     2.36233201     126187793.87810929
5.28528528     1.57472139     2.35663494     126242117.60851166
5.30030030     1.54948483     2.34316748     125877274.79521406
5.31531532     1.52545964     2.32045132     125010076.65116528
5.33033033     1.50783566     2.28805604     123613045.25952882
5.34534535     1.50025785     2.25029530     121915467.33055434
5.36036036     1.50279408     2.21105148     120125820.21421759
5.37537537     1.51506337     2.17274918     118375524.78858693
5.39039039     1.53673445     2.13749688     116780205.01693182
5.40540540     1.56793937     2.10755359     115465016.58152291
5.42042042     1.60827232     2.08736595     114676675.19427919
5.43543543     1.65278978     2.08205418     114701710.08112761
5.45045045     1.69284610     2.09156782     115544126.32644792
5.46546547     1.72291215     2.10930768     116845129.37643565
5.48048048     1.74451886     2.12865316     118240719.77073257
5.49549550     1.76104277     2.14815882     119651119.95453903
5.51051051     1.77280311     2.16806909     121090055.30944754
5.52552553     1.77931448     2.18579154     122412525.20873660
5.54054054     1.78426506     2.19795590     123428268.43679322
5.55555556     1.79344814     2.20591891     124211144.97645226
5.57057057     1.80987115     2.21463891     125039184.18705639
5.58558559     1.83305491     2.23003175     126247644.18229486
5.60060060     1.85873262     2.25656120     128092954.96817252
5.61561562     1.88207859     2.29533912     130643485.08881283
5.63063063     1.89848360     2.34755955     133972968.93642752
5.64564565     1.89942931     2.41224173     138031423.70015803
5.66066066     1.87703536     2.48021274     142298257.24921373
5.67567568     1.83257955     2.53802568     146001429.74763095
5.69069069     1.77567913     2.57781443     148682603.44197044
5.70570571     1.71584087     2.59954595     150331638.54014838
5.72072072     1.65930053     2.60617741     151111754.25459036
5.73573574     1.61066042     2.60219599     151276916.41596901
5.75075075     1.57105590     2.59451346     151225141.33718398
5.76576577     1.53593761     2.58756345     151213835.42911881
5.78078078     1.50125277     2.57957932     151139824.06331965
5.79579580     1.46742434     2.56796654     150850224.96331456
5.81081081     1.43595722     2.55212918     150308283.25898641
5.82582583     1.40846597     2.53190841     149502692.13484594
5.84084084     1.38747674     2.50843368     148498313.23812172
5.85585586     1.37416601     2.48515674     147498528.88046873
5.87087087     1.36702041     2.46495069     146674389.61484265
5.88588589     1.36446246     2.44913948     146106279.59179977
5.90090090     1.36473585     2.43945345     145899694.24941942
5.91591592     1.36418042     2.43675002     146108841.14525187
5.93093093     1.35896373     2.43862657     146592480.21267569
5.94594595     1.34859960     2.44064455     147085213.78614441
5.96096096     1.33580759     2.44058077     147452787.82355109
5.97597598     1.32234516     2.43909734     147734355.18533552
5.99099099     1.30849077     2.43635873     147939254.64038163
6.00600601     1.29551532     2.43247506     148073616.71311191
6.02102102     1.28406095     2.42965651     148271796.04444367
6.03603604     1.27157678     2.42979658     148650120.67680651
6.05105105     1.25445974     2.43119063     149105394.21489915
6.06606607     1.23205382     2.42892534     149336107.59000686
6.08108108     1.20890761     2.41949227     149124347.92700532
6.09609610     1.18994552     2.40532708     148617335.59649652
6.11111111     1.17485303     2.39036071     148056386.75120527
6.12612613     1.16191080     2.37451833     147436491.20699191
6.14114114     1.15271230     2.35729803     146726006.80479383
6.15615616     1.14838235     2.34143211     146094788.27651605
6.17117117     1.14712603     2.32913213     145681781.62602776
6.18618619     1.14719029     2.32084620     145516712.22593248
6.20120120     1.14690781     2.31718268     145639648.07394314
6.21621622     1.14312275     2.31760657     146018993.83836827
6.23123123     1.13378853     2.31816210     146406781.68390751
6.24624625     1.12160204     2.31474627     146543318.00405401
6.26126126     1.11103202     2.30793644     146463428.24124619
6.27627628     1.10319665     2.30111715     146380864.47901309
6.29129129     1.09638300     2.29616576     146415331.97927403
6.30630631     1.08886132     2.29290388     146556281.16350976
6.32132132     1.07999394     2.29051189     146751970.83712476
6.33633634     1.06931649     2.28869659     146983968.81460223
6.35135135     1.05572701     2.28619339     147171131.60151181
6.36636637     1.04009139     2.28033081     147140764.32998943
6.38138138     1.02570974     2.27072494     146866503.58260688
6.39639640     1.01387112     2.25997579     146515200.24123061
6.41141141     1.00325369     2.24921100     146159608.06706634
6.42642643     0.99348492     2.23783065     145760645.79274246
6.44144144     0.98529457     2.22590512     145322625.66576332
6.45645646     0.97873675     2.21444286     144911292.76182830
6.47147147     0.97297573     2.20371129     144544397.24557143
6.48648649     0.96779660     2.19327771     144193826.93962753
6.50150150     0.96347861     2.18293131     143845825.42041099
6.51651652     0.96062240     2.17294252     143518294.34018502
6.53153153     0.95930014     2.16421943     143271512.54431650
6.54654655     0.95929273     2.15733047     143143773.97295347
6.56156156     0.96042948     2.15374461     143233609.94599301
6.57657658     0.95996978     2.15519154     143657822.99821118
6.59159159     0.95384048     2.15961882     144281590.09922922
6.60660661     0.94160887     2.16213118     144778479.88353395
6.62162162     0.92671211     2.16005039     144967873.42028433
6.63663664     0.91198164     2.15446089     144920618.74702099
6.65165165     0.89748320     2.14658570     144717567.70820871
6.66666667     0.88335345     2.13591859     144323469.86903077
6.68168168     0.87089016     2.12239601     143732747.67309895
6.69669670     0.86111335     2.10680885     142997778.29171389
6.71171171     0.85461466     2.09018228     142187356.83809963
6.72672673     0.85161449     2.07357500     141373190.39153212
6.74174174     0.85228344     2.05814684     140634538.83668944
6.75675676     0.85618628     2.04556617     140086195.98720351
6.77177177     0.86187728     2.03705787     139813531.19974494
6.78678679     0.86764532     2.03306122     139848620.80851075
6.80180180     0.87176799     2.03347846     140186784.37170497
6.81681682     0.87227222     2.03774291     140790885.56783268
6.83183183     0.86698647     2.04384962     141523848.94861445
6.84684685     0.85550546     2.04807772     142128303.78328115
6.86186186     0.84021321     2.04747382     142397988.18379548
6.87687688     0.82425242     2.04145502     142290069.27645341
6.89189189     0.80991258     2.03100155     141870544.58899215
6.90690691     0.79835139     2.01736631     141225100.05588582
6.92192192     0.79078357     2.00165508     140429860.37094977
6.93693694     0.78818761     1.98652387     139670619.57835427
6.95195195     0.78857537     1.97504156     139163879.17649829
6.96696697     0.78839257     1.96704200     138899572.83702508
6.98198198     0.78641899     1.95983532     138688940.00134629
6.99699700     0.78445287     1.95184306     138420402.25820225
7.01201201     0.78405624     1.94461434     138203696.86801296
7.02702703     0.78385354     1.94010613     138178552.15314782
7.04204204     0.78127040     1.93797574     138321749.95180452
7.05705706     0.77463806     1.93584738     138464444.73338744
7.07207207     0.76455292     1.93016243     138351560.34156048
7.08708709     0.75477283     1.91865023     137818369.02762896
7.10210210     0.74982450     1.90290996     136977323.54373387
7.11711712     0.75150600     1.88742966     136150240.76169401
7.13213213     0.75779136     1.87632265     135634579.71134228
7.14714715     0.76494648     1.87058119     135504217.51378608
7.16216216     0.77079413     1.86886419     135664250.14297721
7.17717718     0.77474612     1.87026217     136050355.78250945
7.19219219     0.77584001     1.87454110     136646897.82335615
7.20720721     0.77248531     1.88063846     137377575.30885708
7.22222222     0.76383055     1.88627016     138076022.28967237
7.23723724     0.75031652     1.88890477     138556338.64082128
7.25225225     0.73371745     1.88615327     138641551.12467659
7.26726727     0.71737089     1.87704672     138257831.01935691
7.28228228     0.70426527     1.86306088     137511202.68108961
7.29729730     0.69552932     1.84650643     136570340.05072924
7.31231231     0.69136288     1.82919310     135568194.55434230
7.32732733     0.69152396     1.81313444     134653958.34147507
7.34234234     0.69419574     1.79990924     133945695.80998801
7.35735736     0.69735636     1.78889875     133398558.88865422
7.37237237     0.70099361     1.77852890     132895940.70632860
7.38738739     0.70667325     1.76873610     132433372.44676027
7.40240240     0.71512408     1.76144426     132155462.74891126
7.41741742     0.72515580     1.75887364     132230270.54671840
7.43243243     0.73381610     1.76220379     132748806.65857860
7.44744745     0.73764461     1.76995968     133602426.72021940
7.46246246     0.73530981     1.77879537     134540078.27451822
7.47747748     0.72758746     1.78583775     135344508.43814644
7.49249249     0.71622385     1.78934829     135882874.46572310
7.50750751     0.70310475     1.78874240     136109081.40426180
7.52252252     0.68967747     1.78412818     136029491.21899155
7.53753754     0.67703018     1.77549172     135641213.01894805
7.55255255     0.66719981     1.76289743     134947338.94935411
7.56756757     0.66248434     1.74879378     134133863.15070173
7.58258258     0.66186963     1.73708664     133500273.06762193
7.59759760     0.66151436     1.72849133     133102747.22527957
7.61261261     0.65998491     1.72010085     132718409.01828495
7.62762763     0.65943885     1.71055460     132242164.45889807
7.64264264     0.66125271     1.70152099     131802725.26687799
7.65765766     0.66451468     1.69457077     131522235.70092998
7.67267267     0.66793117     1.68977839     131407438.02748658
7.68768769     0.67100218     1.68677391     131430491.55918126
7.70270270     0.67335877     1.68564296     131598897.93842947
7.71771772     0.67396012     1.68633882     131909857.93610378
7.73273273     0.67174668     1.68755332     132261678.41735533
7.74774775     0.66738504     1.68750757     132514904.26269691
7.76276276     0.66234712     1.68617240     132666666.02941643
7.77777778     0.65660224     1.68431228     132776639.39289185
7.79279279     0.64944384     1.68135773     132799603.33127229
7.80780781     0.64150853     1.67586583     132620874.26787814
7.82282282     0.63484861     1.66770953     132229218.02708018
7.83783784     0.63049165     1.65864781     131763153.10298346
7.85285285     0.62750796     1.64985488     131315723.46921922
7.86786787     0.62534610     1.64076825     130842197.00658873
7.88288288     0.62502330     1.63138362     130342094.57387234
7.89789790     0.62670527     1.62332589     129945353.73848069
7.91291291     0.62884749     1.61729915     129709047.64150256
7.92792793     0.63062254     1.61254346     129573039.59725064
7.94294294     0.63209637     1.60874840     129512920.11457455
7.95795796     0.63302294     1.60604427     129539637.85742792
7.97297297     0.63262031     1.60429194     129642446.59064789
7.98798799     0.63024587     1.60219334     129716688.08942993
8.00300300     0.62713421     1.59831197     129645682.35256128
8.01801802     0.62493151     1.59346561     129495073.90483892
8.03303303     0.62309057     1.58900010     129373999.16194326
8.04804805     0.62052167     1.58436608     129237819.51714608
8.06306306     0.61765717     1.57837007     128988923.26960272
8.07807808     0.61581195     1.57082544     128611409.22460429
8.09309309     0.61612559     1.56254692     128171399.94866192
8.10810811     0.61903457     1.55533403     127816443.71242958
8.12312312     0.62288971     1.55094459     127691751.19271943
8.13813814     0.62540606     1.54862965     127736835.14144818
8.15315315     0.62627628     1.54663031     127807295.18544933
8.16816817     0.62615723     1.54405368     127829353.43125115
8.18318318     0.62582980     1.54068620     127785033.12960838
8.19819820     0.62553473     1.53673142     127690888.41343185
8.21321321     0.62550178     1.53160967     127498396.26928338
8.22822823     0.62726219     1.52516803     127194269.84440923
8.24324324     0.63220858     1.51892951     126905153.92706661
8.25825826     0.64035302     1.51539820     126840735.44791020
8.27327327     0.64948963     1.51683685     127191991.43452479
8.28828829     0.65618316     1.52289305     127931584.80233167
8.30330330     0.65889060     1.53108167     128852480.75968353
8.31831832     0.65798585     1.53970593     129812598.14108312
8.33333333     0.65352043     1.54801277     130748531.23989072
8.34834835     0.64524739     1.55444991     131528788.38949020
8.36336336     0.63452730     1.55665593     131952347.63971227
8.37837838     0.62495140     1.55416136     131977410.49480197
8.39339339     0.61876358     1.54998366     131858528.16199119
8.40840841     0.61451628     1.54673450     131817507.27732874
8.42342342     0.61048553     1.54420190     131836674.54642379
8.43843844     0.60652158     1.54170904     131858469.23583139
8.45345345     0.60284744     1.53927791     131884794.37153228
8.46846847     0.59928010     1.53720462     131941093.99182945
8.48348348     0.59529549     1.53541349     132021024.01598647
8.49849850     0.59063591     1.53321178     132065042.13525385
8.51351351     0.58597707     1.52994458     132016451.71123585
8.52852853     0.58222503     1.52593792     131902946.26801434
8.54354354     0.57971451     1.52197736     131792214.13476121
8.55855856     0.57821656     1.51898901     131764610.44770356
8.57357357     0.57678393     1.51748153     131864781.36319658
8.58858859     0.57446637     1.51714750     132066640.78755747
8.60360360     0.57075217     1.51722107     132303941.86112715
8.61861862     0.56574450     1.51679219     132497374.53717096
8.63363363     0.56016772     1.51533477     132600672.94435613
8.64864865     0.55477599     1.51311199     132636438.84242086
8.66366366     0.54972325     1.51079726     132663452.88723919
8.67867868     0.54444058     1.50891144     132727491.48022532
8.69369369     0.53799861     1.50699258     132788044.36461830
8.70870871     0.53055820     1.50386660     132741464.28331929
8.72372372     0.52296845     1.49927568     132564404.77406879
8.73873874     0.51552767     1.49317852     132252537.80856532
8.75375375     0.50906216     1.48515869     131768230.00327265
8.76876877     0.50507545     1.47600803     131180978.19249754
8.78378378     0.50361480     1.46773880     130669411.85195298
8.79879880     0.50323162     1.46127754     130316564.24487071
8.81381381     0.50288713     1.45628153     130092643.54631802
8.82882883     0.50223526     1.45247424     129973574.25516781
8.84384384     0.50052110     1.44972443     129948134.24983829
8.85885886     0.49699336     1.44663162     129891059.77773419
8.87387387     0.49308339     1.44147640     129647549.99923204
8.88888889     0.49107714     1.43517148     129298890.64578533
8.90390390     0.49098305     1.42994341     129045492.44710545
8.91891892     0.49126193     1.42680093     128979035.92633803
8.93393393     0.49034635     1.42526778     129057345.99925850
8.94894895     0.48783700     1.42402004     129161076.59163733
8.96396396     0.48422994     1.42256462     129245559.46660472
8.97897898     0.47923947     1.42070796     129293083.86469491
8.99399399     0.47301333     1.41711325     129181605.28791474
9.00900901     0.46740230     1.41123786     128860782.48034567
9.02402402     0.46365387     1.40460464     128468859.20599151
9.03903904     0.46100066     1.39866762     128138698.54523487
9.05405405     0.45826186     1.39323771     127853267.10189681
9.06906907     0.45541617     1.38750204     127538077.13665327
9.08408408     0.45307562     1.38139559     127187003.68523362
9.09909910     0.45137836     1.37539483     126843818.84818459
9.11411411     0.45011343     1.36973818     126530594.13138849
9.12912913     0.44900479     1.36458312     126262059.63869487
9.14414414     0.44759710     1.35972570     126019541.24405378
9.15915916     0.44589539     1.35452107     125743312.60709529
9.17417417     0.44472580     1.34867001     125405390.65403205
9.18918919     0.44469603     1.34314756     125096294.26782897
9.20420420     0.44486249     1.33873601     124889152.01385809
9.21921922     0.44445443     1.33470344     124716078.23116553
9.23423423     0.44401166     1.33035056     124511799.52095635
9.24924925     0.44429924     1.32614714     124320206.43282205
9.26426426     0.44496495     1.32307765     124233807.10931811
9.27927928     0.44490594     1.32113515     124252466.18433526
9.29429429     0.44369047     1.31944741     124294534.34838724
9.30930931     0.44169611     1.31738829     124301046.63476530
9.32432432     0.43942964     1.31489671     124266062.16568646
9.33933934     0.43718250     1.31238838     124228733.64375803
9.35435435     0.43434184     1.31037414     124237486.86296394
9.36936937     0.42997714     1.30802276     124213611.31779720
9.38438438     0.42466297     1.30401526     124031497.71647355
9.39939940     0.41953848     1.29821191     123677078.57134765
9.41441441     0.41517784     1.29086559     123173664.38021724
9.42942943     0.41224403     1.28203746     122526395.10051470
9.44444444     0.41181148     1.27233026     121792290.58035631
9.45945946     0.41459579     1.26341111     121130786.27767816
9.47447447     0.41974968     1.25760607     120765610.09592342
9.48948949     0.42449753     1.25596000     120798677.98547237
9.50450450     0.42617619     1.25697234     121087336.81352738
9.51951952     0.42416592     1.25783009     121361388.13234359
9.53453454     0.41997289     1.25648491     121422815.76703899
9.54954955     0.41553187     1.25282801     121260084.19257113
9.56456456     0.41167536     1.24766254     120949997.84299158
9.57957958     0.40845829     1.24143699     120535412.23347761
9.59459460     0.40611221     1.23403993     120005007.59346290
9.60960961     0.40546507     1.22577981     119388290.45743649
9.62462462     0.40675969     1.21770070     118786717.86512627
9.63963964     0.40960242     1.21042517     118261197.23916596
9.65465465     0.41374242     1.20430257     117846280.78853197
9.66966967     0.41900868     1.19974399     117582786.35145727
9.68468469     0.42511225     1.19765550     117560364.57536225
9.69969970     0.43037158     1.19908838     117883496.93902844
9.71471471     0.43205227     1.20304222     118455285.61063612
9.72972973     0.42914654     1.20621731     118951482.05881594
9.74474475     0.42371932     1.20563254     119077293.10064659
9.75975976     0.41930636     1.20099978     118802499.82763433
9.77477477     0.41826695     1.19467524     118358689.14799683
9.78978979     0.42037862     1.18978751     118055520.02472435
9.80480480     0.42313486     1.18808026     118066926.09204347
9.81981982     0.42375168     1.18848179     118287697.17873384
9.83483484     0.42174628     1.18825240     118445699.71184973
9.84984985     0.41901167     1.18574122     118375833.99353406
9.86486486     0.41770872     1.18162884     118145108.73703973
9.87987988     0.41832270     1.17788957     117950494.60538833
9.89489490     0.41957731     1.17581213     117921405.87248521
9.90990991     0.41992464     1.17498427     118017194.23092479
9.92492492     0.41909019     1.17415673     118112762.24382128
9.93993994     0.41764613     1.17274496     118149220.67147316
9.95495495     0.41607304     1.17057576     118108825.49939106
9.96996997     0.41503554     1.16771078     117997461.36229242
9.98498499     0.41497287     1.16482170     117882787.15890603
10.00000000     0.41570343     1.16260186     117835063.51764208
10.01501501     0.41679564     1.16154502     117904716.10102589
10.03003003     0.41740982     1.16194590     118122237.98029201
10.04504505     0.41653639     1.16330474     118437412.98890305
10.06006006     0.41379494     1.16446491     118732744.48645994
10.07507508     0.40976724     1.16425469     118888490.71664591
10.09009009     0.40574964     1.16231181     118866977.70060956
10.10510510     0.40284626     1.15936683     118742238.35821784
10.12012012     0.40115027     1.15670613     118645761.88290504
10.13513514     0.39968776     1.15502787     118649396.59139900
10.15015015     0.39762931     1.15385785     118704805.75041750
10.16516516     0.39507279     1.15268169     118759226.36865087
10.18018018     0.39203269     1.15156987     118819927.96536207
10.19519520     0.38808152     1.15023395     118857133.67367685
10.21021021     0.38332403     1.14777795     118778021.43972445
10.22522523     0.37878797     1.14369823     118529883.76437502
10.24024024     0.37556774     1.13859768     118174552.60717103
10.25525525     0.37377406     1.13366511     117835128.68823542
10.27027027     0.37270893     1.12949262     117573324.16246574
10.28528529     0.37182147     1.12611420     117393027.14447959
10.30030030     0.37052089     1.12339189     117280199.11022298
10.31531531     0.36848306     1.12054390     117153403.02903444
10.33033033     0.36634829     1.11687457     116939743.64181925
10.34534535     0.36506982     1.11264953     116666698.71291789
10.36036036     0.36490849     1.10879767     116431553.40445675
10.37537538     0.36546458     1.10607466     116313945.13780563
10.39039039     0.36587530     1.10503250     116372521.26893777
10.40540540     0.36473140     1.10533836     116572945.89741382
10.42042042     0.36141549     1.10542343     116750145.78899641
10.43543544     0.35680812     1.10392222     116759594.20157596
10.45045045     0.35228946     1.10063297     116579195.61786458
10.46546546     0.34887811     1.09622077     116278682.09217557
10.48048048     0.34689353     1.09188502     115984946.61394359
10.49549550     0.34552942     1.08872519     115814981.81717309
10.51051051     0.34332899     1.08662520     115756959.30686688
10.52552553     0.33968321     1.08422372     115666134.04189260
10.54054054     0.33546404     1.08037913     115420405.45175906
10.55555556     0.33192085     1.07527928     115039211.64745708
10.57057057     0.32941011     1.06976245     114611792.99450877
10.58558559     0.32779737     1.06432813     114191546.77581680
10.60060060     0.32679963     1.05942244     113826443.25844178
10.61561562     0.32575557     1.05504331     113516501.81398346
10.63063063     0.32454888     1.05058864     113197087.48729670
10.64564565     0.32363629     1.04594788     112856239.17957827
10.66066066     0.32314823     1.04133817     112517333.33294456
10.67567568     0.32333053     1.03691579     112197294.85979249
10.69069069     0.32421788     1.03354332     111989672.40857074
10.70570571     0.32454598     1.03180496     111958336.61585146
10.72072072     0.32301275     1.03063822     111988583.36303981
10.73573574     0.31982481     1.02828285     111889139.25906435
10.75075075     0.31661764     1.02380653     111557870.07924761
10.76576577     0.31517005     1.01813175     111094468.36614208
10.78078078     0.31560970     1.01316990     110707239.14135987
10.79579580     0.31663868     1.01004254     110519230.59006043
10.81081081     0.31661760     1.00849145     110502985.48401593
10.82582583     0.31483005     1.00707099     110500602.94652715
10.84084084     0.31198150     1.00461390     110383885.74462336
10.85585586     0.30897149     1.00106207     110145967.36507219
10.87087087     0.30613508     0.99658785     109805337.18747050
10.88588589     0.30388973     0.99123432     109366328.54546317
10.90090090     0.30262937     0.98541848     108874611.40488724
10.91591592     0.30240417     0.97957222     108377759.69189507
10.93093093     0.30327404     0.97409629     107920156.59641902
10.94594595     0.30503864     0.96964145     107574168.34753731
10.96096096     0.30691187     0.96658352     107382013.61177032
10.97597598     0.30813442     0.96454020     107301800.05509859
10.99099099     0.30863874     0.96288112     107263767.89817464
11.00600601     0.30867137     0.96155810     107262719.22939435
11.02102102     0.30784554     0.96069327     107312448.34220876
11.03603604     0.30574163     0.95959674     107335997.64607407
11.05105105     0.30279687     0.95753009     107250553.11995268
11.06606607     0.29957009     0.95427538     107031226.86169209
11.08108108     0.29676943     0.94964950     106656910.64394622
11.09609610     0.29541826     0.94426767     106196170.54599369
11.11111111     0.29549761     0.93954098     105807570.84122026
11.12612613     0.29584244     0.93613550     105566523.09121299
11.14114114     0.29536862     0.93353601     105415451.79853551
11.15615616     0.29387351     0.93059169     105224599.68670930
11.17117117     0.29232708     0.92649650     104902542.98655094
11.18618619     0.29197495     0.92189135     104521422.44655529
11.20120120     0.29263818     0.91822656     104245658.39106168
11.21621622     0.29303058     0.91587573     104118151.29692987
11.23123123     0.29234905     0.91415876     104062084.55545354
11.24624625     0.29038446     0.91229509     103988772.75702415
11.26126126     0.28727410     0.90933670     103789944.45894119
11.27627628     0.28407543     0.90439773     103363854.92357308
11.29129129     0.28248094     0.89787248     102754724.63048838
11.30630631     0.28314838     0.89152093     102163512.79865603
11.32132132     0.28500659     0.88675592     101752417.69758415
11.33633634     0.28663398     0.88346551     101509303.48153785
11.35135135     0.28748876     0.88083779     101341430.03486501
11.36636637     0.28765142     0.87820316     101171962.30548918
11.38138138     0.28760759     0.87518169     100957067.22925329
11.39639640     0.28788163     0.87209795     100734059.67725888
11.41141141     0.28815313     0.86949485     100565705.03075810
11.42642643     0.28780765     0.86698002     100406780.60101755
11.44144144     0.28724999     0.86380399     100170414.77921988
11.45645646     0.28730050     0.86022785     99886623.12389939
11.47147147     0.28798288     0.85695517     99637026.67230050
11.48648649     0.28889729     0.85424217     99451591.73129539
11.50150150     0.28985406     0.85200506     99320806.64307888
11.51651652     0.29089474     0.85040081     99263211.92781053
11.53153153     0.29162290     0.84986069     99329501.56962931
11.54654655     0.29104736     0.85024908     99504290.24008690
11.56156156     0.28859776     0.85042614     99654432.82312571
11.57657658     0.28483583     0.84920817     99640945.39366356
11.59159159     0.28094378     0.84620412     99417247.17054398
11.60660661     0.27793960     0.84202370     99054248.11130229
11.62162162     0.27579365     0.83766044     98668440.64201798
11.63663664     0.27383578     0.83320011     98269855.49831684
11.65165165     0.27222184     0.82803406     97786571.86015975
11.66666667     0.27187655     0.82240283     97246708.25593689
11.68168168     0.27294636     0.81750734     96792242.48290609
11.69669670     0.27442179     0.81415478     96519203.98976991
11.71171171     0.27501100     0.81194837     96381196.82382250
11.72672673     0.27448162     0.80954206     96218757.73091267
11.74174174     0.27389618     0.80634541     95961530.74082522
11.75675676     0.27395252     0.80301824     95687777.66310938
11.77177177     0.27439463     0.80022419     95476619.54219013
11.78678679     0.27474736     0.79802974     95336242.60197550
11.80180180     0.27486682     0.79631142     95252149.97417495
11.81681682     0.27460015     0.79519733     95239902.98956454
11.83183183     0.27341756     0.79468293     95299231.47481178
11.84684685     0.27074384     0.79420247     95362479.56150332
11.86186186     0.26653570     0.79266494     95298493.37388256
11.87687688     0.26178628     0.78910059     94990056.46996319
11.89189189     0.25803321     0.78377800     94468614.36538053
11.90690691     0.25581713     0.77808907     93901341.95012000
11.92192192     0.25432746     0.77294527     93398207.40170233
11.93693694     0.25276697     0.76801654     92919528.38806136
11.95195195     0.25131487     0.76280165     92404684.91647302
11.96696697     0.25025207     0.75749357     91876949.54877889
11.98198198     0.24940598     0.75226186     91356873.76517406
11.99699700     0.24868471     0.74700261     90831856.92858090
12.01201201     0.24813575     0.74169535     90299394.77932884
12.02702703     0.24773461     0.73636280     89762234.25591682
12.04204204     0.24746380     0.73096361     89215316.25394122
12.05705706     0.24735367     0.72551240     88660399.37392391
12.07207207     0.24724922     0.72001930     88098696.06656927
12.08708709     0.24702799     0.71407451     87479986.58992063
12.10210210     0.24725775     0.70713375     86737301.26918820
12.11711712     0.24909062     0.69948247     85905242.05415237
12.13213213     0.25304236     0.69255260     85159562.58962938
12.14714715     0.25816411     0.68770166     84667725.54862916
12.16216216     0.26291530     0.68500451     84439906.55311716
12.17717718     0.26647285     0.68359269     84369905.24951841
12.19219219     0.26874788     0.68278220     84373781.70576265
12.20720721     0.26965262     0.68202582     84384106.67011225
12.22222222     0.26948430     0.68065342     84317890.34659715
12.23723724     0.26883082     0.67852835     84157902.20010035
12.25225225     0.26784019     0.67581703     83924465.79710805
12.26726727     0.26645396     0.67227585     83587023.76771070
12.28228228     0.26513232     0.66743195     83086332.94353382
12.29729730     0.26485254     0.66138931     82434758.01090993
12.31231231     0.26619072     0.65518439     81761093.71160606
12.32732733     0.26851461     0.64984964     81194261.43714541
12.34234234     0.27074821     0.64517931     80708921.99125592
12.35735736     0.27291167     0.64015893     80178317.37407778
12.37237237     0.27611450     0.63460481     79579254.89068641
12.38738739     0.28112643     0.62961000     79048724.17634486
12.40240240     0.28747978     0.62673308     78782899.51717737
12.41741742     0.29333199     0.62671616     78876148.46692604
12.43243243     0.29691226     0.62839487     79183057.43944405
12.44744745     0.29814309     0.62996051     79476210.36419713
12.46246246     0.29789246     0.63045861     79634997.74349406
12.47747748     0.29706302     0.62967567     79631929.03700848
12.49249249     0.29628483     0.62781870     79492631.01438124
12.50750751     0.29594743     0.62520477     79256808.30678712
12.52252252     0.29622897     0.62228318     78981141.71709847
12.53753754     0.29699763     0.61938023     78706954.37955187
12.55255255     0.29820587     0.61664819     78453628.57223554
12.56756757     0.29968233     0.61445565     78268191.62393829
12.58258258     0.30081067     0.61282428     78153652.20647827
12.59759760     0.30135403     0.61115385     78033630.03346819
12.61261261     0.30171907     0.60912111     77866783.16112083
12.62762763     0.30217311     0.60689511     77674582.65617797
12.64264264     0.30274876     0.60463532     77477375.74535686
12.65765766     0.30338413     0.60255410     77302388.80157198
12.67267267     0.30366714     0.60072735     77159454.49039808
12.68768769     0.30325319     0.59858739     76975686.44588092
12.70270270     0.30263055     0.59543980     76661536.93075627
12.71771772     0.30267893     0.59133162     76222608.64998676
12.73273273     0.30397654     0.58692137     75743447.95869738
12.74774775     0.30646036     0.58316363     75347252.07261083
12.76276276     0.30934315     0.58059936     75104294.95299360
12.77777778     0.31190934     0.57899098     74984354.19288073
12.79279279     0.31394829     0.57798805     74942426.69753151
12.80780781     0.31525965     0.57739386     74953253.97863437
12.82282282     0.31564190     0.57676037     74958791.55119291
12.83783784     0.31533616     0.57550794     74883602.42419544
12.85285285     0.31498022     0.57351738     74711876.73837812
12.86786787     0.31481487     0.57126097     74504871.59627286
12.88288288     0.31443478     0.56881985     74273061.78861497
12.89789790     0.31388796     0.56564753     73944921.48028307
12.91291291     0.31380045     0.56168084     73511850.42046522
12.92792793     0.31433821     0.55726778     73019084.67815889
12.94294294     0.31563388     0.55222907     72442900.00976650
12.95795796     0.31866425     0.54680184     71814156.12850776
12.97297297     0.32382844     0.54261242     71346515.91739072
12.98798799     0.32962345     0.54105569     71224166.09666590
13.00300300     0.33409267     0.54148929     71363650.58837663
13.01801802     0.33695022     0.54215901     71534422.29735315
13.03303303     0.33942627     0.54233288     71639897.45228928
13.04804805     0.34236321     0.54295153     71804246.89849594
13.06306306     0.34496372     0.54513365     72175788.89167646
13.07807808     0.34563457     0.54864165     72723743.72855990
13.09309309     0.34348533     0.55185774     73234026.96128803
13.10810811     0.33916661     0.55287376     73452997.19170290
13.12312312     0.33458300     0.55077144     73257508.28230847
13.13813814     0.33175440     0.54625407     72739788.82697654
13.15315315     0.33156514     0.54125790     72156863.71335045
13.16816817     0.33310117     0.53760775     71752066.52594303
13.18318318     0.33460764     0.53550632     71553092.54803850
13.19819820     0.33530842     0.53388173     71417268.15700050
13.21321321     0.33555033     0.53198824     71244935.67827713
13.22822823     0.33570545     0.52968692     71017348.92918184
13.24324324     0.33612155     0.52684994     70717160.74939318
13.25825826     0.33741154     0.52374218     70379722.31317852
13.27327327     0.33967248     0.52124894     70124011.02583493
13.28828829     0.34214158     0.51991640     70023865.88366227
13.30330330     0.34404902     0.51943687     70038331.85093108
13.31831832     0.34524606     0.51918385     70083227.32122670
13.33333333     0.34601284     0.51883546     70115157.20775793
13.34834835     0.34661140     0.51838248     70132830.84086119
13.36336336     0.34721953     0.51802612     70163454.72575653
13.37837838     0.34765195     0.51813926     70257630.55351536
13.39339339     0.34725532     0.51868563     70410651.70638305
13.40840841     0.34569567     0.51886291     70513679.85163972
13.42342342     0.34356255     0.51795182     70468686.84526300
13.43843844     0.34166207     0.51608459     70293184.93924664
13.45345345     0.34019143     0.51380696     70061154.14441735
13.46846847     0.33890981     0.51131401     69799036.60549094
13.48348348     0.33778950     0.50841519     69480694.78084193
13.49849850     0.33718485     0.50510604     69105330.95230664
13.51351351     0.33732759     0.50184532     68735593.16481559
13.52852853     0.33788081     0.49917814     68446247.62580490
13.54354354     0.33811525     0.49705149     68230289.47317986
13.55855856     0.33778661     0.49476647     67991919.84510075
13.57357357     0.33737729     0.49186233     67667679.83952101
13.58858859     0.33741803     0.48850386     67279983.87316729
13.60360360     0.33802262     0.48507983     66882224.69855348
13.61861862     0.33910932     0.48177541     66499934.08532684
13.63363363     0.34070131     0.47876438     66157178.58808403
13.64864865     0.34265032     0.47641304     65904766.18564042
13.66366366     0.34437835     0.47490382     65768260.01564626
13.67867868     0.34530213     0.47373210     65678085.20711321
13.69369369     0.34562473     0.47213300     65528238.45990314
13.70870871     0.34597746     0.46997907     65300814.10831577
13.72372372     0.34664891     0.46758193     65038902.92025159
13.73873874     0.34760822     0.46516567     64773601.93971182
13.75375375     0.34877837     0.46277323     64510884.97221348
13.76876877     0.35022835     0.46029953     64236099.68662152
13.78378378     0.35240466     0.45787401     63967293.18427698
13.79879880     0.35544045     0.45639915     63830704.08519690
13.81381381     0.35830683     0.45658917     63926765.97451663
13.82882883     0.35979548     0.45788294     64177588.23397769
13.84384384     0.35965927     0.45916513     64427178.46577100
13.85885886     0.35825405     0.45965871     64566387.51516987
13.87387387     0.35617274     0.45879241     64514523.73637931
13.88888889     0.35440934     0.45641433     64249580.85343060
13.90390390     0.35384369     0.45316724     63861451.55240116
13.91891892     0.35462647     0.45015493     63505456.75560608
13.93393393     0.35598716     0.44817762     63294713.68820597
13.94894895     0.35697155     0.44702572     63200063.98824804
13.96396396     0.35741254     0.44603402     63127737.56997505
13.97897898     0.35753136     0.44505704     63057196.28276996
13.99399399     0.35712379     0.44401963     62977784.83916301
14.00900901     0.35622788     0.44228756     62799424.28861364
14.02402402     0.35571598     0.43954050     62476266.49238953
14.03903904     0.35636312     0.43651947     62113289.49657225
14.05405405     0.35791055     0.43422180     61852430.54733038
14.06906907     0.35959336     0.43296995     61740002.33685496
14.08408408     0.36076466     0.43262248     61756293.19631018
14.09909910     0.36089214     0.43266121     61827664.98844779
14.11411411     0.36004544     0.43220649     61828460.35989250
14.12912913     0.35900765     0.43091065     61708664.97736869
14.14414414     0.35825525     0.42922815     61533043.60586153
14.15915916     0.35758472     0.42750567     61351173.00874136
14.17417417     0.35682694     0.42561046     61143963.39297969
14.18918919     0.35608795     0.42344570     60897410.86820899
14.20420420     0.35546160     0.42100805     60610913.99109396
14.21921922     0.35509413     0.41833609     60289905.91363440
14.23423423     0.35507035     0.41560943     59960193.98205096
14.24924925     0.35532089     0.41299070     59645238.65695901
14.26426426     0.35576575     0.41051093     59349576.48041844
14.27927928     0.35647074     0.40831265     59093898.76556578
14.29429429     0.35712433     0.40679053     58935514.50978897
14.30930931     0.35692050     0.40574083     58845182.20860991
14.32432432     0.35565105     0.40409930     58668606.41673667
14.33933934     0.35432964     0.40117756     58305469.82999294
14.35435435     0.35389235     0.39770033     57860627.97373899
14.36936937     0.35388169     0.39454074     57460988.69152257
14.38438438     0.35357942     0.39129865     57048359.11872546
14.39939940     0.35344772     0.38724128     56515757.82644559
14.41441441     0.35437403     0.38275450     55919184.81966183
14.42942943     0.35629431     0.37871991     55387379.58735147
14.44444444     0.35868639     0.37543554     54964180.07735801
14.45945946     0.36115911     0.37291509     54651934.15165485
14.47447447     0.36336270     0.37102032     54430712.64120984
14.48948949     0.36506588     0.36945882     54257858.33207578
14.50450450     0.36623601     0.36782118     54073335.20170292
14.51951952     0.36713336     0.36573874     53822855.78437851
14.53453454     0.36828311     0.36307706     53486411.81570917
14.54954955     0.37026599     0.36024849     53124547.45245058
14.56456456     0.37304335     0.35811195     52863978.30762742
14.57957958     0.37581837     0.35711089     52770549.36973774
14.59459460     0.37782313     0.35684864     52786103.34030549
14.60960961     0.37896299     0.35657807     52800345.22330330
14.62462462     0.37969517     0.35594056     52760115.59143046
14.63963964     0.38033027     0.35511867     52692331.28721020
14.65465465     0.38074449     0.35430371     52625327.46743986
14.66966967     0.38063943     0.35330338     52530513.52272020
14.68468469     0.38014499     0.35149081     52314504.95606937
14.69969970     0.38011811     0.34869704     51951758.29034876
14.71471471     0.38104552     0.34564579     51549759.15424764
14.72972973     0.38258326     0.34284086     51183605.79121209
14.74474475     0.38453281     0.34018023     50838163.98357628
14.75975976     0.38708638     0.33771701     50521444.04990625
14.77477477     0.39035734     0.33580077     50285883.65880053
14.78978979     0.39421736     0.33499319     50215929.16276011
14.80480480     0.39794426     0.33581639     50390433.79954313
14.81981982     0.40047458     0.33803689     50775071.50476603
14.83483484     0.40125032     0.34076916     51237334.05858381
14.84984985     0.40029514     0.34313693     51645566.50646067
14.86486486     0.39792547     0.34437575     51884430.09477031
14.87987988     0.39486644     0.34378660     51847986.26078887
14.89489490     0.39242401     0.34121890     51512668.20740093
14.90990991     0.39174961     0.33768940     51031222.05364701
14.92492492     0.39272947     0.33473804     50636157.79103594
14.93993994     0.39419781     0.33306451     50433688.42517052
14.95495495     0.39521595     0.33221833     50356116.31742313
14.96996997     0.39569940     0.33155014     50305291.18659629
14.98498499     0.39586504     0.33083448     50247054.67213121
15.00000000     0.39582726     0.33004416     50177247.91164871

