# energy grid [eV]     epsi_x  epsi_y  epsi_z
#
    0.000000000    0.000000000    0.000000000    0.000000000
    0.015015015    0.001055593    0.001055593    0.001055593
    0.030030030    0.002111619    0.002111619    0.002111619
    0.045045045    0.003168508    0.003168508    0.003168508
    0.060060060    0.004226697    0.004226697    0.004226697
    0.075075075    0.005286620    0.005286620    0.005286620
    0.090090090    0.006348720    0.006348720    0.006348720
    0.105105105    0.007413438    0.007413438    0.007413438
    0.120120120    0.008481225    0.008481225    0.008481225
    0.135135135    0.009552535    0.009552535    0.009552535
    0.150150150    0.010627830    0.010627830    0.010627830
    0.165165165    0.011707579    0.011707579    0.011707579
    0.180180180    0.012792260    0.012792260    0.012792260
    0.195195195    0.013882362    0.013882362    0.013882362
    0.210210210    0.014978382    0.014978382    0.014978382
    0.225225225    0.016080831    0.016080831    0.016080831
    0.240240240    0.017190233    0.017190233    0.017190233
    0.255255255    0.018307128    0.018307128    0.018307128
    0.270270270    0.019432068    0.019432068    0.019432068
    0.285285285    0.020565625    0.020565625    0.020565625
    0.300300300    0.021708390    0.021708390    0.021708390
    0.315315315    0.022860975    0.022860975    0.022860975
    0.330330330    0.024024011    0.024024011    0.024024011
    0.345345345    0.025198158    0.025198158    0.025198158
    0.360360360    0.026384100    0.026384100    0.026384100
    0.375375375    0.027582549    0.027582549    0.027582549
    0.390390390    0.028794250    0.028794250    0.028794250
    0.405405405    0.030019981    0.030019981    0.030019981
    0.420420420    0.031260558    0.031260558    0.031260558
    0.435435435    0.032516836    0.032516836    0.032516836
    0.450450450    0.033789715    0.033789715    0.033789715
    0.465465465    0.035080140    0.035080140    0.035080140
    0.480480480    0.036389112    0.036389112    0.036389112
    0.495495495    0.037717686    0.037717686    0.037717686
    0.510510511    0.039066981    0.039066981    0.039066981
    0.525525526    0.040438182    0.040438182    0.040438182
    0.540540541    0.041832550    0.041832550    0.041832550
    0.555555556    0.043251428    0.043251428    0.043251428
    0.570570571    0.044696249    0.044696249    0.044696249
    0.585585586    0.046168545    0.046168545    0.046168545
    0.600600601    0.047669958    0.047669958    0.047669958
    0.615615616    0.049202251    0.049202251    0.049202251
    0.630630631    0.050767324    0.050767324    0.050767324
    0.645645646    0.052367223    0.052367223    0.052367223
    0.660660661    0.054004164    0.054004164    0.054004164
    0.675675676    0.055680548    0.055680548    0.055680548
    0.690690691    0.057398986    0.057398986    0.057398986
    0.705705706    0.059162322    0.059162322    0.059162322
    0.720720721    0.060973667    0.060973667    0.060973667
    0.735735736    0.062836428    0.062836428    0.062836428
    0.750750751    0.064754356    0.064754356    0.064754356
    0.765765766    0.066731585    0.066731585    0.066731585
    0.780780781    0.068772693    0.068772693    0.068772693
    0.795795796    0.070882765    0.070882765    0.070882765
    0.810810811    0.073067471    0.073067471    0.073067471
    0.825825826    0.075333160    0.075333160    0.075333160
    0.840840841    0.077686968    0.077686968    0.077686968
    0.855855856    0.080136957    0.080136957    0.080136957
    0.870870871    0.082692273    0.082692273    0.082692273
    0.885885886    0.085363350    0.085363350    0.085363350
    0.900900901    0.088162151    0.088162151    0.088162151
    0.915915916    0.091102479    0.091102479    0.091102479
    0.930930931    0.094200355    0.094200355    0.094200355
    0.945945946    0.097474505    0.097474505    0.097474505
    0.960960961    0.100946973    0.100946973    0.100946973
    0.975975976    0.104643920    0.104643920    0.104643920
    0.990990991    0.108596662    0.108596662    0.108596662
    1.006006006    0.112843035    0.112843035    0.112843035
    1.021021021    0.117429233    0.117429233    0.117429233
    1.036036036    0.122412283    0.122412283    0.122412283
    1.051051051    0.127863475    0.127863475    0.127863475
    1.066066066    0.133873141    0.133873141    0.133873141
    1.081081081    0.140557481    0.140557481    0.140557481
    1.096096096    0.148068462    0.148068462    0.148068462
    1.111111111    0.156608479    0.156608479    0.156608479
    1.126126126    0.166452483    0.166452483    0.166452483
    1.141141141    0.177982035    0.177982035    0.177982035
    1.156156156    0.191738496    0.191738496    0.191738496
    1.171171171    0.208506592    0.208506592    0.208506592
    1.186186186    0.229443380    0.229443380    0.229443380
    1.201201201    0.256261929    0.256261929    0.256261929
    1.216216216    0.291422203    0.291422203    0.291422203
    1.231231231    0.338024712    0.338024712    0.338024712
    1.246246246    0.398286401    0.398286401    0.398286401
    1.261261261    0.468380031    0.468380031    0.468380031
    1.276276276    0.532193038    0.532193038    0.532193038
    1.291291291    0.573027618    0.573027618    0.573027618
    1.306306306    0.598550678    0.598550678    0.598550678
    1.321321321    0.628037225    0.628037225    0.628037225
    1.336336336    0.672467111    0.672467111    0.672467111
    1.351351351    0.741761561    0.741761561    0.741761561
    1.366366366    0.836621096    0.836621096    0.836621096
    1.381381381    0.926618940    0.926618940    0.926618940
    1.396396396    0.965908769    0.965908769    0.965908769
    1.411411411    0.956089436    0.956089436    0.956089436
    1.426426426    0.945828511    0.945828511    0.945828511
    1.441441441    0.962333743    0.962333743    0.962333743
    1.456456456    0.992363081    0.992363081    0.992363081
    1.471471471    1.019232201    1.019232201    1.019232201
    1.486486486    1.042058590    1.042058590    1.042058590
    1.501501502    1.060674281    1.060674281    1.060674281
    1.516516517    1.078345307    1.078345307    1.078345307
    1.531531532    1.101015206    1.101015206    1.101015206
    1.546546547    1.138420593    1.138420593    1.138420593
    1.561561562    1.203961165    1.203961165    1.203961165
    1.576576577    1.293780140    1.293780140    1.293780140
    1.591591592    1.372922557    1.372922557    1.372922557
    1.606606607    1.407227594    1.407227594    1.407227594
    1.621621622    1.402696875    1.402696875    1.402696875
    1.636636637    1.405184162    1.405184162    1.405184162
    1.651651652    1.440577451    1.440577451    1.440577451
    1.666666667    1.477648683    1.477648684    1.477648683
    1.681681682    1.478223440    1.478223440    1.478223440
    1.696696697    1.437343444    1.437343444    1.437343444
    1.711711712    1.363396523    1.363396523    1.363396523
    1.726726727    1.289727037    1.289727037    1.289727037
    1.741741742    1.254627407    1.254627407    1.254627407
    1.756756757    1.265602171    1.265602171    1.265602171
    1.771771772    1.317803866    1.317803866    1.317803866
    1.786786787    1.421057076    1.421057076    1.421057076
    1.801801802    1.578044345    1.578044345    1.578044345
    1.816816817    1.753997751    1.753997751    1.753997751
    1.831831832    1.893234402    1.893234402    1.893234402
    1.846846847    1.970322661    1.970322661    1.970322662
    1.861861862    1.996195961    1.996195961    1.996195961
    1.876876877    1.979088213    1.979088213    1.979088213
    1.891891892    1.930819809    1.930819809    1.930819809
    1.906906907    1.854469044    1.854469044    1.854469044
    1.921921922    1.756017448    1.756017448    1.756017448
    1.936936937    1.681507527    1.681507527    1.681507527
    1.951951952    1.673297676    1.673297676    1.673297676
    1.966966967    1.726872039    1.726872039    1.726872039
    1.981981982    1.803149000    1.803149000    1.803149000
    1.996996997    1.856448503    1.856448503    1.856448503
    2.012012012    1.860605204    1.860605204    1.860605204
    2.027027027    1.837156277    1.837156277    1.837156277
    2.042042042    1.838576350    1.838576350    1.838576350
    2.057057057    1.903247119    1.903247119    1.903247119
    2.072072072    2.036772169    2.036772170    2.036772169
    2.087087087    2.216126246    2.216126246    2.216126246
    2.102102102    2.398525671    2.398525671    2.398525671
    2.117117117    2.541009457    2.541009458    2.541009458
    2.132132132    2.615967467    2.615967467    2.615967467
    2.147147147    2.620248177    2.620248177    2.620248177
    2.162162162    2.567778931    2.567778931    2.567778931
    2.177177177    2.482173562    2.482173562    2.482173562
    2.192192192    2.397235832    2.397235832    2.397235832
    2.207207207    2.349546019    2.349546019    2.349546019
    2.222222222    2.345472393    2.345472393    2.345472393
    2.237237237    2.349007706    2.349007706    2.349007706
    2.252252252    2.331736375    2.331736375    2.331736375
    2.267267267    2.314018644    2.314018644    2.314018644
    2.282282282    2.351533422    2.351533422    2.351533422
    2.297297297    2.482659224    2.482659224    2.482659224
    2.312312312    2.698426376    2.698426376    2.698426376
    2.327327327    2.970906820    2.970906820    2.970906820
    2.342342342    3.267509558    3.267509558    3.267509558
    2.357357357    3.523289829    3.523289829    3.523289829
    2.372372372    3.661873410    3.661873410    3.661873410
    2.387387387    3.648975058    3.648975058    3.648975058
    2.402402402    3.529859847    3.529859847    3.529859847
    2.417417417    3.403521439    3.403521439    3.403521439
    2.432432432    3.343741508    3.343741508    3.343741508
    2.447447447    3.342461769    3.342461769    3.342461769
    2.462462462    3.359316927    3.359316928    3.359316928
    2.477477477    3.400687576    3.400687576    3.400687576
    2.492492492    3.512550116    3.512550116    3.512550116
    2.507507508    3.733267418    3.733267418    3.733267418
    2.522522523    4.070802864    4.070802864    4.070802864
    2.537537538    4.489580687    4.489580687    4.489580687
    2.552552553    4.900115108    4.900115108    4.900115108
    2.567567568    5.201184916    5.201184916    5.201184916
    2.582582583    5.360179634    5.360179634    5.360179634
    2.597597598    5.428960094    5.428960094    5.428960094
    2.612612613    5.516401793    5.516401793    5.516401794
    2.627627628    5.708025167    5.708025167    5.708025167
    2.642642643    5.991046756    5.991046756    5.991046756
    2.657657658    6.341080576    6.341080576    6.341080577
    2.672672673    6.785253968    6.785253968    6.785253968
    2.687687688    7.326168823    7.326168823    7.326168823
    2.702702703    7.939323652    7.939323652    7.939323652
    2.717717718    8.613240105    8.613240105    8.613240105
    2.732732733    9.321814956    9.321814956    9.321814956
    2.747747748   10.004722621   10.004722621   10.004722622
    2.762762763   10.600277109   10.600277109   10.600277109
    2.777777778   11.063050725   11.063050725   11.063050725
    2.792792793   11.329355932   11.329355932   11.329355932
    2.807807808   11.370866834   11.370866834   11.370866834
    2.822822823   11.278942240   11.278942240   11.278942240
    2.837837838   11.210276247   11.210276247   11.210276247
    2.852852853   11.247346583   11.247346583   11.247346583
    2.867867868   11.351697335   11.351697335   11.351697335
    2.882882883   11.426090474   11.426090474   11.426090474
    2.897897898   11.378020740   11.378020740   11.378020740
    2.912912913   11.196591198   11.196591198   11.196591198
    2.927927928   10.962788601   10.962788601   10.962788601
    2.942942943   10.784540821   10.784540821   10.784540821
    2.957957958   10.707608636   10.707608636   10.707608636
    2.972972973   10.726787850   10.726787850   10.726787850
    2.987987988   10.869116029   10.869116029   10.869116029
    3.003003003   11.115374831   11.115374831   11.115374831
    3.018018018   11.336811187   11.336811187   11.336811187
    3.033033033   11.391500668   11.391500668   11.391500668
    3.048048048   11.257090679   11.257090679   11.257090679
    3.063063063   11.014662705   11.014662705   11.014662705
    3.078078078   10.706163978   10.706163978   10.706163978
    3.093093093   10.364905370   10.364905370   10.364905370
    3.108108108   10.080556689   10.080556689   10.080556689
    3.123123123    9.927452887    9.927452887    9.927452887
    3.138138138    9.911061696    9.911061696    9.911061696
    3.153153153   10.003043017   10.003043017   10.003043017
    3.168168168   10.157978317   10.157978317   10.157978317
    3.183183183   10.314987349   10.314987349   10.314987349
    3.198198198   10.422346742   10.422346742   10.422346742
    3.213213213   10.452112421   10.452112421   10.452112421
    3.228228228   10.395647638   10.395647638   10.395647638
    3.243243243   10.257852812   10.257852812   10.257852812
    3.258258258   10.062677526   10.062677526   10.062677526
    3.273273273    9.850902367    9.850902367    9.850902368
    3.288288288    9.670719899    9.670719899    9.670719899
    3.303303303    9.548293132    9.548293132    9.548293132
    3.318318318    9.465131904    9.465131904    9.465131904
    3.333333333    9.396650730    9.396650730    9.396650730
    3.348348348    9.348697422    9.348697422    9.348697422
    3.363363363    9.325977855    9.325977855    9.325977855
    3.378378378    9.335129102    9.335129102    9.335129102
    3.393393393    9.402792865    9.402792865    9.402792865
    3.408408408    9.542343943    9.542343943    9.542343943
    3.423423423    9.717387707    9.717387707    9.717387707
    3.438438438    9.842514246    9.842514246    9.842514246
    3.453453453    9.855762608    9.855762608    9.855762608
    3.468468468    9.759385383    9.759385383    9.759385383
    3.483483483    9.568436026    9.568436026    9.568436026
    3.498498498    9.314428184    9.314428184    9.314428184
    3.513513514    9.060151032    9.060151032    9.060151032
    3.528528529    8.880285788    8.880285788    8.880285788
    3.543543544    8.820212986    8.820212986    8.820212986
    3.558558559    8.852317782    8.852317782    8.852317782
    3.573573574    8.911116847    8.911116847    8.911116847
    3.588588589    8.960434669    8.960434669    8.960434669
    3.603603604    9.006483782    9.006483782    9.006483782
    3.618618619    9.080274123    9.080274123    9.080274123
    3.633633634    9.204552946    9.204552946    9.204552946
    3.648648649    9.352144914    9.352144914    9.352144914
    3.663663664    9.477740668    9.477740668    9.477740668
    3.678678679    9.542555075    9.542555075    9.542555075
    3.693693694    9.509523966    9.509523966    9.509523966
    3.708708709    9.378959732    9.378959732    9.378959732
    3.723723724    9.226074137    9.226074138    9.226074137
    3.738738739    9.135384346    9.135384346    9.135384346
    3.753753754    9.121927680    9.121927681    9.121927680
    3.768768769    9.158825207    9.158825207    9.158825207
    3.783783784    9.213899031    9.213899031    9.213899031
    3.798798799    9.280818563    9.280818563    9.280818563
    3.813813814    9.384281965    9.384281965    9.384281965
    3.828828829    9.544696045    9.544696045    9.544696045
    3.843843844    9.741903320    9.741903320    9.741903320
    3.858858859    9.915881607    9.915881607    9.915881607
    3.873873874   10.027097507   10.027097507   10.027097507
    3.888888889   10.110325915   10.110325915   10.110325915
    3.903903904   10.220286601   10.220286601   10.220286601
    3.918918919   10.410438948   10.410438948   10.410438948
    3.933933934   10.733448706   10.733448706   10.733448706
    3.948948949   11.195901504   11.195901504   11.195901504
    3.963963964   11.776374346   11.776374346   11.776374346
    3.978978979   12.484732395   12.484732395   12.484732395
    3.993993994   13.322469178   13.322469178   13.322469178
    4.009009009   14.221621108   14.221621108   14.221621108
    4.024024024   15.124094279   15.124094279   15.124094279
    4.039039039   16.008885818   16.008885818   16.008885818
    4.054054054   16.802549568   16.802549568   16.802549568
    4.069069069   17.413613028   17.413613028   17.413613028
    4.084084084   17.858220869   17.858220869   17.858220869
    4.099099099   18.238233811   18.238233811   18.238233811
    4.114114114   18.615151925   18.615151925   18.615151925
    4.129129129   18.970462879   18.970462879   18.970462879
    4.144144144   19.298227569   19.298227569   19.298227569
    4.159159159   19.662376458   19.662376459   19.662376458
    4.174174174   20.109505060   20.109505060   20.109505060
    4.189189189   20.607616612   20.607616612   20.607616612
    4.204204204   21.096305596   21.096305596   21.096305596
    4.219219219   21.546449842   21.546449842   21.546449842
    4.234234234   21.975917252   21.975917252   21.975917252
    4.249249249   22.399597879   22.399597879   22.399597879
    4.264264264   22.806716053   22.806716053   22.806716053
    4.279279279   23.187725868   23.187725868   23.187725868
    4.294294294   23.582480614   23.582480614   23.582480614
    4.309309309   24.136505571   24.136505571   24.136505571
    4.324324324   24.993426071   24.993426071   24.993426071
    4.339339339   26.153355865   26.153355865   26.153355865
    4.354354354   27.510909282   27.510909282   27.510909282
    4.369369369   28.979313451   28.979313451   28.979313451
    4.384384384   30.457314823   30.457314822   30.457314823
    4.399399399   31.805156377   31.805156377   31.805156377
    4.414414414   32.821994186   32.821994186   32.821994186
    4.429429429   33.215416381   33.215416381   33.215416381
    4.444444444   32.751354119   32.751354119   32.751354119
    4.459459459   31.522224837   31.522224837   31.522224837
    4.474474474   29.976439748   29.976439748   29.976439748
    4.489489489   28.559174363   28.559174363   28.559174363
    4.504504505   27.362658891   27.362658891   27.362658891
    4.519519520   26.139773948   26.139773948   26.139773948
    4.534534535   24.701349850   24.701349850   24.701349850
    4.549549550   23.267629430   23.267629430   23.267629430
    4.564564565   22.182521147   22.182521147   22.182521147
    4.579579580   21.558242559   21.558242559   21.558242559
    4.594594595   21.278894863   21.278894863   21.278894863
    4.609609610   21.084998619   21.084998619   21.084998619
    4.624624625   20.685478410   20.685478410   20.685478409
    4.639639640   19.870434955   19.870434955   19.870434955
    4.654654655   18.695481134   18.695481134   18.695481134
    4.669669670   17.493249207   17.493249207   17.493249207
    4.684684685   16.558443321   16.558443321   16.558443321
    4.699699700   15.965706143   15.965706143   15.965706143
    4.714714715   15.658131523   15.658131523   15.658131523
    4.729729730   15.550108105   15.550108105   15.550108105
    4.744744745   15.558247825   15.558247825   15.558247825
    4.759759760   15.617868024   15.617868024   15.617868024
    4.774774775   15.646968072   15.646968072   15.646968072
    4.789789790   15.520327435   15.520327435   15.520327435
    4.804804805   15.167291991   15.167291991   15.167291991
    4.819819820   14.673859925   14.673859925   14.673859925
    4.834834835   14.218723107   14.218723107   14.218723107
    4.849849850   13.911540687   13.911540687   13.911540687
    4.864864865   13.742635241   13.742635241   13.742635241
    4.879879880   13.642650198   13.642650198   13.642650198
    4.894894895   13.561030711   13.561030711   13.561030711
    4.909909910   13.508355642   13.508355642   13.508355642
    4.924924925   13.507849269   13.507849269   13.507849269
    4.939939940   13.530136252   13.530136252   13.530136252
    4.954954955   13.525932894   13.525932894   13.525932894
    4.969969970   13.463794818   13.463794818   13.463794818
    4.984984985   13.319200614   13.319200614   13.319200614
    5.000000000   13.062305164   13.062305164   13.062305164
    5.015015015   12.691519908   12.691519908   12.691519908
    5.030030030   12.290921129   12.290921129   12.290921129
    5.045045045   11.964433146   11.964433146   11.964433146
    5.060060060   11.748487771   11.748487771   11.748487771
    5.075075075   11.643229519   11.643229519   11.643229519
    5.090090090   11.640581383   11.640581383   11.640581383
    5.105105105   11.721457824   11.721457824   11.721457824
    5.120120120   11.857732280   11.857732280   11.857732280
    5.135135135   12.009851747   12.009851747   12.009851747
    5.150150150   12.145325397   12.145325397   12.145325397
    5.165165165   12.227992477   12.227992477   12.227992477
    5.180180180   12.221550969   12.221550969   12.221550969
    5.195195195   12.102065256   12.102065256   12.102065256
    5.210210210   11.839316517   11.839316517   11.839316517
    5.225225225   11.406056854   11.406056854   11.406056854
    5.240240240   10.840492669   10.840492669   10.840492669
    5.255255255   10.264500205   10.264500205   10.264500205
    5.270270270    9.795228315    9.795228315    9.795228315
    5.285285285    9.482869493    9.482869493    9.482869493
    5.300300300    9.320790301    9.320790301    9.320790301
    5.315315315    9.269804265    9.269804265    9.269804265
    5.330330330    9.290545673    9.290545673    9.290545673
    5.345345345    9.373522198    9.373522198    9.373522198
    5.360360360    9.517169346    9.517169346    9.517169346
    5.375375375    9.701365308    9.701365308    9.701365308
    5.390390390    9.898940436    9.898940435    9.898940436
    5.405405405   10.090237447   10.090237447   10.090237447
    5.420420420   10.254518246   10.254518246   10.254518246
    5.435435435   10.361875121   10.361875121   10.361875121
    5.450450450   10.378451066   10.378451066   10.378451066
    5.465465465   10.278296142   10.278296142   10.278296142
    5.480480480   10.062031229   10.062031229   10.062031229
    5.495495495    9.761497482    9.761497482    9.761497482
    5.510510511    9.442264340    9.442264340    9.442264340
    5.525525526    9.192506060    9.192506060    9.192506060
    5.540540541    9.072435349    9.072435349    9.072435349
    5.555555556    9.092648949    9.092648949    9.092648949
    5.570570571    9.238044165    9.238044165    9.238044165
    5.585585586    9.472576312    9.472576312    9.472576312
    5.600600601    9.757846634    9.757846634    9.757846634
    5.615615616   10.091005403   10.091005403   10.091005403
    5.630630631   10.482260897   10.482260897   10.482260897
    5.645645646   10.905931655   10.905931655   10.905931655
    5.660660661   11.307278611   11.307278611   11.307278611
    5.675675676   11.662510942   11.662510942   11.662510942
    5.690690691   11.984363476   11.984363476   11.984363476
    5.705705706   12.258399951   12.258399951   12.258399951
    5.720720721   12.441023036   12.441023036   12.441023036
    5.735735736   12.485058323   12.485058323   12.485058323
    5.750750751   12.354301565   12.354301565   12.354301565
    5.765765766   12.065605691   12.065605691   12.065605691
    5.780780781   11.687799133   11.687799133   11.687799133
    5.795795796   11.288699618   11.288699618   11.288699618
    5.810810811   10.924042041   10.924042041   10.924042041
    5.825825826   10.632366585   10.632366585   10.632366585
    5.840840841   10.417110469   10.417110469   10.417110469
    5.855855856   10.261298194   10.261298194   10.261298194
    5.870870871   10.136616124   10.136616124   10.136616125
    5.885885886   10.009593875   10.009593875   10.009593875
    5.900900901    9.865565628    9.865565628    9.865565628
    5.915915916    9.698917151    9.698917151    9.698917151
    5.930930931    9.511906198    9.511906198    9.511906198
    5.945945946    9.344026781    9.344026781    9.344026781
    5.960960961    9.231747587    9.231747587    9.231747587
    5.975975976    9.150981842    9.150981842    9.150981842
    5.990990991    9.051860657    9.051860657    9.051860657
    6.006006006    8.914662040    8.914662040    8.914662040
    6.021021021    8.745676347    8.745676347    8.745676347
    6.036036036    8.555343417    8.555343417    8.555343417
    6.051051051    8.366812627    8.366812627    8.366812627
    6.066066066    8.220661365    8.220661365    8.220661365
    6.081081081    8.136514271    8.136514271    8.136514271
    6.096096096    8.089628544    8.089628544    8.089628544
    6.111111111    8.033192926    8.033192926    8.033192926
    6.126126126    7.947121953    7.947121953    7.947121953
    6.141141141    7.849616681    7.849616681    7.849616681
    6.156156156    7.768636620    7.768636620    7.768636620
    6.171171171    7.713679102    7.713679102    7.713679102
    6.186186186    7.673246845    7.673246845    7.673246845
    6.201201201    7.635713277    7.635713277    7.635713277
    6.216216216    7.598354872    7.598354872    7.598354872
    6.231231231    7.545440422    7.545440422    7.545440422
    6.246246246    7.446657737    7.446657737    7.446657737
    6.261261261    7.297050088    7.297050088    7.297050088
    6.276276276    7.122024028    7.122024028    7.122024028
    6.291291291    6.951860716    6.951860716    6.951860716
    6.306306306    6.806937751    6.806937751    6.806937751
    6.321321321    6.687946569    6.687946569    6.687946569
    6.336336336    6.589119278    6.589119278    6.589119278
    6.351351351    6.514407330    6.514407330    6.514407330
    6.366366366    6.468872492    6.468872492    6.468872492
    6.381381381    6.449940421    6.449940421    6.449940421
    6.396396396    6.443300747    6.443300747    6.443300747
    6.411411411    6.430760543    6.430760543    6.430760543
    6.426426426    6.401928222    6.401928222    6.401928222
    6.441441441    6.358060277    6.358060277    6.358060277
    6.456456456    6.302688429    6.302688429    6.302688429
    6.471471471    6.233423212    6.233423212    6.233423212
    6.486486486    6.149798777    6.149798777    6.149798777
    6.501501502    6.054926985    6.054926985    6.054926985
    6.516516517    5.957564216    5.957564216    5.957564216
    6.531531532    5.863729150    5.863729150    5.863729150
    6.546546547    5.769676916    5.769676916    5.769676916
    6.561561562    5.670515718    5.670515718    5.670515718
    6.576576577    5.571041725    5.571041725    5.571041725
    6.591591592    5.492740414    5.492740414    5.492740414
    6.606606607    5.451853569    5.451853569    5.451853569
    6.621621622    5.423986868    5.423986868    5.423986868
    6.636636637    5.369985975    5.369985975    5.369985975
    6.651651652    5.291522408    5.291522408    5.291522408
    6.666666667    5.218709715    5.218709715    5.218709715
    6.681681682    5.168046119    5.168046119    5.168046119
    6.696696697    5.127636593    5.127636593    5.127636593
    6.711711712    5.078336961    5.078336961    5.078336961
    6.726726727    5.021578654    5.021578654    5.021578654
    6.741741742    4.975846909    4.975846909    4.975846909
    6.756756757    4.951353694    4.951353694    4.951353694
    6.771771772    4.931217192    4.931217192    4.931217192
    6.786786787    4.894377660    4.894377660    4.894377660
    6.801801802    4.845391942    4.845391942    4.845391942
    6.816816817    4.806323596    4.806323596    4.806323596
    6.831831832    4.782655408    4.782655408    4.782655408
    6.846846847    4.754628747    4.754628747    4.754628747
    6.861861862    4.706079974    4.706079974    4.706079974
    6.876876877    4.634666082    4.634666082    4.634666082
    6.891891892    4.547280309    4.547280309    4.547280309
    6.906906907    4.456949623    4.456949623    4.456949623
    6.921921922    4.366930620    4.366930620    4.366930620
    6.936936937    4.273935686    4.273935686    4.273935686
    6.951951952    4.181888561    4.181888561    4.181888561
    6.966966967    4.102316432    4.102316432    4.102316432
    6.981981982    4.053970710    4.053970710    4.053970710
    6.996996997    4.053045540    4.053045540    4.053045540
    7.012012012    4.092008540    4.092008540    4.092008540
    7.027027027    4.142392515    4.142392515    4.142392515
    7.042042042    4.186037604    4.186037604    4.186037604
    7.057057057    4.225596588    4.225596588    4.225596588
    7.072072072    4.257140747    4.257140747    4.257140747
    7.087087087    4.257508216    4.257508216    4.257508216
    7.102102102    4.207032576    4.207032576    4.207032576
    7.117117117    4.110425850    4.110425850    4.110425850
    7.132132132    3.991975443    3.991975443    3.991975443
    7.147147147    3.876958938    3.876958938    3.876958938
    7.162162162    3.777764678    3.777764678    3.777764678
    7.177177177    3.695922192    3.695922192    3.695922192
    7.192192192    3.631163751    3.631163751    3.631163751
    7.207207207    3.583516171    3.583516171    3.583516171
    7.222222222    3.547182994    3.547182994    3.547182994
    7.237237237    3.514328979    3.514328979    3.514328979
    7.252252252    3.487290655    3.487290655    3.487290655
    7.267267267    3.475547965    3.475547965    3.475547965
    7.282282282    3.488455333    3.488455333    3.488455333
    7.297297297    3.530561284    3.530561284    3.530561284
    7.312312312    3.595880476    3.595880476    3.595880476
    7.327327327    3.667351999    3.667351999    3.667351999
    7.342342342    3.717501872    3.717501872    3.717501872
    7.357357357    3.717629174    3.717629174    3.717629174
    7.372372372    3.661485146    3.661485146    3.661485146
    7.387387387    3.568672613    3.568672613    3.568672613
    7.402402402    3.466281486    3.466281486    3.466281486
    7.417417417    3.373030791    3.373030791    3.373030791
    7.432432432    3.293309220    3.293309220    3.293309220
    7.447447447    3.221903639    3.221903639    3.221903639
    7.462462462    3.158892335    3.158892335    3.158892335
    7.477477477    3.108504608    3.108504608    3.108504608
    7.492492492    3.071346073    3.071346073    3.071346073
    7.507507508    3.050149128    3.050149128    3.050149128
    7.522522523    3.043790980    3.043790980    3.043790980
    7.537537538    3.044357329    3.044357329    3.044357329
    7.552552553    3.052323819    3.052323819    3.052323819
    7.567567568    3.073725785    3.073725785    3.073725785
    7.582582583    3.107435099    3.107435099    3.107435099
    7.597597598    3.145589315    3.145589315    3.145589315
    7.612612613    3.178277097    3.178277097    3.178277097
    7.627627628    3.194857330    3.194857330    3.194857330
    7.642642643    3.182831753    3.182831754    3.182831753
    7.657657658    3.138536420    3.138536420    3.138536420
    7.672672673    3.070874938    3.070874938    3.070874938
    7.687687688    2.991446509    2.991446509    2.991446509
    7.702702703    2.910705679    2.910705679    2.910705679
    7.717717718    2.840189696    2.840189696    2.840189696
    7.732732733    2.783491445    2.783491445    2.783491445
    7.747747748    2.732892418    2.732892418    2.732892418
    7.762762763    2.684264668    2.684264668    2.684264668
    7.777777778    2.642913095    2.642913095    2.642913095
    7.792792793    2.617893145    2.617893145    2.617893145
    7.807807808    2.616891508    2.616891508    2.616891508
    7.822822823    2.641233022    2.641233022    2.641233022
    7.837837838    2.683377880    2.683377880    2.683377880
    7.852852853    2.727150595    2.727150595    2.727150595
    7.867867868    2.755488287    2.755488287    2.755488287
    7.882882883    2.760689592    2.760689592    2.760689592
    7.897897898    2.747189402    2.747189402    2.747189402
    7.912912913    2.725129510    2.725129510    2.725129510
    7.927927928    2.699409304    2.699409304    2.699409304
    7.942942943    2.670385497    2.670385497    2.670385497
    7.957957958    2.638091023    2.638091023    2.638091023
    7.972972973    2.600481981    2.600481981    2.600481981
    7.987987988    2.554370834    2.554370834    2.554370834
    8.003003003    2.502641847    2.502641847    2.502641847
    8.018018018    2.456396507    2.456396507    2.456396507
    8.033033033    2.424534842    2.424534842    2.424534842
    8.048048048    2.404327837    2.404327837    2.404327837
    8.063063063    2.392187089    2.392187089    2.392187089
    8.078078078    2.393171894    2.393171894    2.393171894
    8.093093093    2.409495596    2.409495596    2.409495596
    8.108108108    2.435983648    2.435983648    2.435983648
    8.123123123    2.468647724    2.468647724    2.468647724
    8.138138138    2.506405531    2.506405531    2.506405531
    8.153153153    2.542674944    2.542674944    2.542674944
    8.168168168    2.572972248    2.572972248    2.572972248
    8.183183183    2.607211921    2.607211921    2.607211921
    8.198198198    2.655684882    2.655684882    2.655684882
    8.213213213    2.710918059    2.710918059    2.710918059
    8.228228228    2.755835832    2.755835832    2.755835832
    8.243243243    2.780073453    2.780073453    2.780073453
    8.258258258    2.783675839    2.783675839    2.783675839
    8.273273273    2.770932607    2.770932607    2.770932607
    8.288288288    2.750221725    2.750221725    2.750221725
    8.303303303    2.734050839    2.734050839    2.734050839
    8.318318318    2.728404093    2.728404093    2.728404093
    8.333333333    2.725090900    2.725090900    2.725090900
    8.348348348    2.711813288    2.711813288    2.711813288
    8.363363363    2.688013612    2.688013612    2.688013612
    8.378378378    2.660747135    2.660747135    2.660747135
    8.393393393    2.636362600    2.636362600    2.636362600
    8.408408408    2.617867646    2.617867646    2.617867646
    8.423423423    2.602483017    2.602483017    2.602483017
    8.438438438    2.585740756    2.585740756    2.585740756
    8.453453453    2.563414136    2.563414137    2.563414137
    8.468468468    2.532818942    2.532818942    2.532818942
    8.483483483    2.499781570    2.499781570    2.499781570
    8.498498498    2.477053431    2.477053431    2.477053431
    8.513513514    2.471144246    2.471144246    2.471144246
    8.528528529    2.474430688    2.474430688    2.474430688
    8.543543544    2.472078431    2.472078431    2.472078431
    8.558558559    2.455995457    2.455995457    2.455995457
    8.573573574    2.429693358    2.429693358    2.429693358
    8.588588589    2.398611754    2.398611754    2.398611754
    8.603603604    2.364154201    2.364154201    2.364154201
    8.618618619    2.331532124    2.331532124    2.331532124
    8.633633634    2.310250350    2.310250350    2.310250350
    8.648648649    2.299528002    2.299528002    2.299528002
    8.663663664    2.287198310    2.287198310    2.287198310
    8.678678679    2.264074115    2.264074115    2.264074115
    8.693693694    2.232940254    2.232940254    2.232940254
    8.708708709    2.204410220    2.204410220    2.204410220
    8.723723724    2.185133318    2.185133318    2.185133318
    8.738738739    2.172363999    2.172363999    2.172363999
    8.753753754    2.156371873    2.156371873    2.156371873
    8.768768769    2.132286026    2.132286026    2.132286026
    8.783783784    2.107021258    2.107021258    2.107021258
    8.798798799    2.087279465    2.087279465    2.087279465
    8.813813814    2.072865717    2.072865717    2.072865717
    8.828828829    2.061765645    2.061765645    2.061765645
    8.843843844    2.050959332    2.050959332    2.050959332
    8.858858859    2.036725089    2.036725089    2.036725089
    8.873873874    2.017881807    2.017881807    2.017881807
    8.888888889    1.995310970    1.995310970    1.995310970
    8.903903904    1.969131306    1.969131306    1.969131306
    8.918918919    1.943076932    1.943076932    1.943076932
    8.933933934    1.923198693    1.923198693    1.923198693
    8.948948949    1.909329437    1.909329437    1.909329437
    8.963963964    1.898219145    1.898219145    1.898219145
    8.978978979    1.887381586    1.887381586    1.887381586
    8.993993994    1.873184483    1.873184483    1.873184483
    9.009009009    1.853644054    1.853644054    1.853644054
    9.024024024    1.830170273    1.830170273    1.830170273
    9.039039039    1.805987951    1.805987951    1.805987951
    9.054054054    1.781745882    1.781745882    1.781745882
    9.069069069    1.757544320    1.757544320    1.757544320
    9.084084084    1.734987917    1.734987917    1.734987917
    9.099099099    1.715261408    1.715261408    1.715261408
    9.114114114    1.702349912    1.702349912    1.702349912
    9.129129129    1.701350908    1.701350908    1.701350908
    9.144144144    1.710259267    1.710259267    1.710259267
    9.159159159    1.722477440    1.722477440    1.722477439
    9.174174174    1.733346767    1.733346767    1.733346767
    9.189189189    1.738704874    1.738704874    1.738704874
    9.204204204    1.733274449    1.733274449    1.733274449
    9.219219219    1.715595617    1.715595617    1.715595617
    9.234234234    1.689801687    1.689801687    1.689801687
    9.249249249    1.661414392    1.661414392    1.661414392
    9.264264264    1.635075651    1.635075651    1.635075651
    9.279279279    1.613732730    1.613732730    1.613732730
    9.294294294    1.597873607    1.597873607    1.597873607
    9.309309309    1.588073950    1.588073950    1.588073950
    9.324324324    1.586185003    1.586185003    1.586185003
    9.339339339    1.593281961    1.593281961    1.593281961
    9.354354354    1.607978023    1.607978023    1.607978023
    9.369369369    1.625891391    1.625891391    1.625891391
    9.384384384    1.642893857    1.642893857    1.642893857
    9.399399399    1.656852092    1.656852092    1.656852092
    9.414414414    1.664346424    1.664346424    1.664346424
    9.429429429    1.661538437    1.661538437    1.661538437
    9.444444444    1.649068141    1.649068141    1.649068141
    9.459459459    1.632884353    1.632884353    1.632884353
    9.474474474    1.621691787    1.621691787    1.621691787
    9.489489489    1.623427212    1.623427212    1.623427212
    9.504504505    1.638833446    1.638833446    1.638833446
    9.519519520    1.660794313    1.660794313    1.660794313
    9.534534535    1.678943055    1.678943055    1.678943055
    9.549549550    1.684224474    1.684224474    1.684224474
    9.564564565    1.675819831    1.675819831    1.675819831
    9.579579580    1.662007058    1.662007058    1.662007058
    9.594594595    1.649523616    1.649523616    1.649523616
    9.609609610    1.635982182    1.635982182    1.635982182
    9.624624625    1.615738351    1.615738351    1.615738351
    9.639639640    1.589558094    1.589558094    1.589558094
    9.654654655    1.565318799    1.565318799    1.565318799
    9.669669670    1.549142498    1.549142498    1.549142498
    9.684684685    1.538995197    1.538995197    1.538995197
    9.699699700    1.529602874    1.529602874    1.529602874
    9.714714715    1.520844494    1.520844494    1.520844494
    9.729729730    1.515964720    1.515964720    1.515964720
    9.744744745    1.513980469    1.513980469    1.513980469
    9.759759760    1.509235473    1.509235473    1.509235473
    9.774774775    1.498715783    1.498715783    1.498715783
    9.789789790    1.486187445    1.486187445    1.486187445
    9.804804805    1.473213488    1.473213488    1.473213488
    9.819819820    1.456527592    1.456527592    1.456527592
    9.834834835    1.436753911    1.436753911    1.436753911
    9.849849850    1.419096473    1.419096473    1.419096473
    9.864864865    1.408399956    1.408399956    1.408399956
    9.879879880    1.404285071    1.404285071    1.404285071
    9.894894895    1.399690568    1.399690568    1.399690568
    9.909909910    1.388913153    1.388913153    1.388913153
    9.924924925    1.372455200    1.372455200    1.372455200
    9.939939940    1.352457054    1.352457054    1.352457054
    9.954954955    1.331464817    1.331464817    1.331464817
    9.969969970    1.312515342    1.312515342    1.312515342
    9.984984985    1.297806146    1.297806146    1.297806146
   10.000000000    1.287299303    1.287299303    1.287299303
   10.015015015    1.280002409    1.280002409    1.280002409
   10.030030030    1.276017972    1.276017972    1.276017972
   10.045045045    1.274846561    1.274846561    1.274846561
   10.060060060    1.273180118    1.273180118    1.273180118
   10.075075075    1.267763860    1.267763860    1.267763860
   10.090090090    1.261284517    1.261284517    1.261284517
   10.105105105    1.259006154    1.259006154    1.259006154
   10.120120120    1.259812077    1.259812077    1.259812077
   10.135135135    1.256367712    1.256367712    1.256367712
   10.150150150    1.246121312    1.246121312    1.246121312
   10.165165165    1.236004781    1.236004781    1.236004781
   10.180180180    1.231678060    1.231678060    1.231678060
   10.195195195    1.229472934    1.229472934    1.229472934
   10.210210210    1.223655230    1.223655230    1.223655230
   10.225225225    1.213158463    1.213158463    1.213158463
   10.240240240    1.199982152    1.199982152    1.199982152
   10.255255255    1.187029110    1.187029110    1.187029110
   10.270270270    1.175990609    1.175990609    1.175990609
   10.285285285    1.166600279    1.166600279    1.166600279
   10.300300300    1.157984616    1.157984616    1.157984616
   10.315315315    1.149495461    1.149495461    1.149495461
   10.330330330    1.141809674    1.141809674    1.141809674
   10.345345345    1.137492287    1.137492287    1.137492287
   10.360360360    1.136437039    1.136437039    1.136437039
   10.375375375    1.135267094    1.135267094    1.135267094
   10.390390390    1.132444429    1.132444429    1.132444429
   10.405405405    1.128206744    1.128206744    1.128206744
   10.420420420    1.122182163    1.122182163    1.122182163
   10.435435435    1.113283375    1.113283375    1.113283375
   10.450450450    1.101249479    1.101249479    1.101249479
   10.465465465    1.087483524    1.087483524    1.087483524
   10.480480480    1.074451585    1.074451585    1.074451585
   10.495495495    1.063660127    1.063660127    1.063660127
   10.510510511    1.053439582    1.053439582    1.053439582
   10.525525526    1.041216253    1.041216253    1.041216253
   10.540540541    1.027589197    1.027589197    1.027589197
   10.555555556    1.016118368    1.016118368    1.016118368
   10.570570571    1.009968390    1.009968390    1.009968390
   10.585585586    1.008815234    1.008815234    1.008815234
   10.600600601    1.009871117    1.009871117    1.009871117
   10.615615616    1.009822737    1.009822737    1.009822737
   10.630630631    1.006740353    1.006740353    1.006740353
   10.645645646    1.001067522    1.001067522    1.001067522
   10.660660661    0.994425049    0.994425049    0.994425049
   10.675675676    0.988147117    0.988147117    0.988147117
   10.690690691    0.982452123    0.982452123    0.982452123
   10.705705706    0.976507537    0.976507537    0.976507537
   10.720720721    0.969167971    0.969167971    0.969167971
   10.735735736    0.958996666    0.958996666    0.958996666
   10.750750751    0.945302754    0.945302754    0.945302754
   10.765765766    0.930937642    0.930937642    0.930937642
   10.780780781    0.920222913    0.920222913    0.920222913
   10.795795796    0.914501315    0.914501315    0.914501315
   10.810810811    0.912051963    0.912051963    0.912051963
   10.825825826    0.910486303    0.910486303    0.910486303
   10.840840841    0.908331354    0.908331354    0.908331354
   10.855855856    0.903895912    0.903895912    0.903895912
   10.870870871    0.897533329    0.897533329    0.897533329
   10.885885886    0.892779844    0.892779844    0.892779844
   10.900900901    0.890833276    0.890833276    0.890833276
   10.915915916    0.888555299    0.888555299    0.888555299
   10.930930931    0.883809407    0.883809407    0.883809407
   10.945945946    0.877095272    0.877095272    0.877095272
   10.960960961    0.868069942    0.868069942    0.868069942
   10.975975976    0.855323679    0.855323679    0.855323679
   10.990990991    0.838307489    0.838307489    0.838307489
   11.006006006    0.818354637    0.818354637    0.818354637
   11.021021021    0.798788590    0.798788590    0.798788590
   11.036036036    0.784172800    0.784172800    0.784172800
   11.051051051    0.777251339    0.777251339    0.777251339
   11.066066066    0.776814463    0.776814463    0.776814463
   11.081081081    0.779890753    0.779890753    0.779890753
   11.096096096    0.784452906    0.784452906    0.784452906
   11.111111111    0.789180293    0.789180293    0.789180293
   11.126126126    0.791337660    0.791337660    0.791337660
   11.141141141    0.787247046    0.787247046    0.787247046
   11.156156156    0.776063503    0.776063503    0.776063503
   11.171171171    0.761324690    0.761324690    0.761324690
   11.186186186    0.747882505    0.747882505    0.747882505
   11.201201201    0.737790323    0.737790323    0.737790323
   11.216216216    0.729285096    0.729285096    0.729285096
   11.231231231    0.720332216    0.720332216    0.720332216
   11.246246246    0.711291218    0.711291218    0.711291218
   11.261261261    0.704058760    0.704058760    0.704058760
   11.276276276    0.699863180    0.699863180    0.699863180
   11.291291291    0.697532941    0.697532941    0.697532941
   11.306306306    0.695685495    0.695685495    0.695685495
   11.321321321    0.694293826    0.694293826    0.694293826
   11.336336336    0.692523386    0.692523386    0.692523386
   11.351351351    0.688342444    0.688342444    0.688342444
   11.366366366    0.680941000    0.680941000    0.680941000
   11.381381381    0.672589878    0.672589878    0.672589878
   11.396396396    0.667108996    0.667108996    0.667108996
   11.411411411    0.665942120    0.665942120    0.665942120
   11.426426426    0.667462334    0.667462334    0.667462334
   11.441441441    0.669792183    0.669792183    0.669792183
   11.456456456    0.671967704    0.671967704    0.671967704
   11.471471471    0.673532479    0.673532479    0.673532479
   11.486486486    0.674238811    0.674238811    0.674238811
   11.501501502    0.673968050    0.673968050    0.673968050
   11.516516517    0.672293038    0.672293038    0.672293038
   11.531531532    0.668201733    0.668201733    0.668201733
   11.546546547    0.661966408    0.661966408    0.661966408
   11.561561562    0.655739894    0.655739894    0.655739894
   11.576576577    0.651044835    0.651044835    0.651044835
   11.591591592    0.647989753    0.647989753    0.647989753
   11.606606607    0.645647727    0.645647727    0.645647727
   11.621621622    0.643228068    0.643228068    0.643228068
   11.636636637    0.641561032    0.641561032    0.641561032
   11.651651652    0.641099691    0.641099691    0.641099691
   11.666666667    0.640897036    0.640897036    0.640897036
   11.681681682    0.640743740    0.640743740    0.640743740
   11.696696697    0.641699816    0.641699816    0.641699816
   11.711711712    0.644394948    0.644394948    0.644394948
   11.726726727    0.648603629    0.648603629    0.648603629
   11.741741742    0.653730811    0.653730811    0.653730811
   11.756756757    0.659787925    0.659787925    0.659787925
   11.771771772    0.667082557    0.667082557    0.667082557
   11.786786787    0.675163540    0.675163540    0.675163540
   11.801801802    0.683720371    0.683720371    0.683720371
   11.816816817    0.692865501    0.692865501    0.692865501
   11.831831832    0.701718270    0.701718270    0.701718270
   11.846846847    0.707440355    0.707440354    0.707440355
   11.861861862    0.707148332    0.707148332    0.707148332
   11.876876877    0.701261780    0.701261780    0.701261780
   11.891891892    0.691744903    0.691744903    0.691744903
   11.906906907    0.679046973    0.679046973    0.679046973
   11.921921922    0.664187182    0.664187182    0.664187182
   11.936936937    0.650150975    0.650150975    0.650150975
   11.951951952    0.639538279    0.639538279    0.639538279
   11.966966967    0.632943889    0.632943889    0.632943889
   11.981981982    0.629041746    0.629041746    0.629041746
   11.996996997    0.626343299    0.626343300    0.626343299
   12.012012012    0.624667850    0.624667850    0.624667850
   12.027027027    0.623954288    0.623954288    0.623954288
   12.042042042    0.623768407    0.623768407    0.623768407
   12.057057057    0.624693143    0.624693143    0.624693143
   12.072072072    0.627562848    0.627562848    0.627562848
   12.087087087    0.631891854    0.631891854    0.631891854
   12.102102102    0.635868729    0.635868729    0.635868729
   12.117117117    0.636632258    0.636632258    0.636632258
   12.132132132    0.631060912    0.631060912    0.631060912
   12.147147147    0.618270869    0.618270869    0.618270869
   12.162162162    0.601208550    0.601208550    0.601208550
   12.177177177    0.584340815    0.584340815    0.584340815
   12.192192192    0.570783305    0.570783305    0.570783305
   12.207207207    0.562330237    0.562330237    0.562330237
   12.222222222    0.558849011    0.558849011    0.558849011
   12.237237237    0.558197947    0.558197947    0.558197947
   12.252252252    0.558100762    0.558100762    0.558100762
   12.267267267    0.557363595    0.557363595    0.557363595
   12.282282282    0.556428460    0.556428460    0.556428460
   12.297297297    0.556383907    0.556383907    0.556383907
   12.312312312    0.556556811    0.556556811    0.556556811
   12.327327327    0.555047208    0.555047208    0.555047208
   12.342342342    0.551096766    0.551096766    0.551096766
   12.357357357    0.545518138    0.545518138    0.545518138
   12.372372372    0.540075835    0.540075835    0.540075835
   12.387387387    0.536340677    0.536340677    0.536340677
   12.402402402    0.534915724    0.534915724    0.534915724
   12.417417417    0.534397273    0.534397273    0.534397273
   12.432432432    0.532322705    0.532322705    0.532322705
   12.447447447    0.528495247    0.528495247    0.528495247
   12.462462462    0.524895543    0.524895543    0.524895543
   12.477477477    0.523572048    0.523572048    0.523572048
   12.492492492    0.524692961    0.524692961    0.524692961
   12.507507508    0.526507557    0.526507557    0.526507557
   12.522522523    0.527304753    0.527304753    0.527304753
   12.537537538    0.526595637    0.526595637    0.526595637
   12.552552553    0.525446499    0.525446499    0.525446499
   12.567567568    0.524895871    0.524895871    0.524895871
   12.582582583    0.525055584    0.525055584    0.525055584
   12.597597598    0.525847222    0.525847222    0.525847222
   12.612612613    0.527136511    0.527136512    0.527136511
   12.627627628    0.528293669    0.528293669    0.528293669
   12.642642643    0.528797680    0.528797680    0.528797680
   12.657657658    0.528686389    0.528686389    0.528686389
   12.672672673    0.528177052    0.528177052    0.528177052
   12.687687688    0.527497502    0.527497502    0.527497502
   12.702702703    0.526871866    0.526871866    0.526871866
   12.717717718    0.527006289    0.527006289    0.527006289
   12.732732733    0.528128101    0.528128101    0.528128101
   12.747747748    0.528751460    0.528751460    0.528751460
   12.762762763    0.527396374    0.527396374    0.527396374
   12.777777778    0.524497322    0.524497322    0.524497322
   12.792792793    0.521780251    0.521780251    0.521780251
   12.807807808    0.520793608    0.520793608    0.520793608
   12.822822823    0.521379657    0.521379657    0.521379657
   12.837837838    0.521898886    0.521898886    0.521898886
   12.852852853    0.521589710    0.521589710    0.521589710
   12.867867868    0.521336051    0.521336051    0.521336051
   12.882882883    0.522151172    0.522151172    0.522151172
   12.897897898    0.523991895    0.523991895    0.523991895
   12.912912913    0.526430966    0.526430966    0.526430966
   12.927927928    0.529175387    0.529175387    0.529175387
   12.942942943    0.531729589    0.531729589    0.531729589
   12.957957958    0.533212210    0.533212210    0.533212210
   12.972972973    0.532840502    0.532840502    0.532840502
   12.987987988    0.530607376    0.530607376    0.530607376
   13.003003003    0.527092191    0.527092191    0.527092191
   13.018018018    0.522921936    0.522921936    0.522921936
   13.033033033    0.518570771    0.518570771    0.518570771
   13.048048048    0.514606981    0.514606981    0.514606981
   13.063063063    0.511367963    0.511367963    0.511367963
   13.078078078    0.509121539    0.509121539    0.509121539
   13.093093093    0.508149172    0.508149172    0.508149172
   13.108108108    0.508121333    0.508121333    0.508121333
   13.123123123    0.508267397    0.508267397    0.508267397
   13.138138138    0.507970546    0.507970546    0.507970546
   13.153153153    0.507376692    0.507376692    0.507376692
   13.168168168    0.507417808    0.507417808    0.507417808
   13.183183183    0.508634814    0.508634814    0.508634814
   13.198198198    0.510518851    0.510518851    0.510518851
   13.213213213    0.512079715    0.512079715    0.512079715
   13.228228228    0.512781147    0.512781147    0.512781147
   13.243243243    0.512976544    0.512976544    0.512976544
   13.258258258    0.512814667    0.512814667    0.512814667
   13.273273273    0.512038040    0.512038040    0.512038040
   13.288288288    0.510921228    0.510921228    0.510921228
   13.303303303    0.509950134    0.509950134    0.509950134
   13.318318318    0.509699290    0.509699290    0.509699290
   13.333333333    0.510369809    0.510369809    0.510369809
   13.348348348    0.511245485    0.511245485    0.511245485
   13.363363363    0.511468087    0.511468087    0.511468087
   13.378378378    0.510396698    0.510396698    0.510396698
   13.393393393    0.507397926    0.507397926    0.507397926
   13.408408408    0.502177425    0.502177425    0.502177425
   13.423423423    0.495414402    0.495414402    0.495414402
   13.438438438    0.488735670    0.488735670    0.488735670
   13.453453453    0.482876864    0.482876864    0.482876864
   13.468468468    0.477248778    0.477248778    0.477248778
   13.483483483    0.471535123    0.471535123    0.471535123
   13.498498498    0.466279749    0.466279749    0.466279749
   13.513513514    0.462198219    0.462198219    0.462198219
   13.528528529    0.459230398    0.459230398    0.459230398
   13.543543544    0.456558310    0.456558310    0.456558310
   13.558558559    0.453641049    0.453641049    0.453641049
   13.573573574    0.450624108    0.450624108    0.450624108
   13.588588589    0.448262112    0.448262112    0.448262112
   13.603603604    0.446664559    0.446664559    0.446664559
   13.618618619    0.444692557    0.444692557    0.444692557
   13.633633634    0.441326612    0.441326612    0.441326612
   13.648648649    0.437070101    0.437070101    0.437070101
   13.663663664    0.433188549    0.433188549    0.433188549
   13.678678679    0.430032994    0.430032994    0.430032994
   13.693693694    0.426995463    0.426995463    0.426995463
   13.708708709    0.423361141    0.423361141    0.423361141
   13.723723724    0.419478921    0.419478921    0.419478921
   13.738738739    0.416501975    0.416501975    0.416501975
   13.753753754    0.414563285    0.414563285    0.414563285
   13.768768769    0.412427339    0.412427339    0.412427339
   13.783783784    0.409152952    0.409152952    0.409152952
   13.798798799    0.405746715    0.405746715    0.405746715
   13.813813814    0.403873627    0.403873627    0.403873627
   13.828828829    0.402921993    0.402921993    0.402921993
   13.843843844    0.401234119    0.401234119    0.401234119
   13.858858859    0.398996917    0.398996917    0.398996917
   13.873873874    0.397708660    0.397708660    0.397708660
   13.888888889    0.398232383    0.398232383    0.398232383
   13.903903904    0.399984144    0.399984144    0.399984144
   13.918918919    0.402073849    0.402073849    0.402073849
   13.933933934    0.403858954    0.403858954    0.403858954
   13.948948949    0.405086797    0.405086797    0.405086797
   13.963963964    0.405964934    0.405964934    0.405964934
   13.978978979    0.406135407    0.406135407    0.406135407
   13.993993994    0.404381161    0.404381161    0.404381161
   14.009009009    0.400335445    0.400335445    0.400335445
   14.024024024    0.395082000    0.395082000    0.395082000
   14.039039039    0.389871913    0.389871913    0.389871913
   14.054054054    0.385036015    0.385036015    0.385036015
   14.069069069    0.380390514    0.380390514    0.380390514
   14.084084084    0.375976184    0.375976184    0.375976184
   14.099099099    0.372255426    0.372255426    0.372255426
   14.114114114    0.370147530    0.370147529    0.370147530
   14.129129129    0.369893486    0.369893486    0.369893486
   14.144144144    0.370116268    0.370116268    0.370116268
   14.159159159    0.369218168    0.369218168    0.369218168
   14.174174174    0.366979127    0.366979127    0.366979127
   14.189189189    0.364376875    0.364376875    0.364376875
   14.204204204    0.362044317    0.362044317    0.362044317
   14.219219219    0.359525520    0.359525520    0.359525520
   14.234234234    0.356231946    0.356231946    0.356231946
   14.249249249    0.352451433    0.352451433    0.352451433
   14.264264264    0.348763235    0.348763235    0.348763235
   14.279279279    0.345554050    0.345554050    0.345554050
   14.294294294    0.342857796    0.342857796    0.342857796
   14.309309309    0.340416248    0.340416248    0.340416248
   14.324324324    0.338222103    0.338222103    0.338222103
   14.339339339    0.336290258    0.336290258    0.336290258
   14.354354354    0.334233086    0.334233086    0.334233086
   14.369369369    0.331557421    0.331557421    0.331557421
   14.384384384    0.328749520    0.328749520    0.328749520
   14.399399399    0.326776785    0.326776785    0.326776785
   14.414414414    0.325484284    0.325484284    0.325484284
   14.429429429    0.323457855    0.323457855    0.323457855
   14.444444444    0.319761417    0.319761417    0.319761417
   14.459459459    0.315421501    0.315421501    0.315421501
   14.474474474    0.311966847    0.311966847    0.311966847
   14.489489489    0.309414283    0.309414283    0.309414283
   14.504504505    0.307205799    0.307205799    0.307205799
   14.519519520    0.305476071    0.305476071    0.305476071
   14.534534535    0.304630151    0.304630151    0.304630151
   14.549549550    0.304565693    0.304565693    0.304565693
   14.564564565    0.305052409    0.305052409    0.305052409
   14.579579580    0.306266922    0.306266922    0.306266922
   14.594594595    0.308290166    0.308290166    0.308290166
   14.609609610    0.310564782    0.310564782    0.310564782
   14.624624625    0.312328727    0.312328727    0.312328727
   14.639639640    0.313636084    0.313636084    0.313636084
   14.654654655    0.314796821    0.314796821    0.314796821
   14.669669670    0.315168052    0.315168052    0.315168052
   14.684684685    0.313690294    0.313690294    0.313690294
   14.699699700    0.310409053    0.310409053    0.310409053
   14.714714715    0.306466754    0.306466754    0.306466754
   14.729729730    0.302699818    0.302699818    0.302699818
   14.744744745    0.299524261    0.299524261    0.299524261
   14.759759760    0.297510615    0.297510615    0.297510615
   14.774774775    0.296929358    0.296929358    0.296929358
   14.789789790    0.297520041    0.297520041    0.297520041
   14.804804805    0.298990240    0.298990240    0.298990240
   14.819819820    0.300971252    0.300971252    0.300971252
   14.834834835    0.302860377    0.302860377    0.302860377
   14.849849850    0.304166995    0.304166995    0.304166995
   14.864864865    0.304618351    0.304618351    0.304618351
   14.879879880    0.304038371    0.304038371    0.304038371
   14.894894895    0.302444318    0.302444318    0.302444318
   14.909909910    0.300125635    0.300125635    0.300125635
   14.924924925    0.297882778    0.297882778    0.297882778
   14.939939940    0.296889373    0.296889373    0.296889373
   14.954954955    0.297745145    0.297745145    0.297745145
   14.969969970    0.299811263    0.299811263    0.299811263
   14.984984985    0.301890628    0.301890628    0.301890628
   15.000000000    0.303417157    0.303417157    0.303417157
