# energy grid [eV]     epsr_x  epsr_y  epsr_z
# plasmon frequences [eV]:    14.644068200   14.644068200   14.644068200
    0.000000000   10.157348058   10.157348058   10.157348058
    0.015015015   10.157506310   10.157506310   10.157506310
    0.030030030   10.157981131   10.157981131   10.157981131
    0.045045045   10.158772714   10.158772714   10.158772714
    0.060060060   10.159881381   10.159881381   10.159881381
    0.075075075   10.161307585   10.161307585   10.161307585
    0.090090090   10.163051910   10.163051909   10.163051910
    0.105105105   10.165115068   10.165115068   10.165115068
    0.120120120   10.167497910   10.167497909   10.167497910
    0.135135135   10.170201416   10.170201416   10.170201416
    0.150150150   10.173226706   10.173226706   10.173226706
    0.165165165   10.176575038   10.176575038   10.176575038
    0.180180180   10.180247811   10.180247811   10.180247811
    0.195195195   10.184246568   10.184246568   10.184246568
    0.210210210   10.188572997   10.188572997   10.188572997
    0.225225225   10.193228939   10.193228939   10.193228939
    0.240240240   10.198216387   10.198216387   10.198216387
    0.255255255   10.203537493   10.203537493   10.203537493
    0.270270270   10.209194570   10.209194570   10.209194570
    0.285285285   10.215190101   10.215190101   10.215190101
    0.300300300   10.221526740   10.221526739   10.221526740
    0.315315315   10.228207317   10.228207317   10.228207317
    0.330330330   10.235234852   10.235234852   10.235234852
    0.345345345   10.242612551   10.242612551   10.242612551
    0.360360360   10.250343824   10.250343824   10.250343824
    0.375375375   10.258432285   10.258432285   10.258432285
    0.390390390   10.266881764   10.266881764   10.266881764
    0.405405405   10.275696318   10.275696318   10.275696318
    0.420420420   10.284880238   10.284880238   10.284880238
    0.435435435   10.294438063   10.294438063   10.294438063
    0.450450450   10.304374590   10.304374590   10.304374590
    0.465465465   10.314694891   10.314694891   10.314694891
    0.480480480   10.325404322   10.325404322   10.325404322
    0.495495495   10.336508544   10.336508544   10.336508544
    0.510510511   10.348013537   10.348013537   10.348013537
    0.525525526   10.359925619   10.359925619   10.359925619
    0.540540541   10.372251470   10.372251470   10.372251470
    0.555555556   10.384998149   10.384998149   10.384998149
    0.570570571   10.398173123   10.398173123   10.398173123
    0.585585586   10.411784295   10.411784295   10.411784295
    0.600600601   10.425840029   10.425840029   10.425840029
    0.615615616   10.440349187   10.440349187   10.440349187
    0.630630631   10.455321165   10.455321165   10.455321165
    0.645645646   10.470765932   10.470765932   10.470765933
    0.660660661   10.486694079   10.486694079   10.486694079
    0.675675676   10.503116862   10.503116862   10.503116862
    0.690690691   10.520046264   10.520046264   10.520046264
    0.705705706   10.537495054   10.537495054   10.537495054
    0.720720721   10.555476859   10.555476859   10.555476859
    0.735735736   10.574006242   10.574006242   10.574006242
    0.750750751   10.593098787   10.593098787   10.593098788
    0.765765766   10.612771207   10.612771207   10.612771207
    0.780780781   10.633041450   10.633041450   10.633041450
    0.795795796   10.653928834   10.653928834   10.653928834
    0.810810811   10.675454191   10.675454191   10.675454191
    0.825825826   10.697640040   10.697640040   10.697640040
    0.840840841   10.720510784   10.720510784   10.720510784
    0.855855856   10.744092932   10.744092932   10.744092932
    0.870870871   10.768415367   10.768415366   10.768415367
    0.885885886   10.793509648   10.793509647   10.793509648
    0.900900901   10.819410375   10.819410375   10.819410375
    0.915915916   10.846155613   10.846155613   10.846155613
    0.930930931   10.873787391   10.873787391   10.873787391
    0.945945946   10.902352301   10.902352301   10.902352301
    0.960960961   10.931902217   10.931902217   10.931902217
    0.975975976   10.962495151   10.962495151   10.962495151
    0.990990991   10.994196292   10.994196291   10.994196292
    1.006006006   11.027079269   11.027079268   11.027079269
    1.021021021   11.061227683   11.061227683   11.061227683
    1.036036036   11.096736979   11.096736979   11.096736979
    1.051051051   11.133716721   11.133716721   11.133716721
    1.066066066   11.172293345   11.172293345   11.172293345
    1.081081081   11.212613436   11.212613436   11.212613436
    1.096096096   11.254847489   11.254847489   11.254847489
    1.111111111   11.299193900   11.299193900   11.299193900
    1.126126126   11.345882362   11.345882362   11.345882362
    1.141141141   11.395174550   11.395174550   11.395174550
    1.156156156   11.447356750   11.447356750   11.447356750
    1.171171171   11.502711559   11.502711559   11.502711559
    1.186186186   11.561437526   11.561437526   11.561437526
    1.201201201   11.623442994   11.623442994   11.623442994
    1.216216216   11.687849316   11.687849316   11.687849316
    1.231231231   11.751906059   11.751906059   11.751906059
    1.246246246   11.809200837   11.809200837   11.809200837
    1.261261261   11.849309078   11.849309078   11.849309078
    1.276276276   11.866662341   11.866662341   11.866662341
    1.291291291   11.876368963   11.876368963   11.876368963
    1.306306306   11.900982667   11.900982667   11.900982667
    1.321321321   11.943250073   11.943250073   11.943250073
    1.336336336   11.995923088   11.995923088   11.995923088
    1.351351351   12.047783375   12.047783375   12.047783375
    1.366366366   12.073537207   12.073537207   12.073537207
    1.381381381   12.050147204   12.050147204   12.050147204
    1.396396396   11.998682024   11.998682024   11.998682024
    1.411411411   11.975323567   11.975323567   11.975323567
    1.426426426   11.997601331   11.997601331   11.997601331
    1.441441441   12.035175534   12.035175534   12.035175534
    1.456456456   12.062658188   12.062658188   12.062658188
    1.471471471   12.083579797   12.083579797   12.083579797
    1.486486486   12.105064239   12.105064239   12.105064239
    1.501501502   12.130561472   12.130561472   12.130561472
    1.516516517   12.164910867   12.164910867   12.164910867
    1.531531532   12.210096210   12.210096210   12.210096210
    1.546546547   12.265833865   12.265833865   12.265833865
    1.561561562   12.319679338   12.319679338   12.319679338
    1.576576577   12.342788090   12.342788090   12.342788090
    1.591591592   12.320467407   12.320467406   12.320467407
    1.606606607   12.278361716   12.278361716   12.278361716
    1.621621622   12.261788043   12.261788043   12.261788043
    1.636636637   12.283748505   12.283748505   12.283748505
    1.651651652   12.304315283   12.304315283   12.304315283
    1.666666667   12.289109844   12.289109844   12.289109844
    1.681681682   12.255425439   12.255425439   12.255425439
    1.696696697   12.234146611   12.234146611   12.234146611
    1.711711712   12.252787764   12.252787763   12.252787764
    1.726726727   12.332339826   12.332339826   12.332339826
    1.741741742   12.456765403   12.456765403   12.456765403
    1.756756757   12.595963446   12.595963446   12.595963446
    1.771771772   12.738280855   12.738280855   12.738280855
    1.786786787   12.872944650   12.872944650   12.872944650
    1.801801802   12.965203050   12.965203050   12.965203050
    1.816816817   12.979829521   12.979829521   12.979829521
    1.831831832   12.922744007   12.922744007   12.922744007
    1.846846847   12.837793154   12.837793154   12.837793154
    1.861861862   12.755062124   12.755062124   12.755062124
    1.876876877   12.687865240   12.687865240   12.687865240
    1.891891892   12.647258335   12.647258335   12.647258335
    1.906906907   12.636570602   12.636570602   12.636570602
    1.921921922   12.681468950   12.681468950   12.681468950
    1.936936937   12.796398060   12.796398060   12.796398060
    1.951951952   12.944311508   12.944311508   12.944311508
    1.966966967   13.071424169   13.071424169   13.071424169
    1.981981982   13.148817652   13.148817651   13.148817651
    1.996996997   13.183734463   13.183734463   13.183734463
    2.012012012   13.218161903   13.218161902   13.218161903
    2.027027027   13.301025760   13.301025759   13.301025760
    2.042042042   13.441793478   13.441793478   13.441793478
    2.057057057   13.608254574   13.608254574   13.608254574
    2.072072072   13.754126899   13.754126899   13.754126899
    2.087087087   13.840247203   13.840247203   13.840247203
    2.102102102   13.849360906   13.849360906   13.849360906
    2.117117117   13.793040339   13.793040339   13.793040339
    2.132132132   13.703984090   13.703984090   13.703984090
    2.147147147   13.621168001   13.621168001   13.621168001
    2.162162162   13.574927139   13.574927139   13.574927139
    2.177177177   13.586372597   13.586372597   13.586372597
    2.192192192   13.664107700   13.664107700   13.664107700
    2.207207207   13.790249052   13.790249051   13.790249052
    2.222222222   13.921797574   13.921797573   13.921797574
    2.237237237   14.038166914   14.038166914   14.038166914
    2.252252252   14.168762727   14.168762727   14.168762727
    2.267267267   14.355551541   14.355551541   14.355551541
    2.282282282   14.602157598   14.602157598   14.602157598
    2.297297297   14.861382010   14.861382010   14.861382010
    2.312312312   15.078194101   15.078194101   15.078194101
    2.327327327   15.221269281   15.221269281   15.221269282
    2.342342342   15.261491652   15.261491651   15.261491652
    2.357357357   15.182949110   15.182949110   15.182949110
    2.372372372   15.024607585   15.024607585   15.024607585
    2.387387387   14.879482531   14.879482531   14.879482531
    2.402402402   14.843300390   14.843300390   14.843300390
    2.417417417   14.945810713   14.945810713   14.945810713
    2.432432432   15.133742446   15.133742446   15.133742446
    2.447447447   15.340441134   15.340441134   15.340441134
    2.462462462   15.563445645   15.563445645   15.563445645
    2.477477477   15.836813695   15.836813695   15.836813695
    2.492492492   16.163823151   16.163823151   16.163823151
    2.507507508   16.505379097   16.505379097   16.505379097
    2.522522523   16.799418460   16.799418460   16.799418460
    2.537537538   16.977998662   16.977998662   16.977998662
    2.552552553   17.005541795   17.005541795   17.005541795
    2.567567568   16.929840676   16.929840676   16.929840676
    2.582582583   16.860805854   16.860805854   16.860805854
    2.597597598   16.896953163   16.896953163   16.896953163
    2.612612613   17.071299872   17.071299872   17.071299872
    2.627627628   17.318410325   17.318410325   17.318410325
    2.642642643   17.563659656   17.563659656   17.563659656
    2.657657658   17.806369989   17.806369989   17.806369989
    2.672672673   18.037581578   18.037581578   18.037581578
    2.687687688   18.208753035   18.208753035   18.208753035
    2.702702703   18.293748018   18.293748018   18.293748018
    2.717717718   18.271751050   18.271751050   18.271751050
    2.732732733   18.105254350   18.105254350   18.105254350
    2.747747748   17.771745768   17.771745768   17.771745768
    2.762762763   17.289535057   17.289535057   17.289535057
    2.777777778   16.685097148   16.685097148   16.685097148
    2.792792793   16.007827327   16.007827327   16.007827327
    2.807807808   15.379793536   15.379793536   15.379793536
    2.822822823   14.923750756   14.923750756   14.923750756
    2.837837838   14.640299751   14.640299751   14.640299751
    2.852852853   14.413712811   14.413712811   14.413712811
    2.867867868   14.131314977   14.131314977   14.131314977
    2.882882883   13.755933049   13.755933049   13.755933049
    2.897897898   13.340967531   13.340967531   13.340967531
    2.912912913   12.998351058   12.998351058   12.998351058
    2.927927928   12.805417684   12.805417684   12.805417684
    2.942942943   12.750206008   12.750206008   12.750206008
    2.957957958   12.756362684   12.756362684   12.756362684
    2.972972973   12.782115692   12.782115692   12.782115692
    2.987987988   12.784814662   12.784814662   12.784814662
    3.003003003   12.657613157   12.657613157   12.657613157
    3.018018018   12.336819280   12.336819280   12.336819280
    3.033033033   11.892526466   11.892526466   11.892526466
    3.048048048   11.475146865   11.475146865   11.475146865
    3.063063063   11.157372182   11.157372182   11.157372182
    3.078078078   10.944151571   10.944151571   10.944151571
    3.093093093   10.872854291   10.872854291   10.872854291
    3.108108108   10.955345348   10.955345348   10.955345348
    3.123123123   11.124490180   11.124490180   11.124490180
    3.138138138   11.296029634   11.296029634   11.296029634
    3.153153153   11.411975838   11.411975838   11.411975838
    3.168168168   11.431630734   11.431630734   11.431630734
    3.183183183   11.343856380   11.343856380   11.343856380
    3.198198198   11.171029533   11.171029533   11.171029533
    3.213213213   10.952146855   10.952146855   10.952146855
    3.228228228   10.725978626   10.725978626   10.725978627
    3.243243243   10.532416150   10.532416150   10.532416150
    3.258258258   10.406215196   10.406215196   10.406215196
    3.273273273   10.367302622   10.367302622   10.367302622
    3.288288288   10.405641291   10.405641291   10.405641291
    3.303303303   10.479638279   10.479638279   10.479638279
    3.318318318   10.551854206   10.551854206   10.551854206
    3.333333333   10.627624035   10.627624035   10.627624035
    3.348348348   10.717003628   10.717003628   10.717003628
    3.363363363   10.815754236   10.815754235   10.815754236
    3.378378378   10.927829345   10.927829345   10.927829345
    3.393393393   11.042686829   11.042686828   11.042686829
    3.408408408   11.112959814   11.112959814   11.112959814
    3.423423423   11.080449503   11.080449503   11.080449503
    3.438438438   10.933237144   10.933237144   10.933237144
    3.453453453   10.733815325   10.733815325   10.733815325
    3.468468468   10.548305549   10.548305549   10.548305549
    3.483483483   10.419803229   10.419803229   10.419803229
    3.498498498   10.395201484   10.395201484   10.395201484
    3.513513514   10.500244088   10.500244088   10.500244088
    3.528528529   10.716208470   10.716208470   10.716208470
    3.543543544   10.970434662   10.970434662   10.970434662
    3.558558559   11.184530495   11.184530495   11.184530495
    3.573573574   11.340094249   11.340094248   11.340094248
    3.588588589   11.469000684   11.469000684   11.469000684
    3.603603604   11.604002526   11.604002526   11.604002526
    3.618618619   11.752873077   11.752873077   11.752873077
    3.633633634   11.880406130   11.880406130   11.880406130
    3.648648649   11.945378045   11.945378045   11.945378045
    3.663663664   11.943783049   11.943783049   11.943783049
    3.678678679   11.892043898   11.892043898   11.892043898
    3.693693694   11.831885432   11.831885432   11.831885432
    3.708708709   11.841750883   11.841750883   11.841750883
    3.723723724   11.978269301   11.978269301   11.978269301
    3.738738739   12.209498648   12.209498648   12.209498648
    3.753753754   12.468803898   12.468803898   12.468803898
    3.768768769   12.720443476   12.720443476   12.720443476
    3.783783784   12.963993909   12.963993909   12.963993909
    3.798798799   13.224072241   13.224072241   13.224072241
    3.813813814   13.508674542   13.508674542   13.508674542
    3.828828829   13.790448491   13.790448491   13.790448491
    3.843843844   14.027970728   14.027970728   14.027970728
    3.858858859   14.217157965   14.217157965   14.217157965
    3.873873874   14.420177699   14.420177699   14.420177699
    3.888888889   14.702242191   14.702242191   14.702242191
    3.903903904   15.079455298   15.079455298   15.079455298
    3.918918919   15.548498831   15.548498831   15.548498831
    3.933933934   16.068437650   16.068437650   16.068437650
    3.948948949   16.576606745   16.576606745   16.576606745
    3.963963964   17.044748511   17.044748511   17.044748511
    3.978978979   17.457085155   17.457085155   17.457085155
    3.993993994   17.748610967   17.748610966   17.748610966
    4.009009009   17.869154837   17.869154837   17.869154837
    4.024024024   17.834135615   17.834135615   17.834135615
    4.039039039   17.641163702   17.641163702   17.641163702
    4.054054054   17.275747749   17.275747749   17.275747749
    4.069069069   16.817129109   16.817129109   16.817129109
    4.084084084   16.397222027   16.397222027   16.397222027
    4.099099099   16.065228413   16.065228413   16.065228413
    4.114114114   15.777370532   15.777370531   15.777370532
    4.129129129   15.502996904   15.502996904   15.502996904
    4.144144144   15.279705379   15.279705379   15.279705379
    4.159159159   15.123752265   15.123752265   15.123752265
    4.174174174   14.972789372   14.972789372   14.972789372
    4.189189189   14.761273981   14.761273980   14.761273981
    4.204204204   14.484147207   14.484147206   14.484147206
    4.219219219   14.181662842   14.181662842   14.181662842
    4.234234234   13.885665749   13.885665749   13.885665749
    4.249249249   13.592296133   13.592296133   13.592296133
    4.264264264   13.305683266   13.305683266   13.305683266
    4.279279279   13.062065296   13.062065296   13.062065296
    4.294294294   12.936377650   12.936377649   12.936377649
    4.309309309   12.955673827   12.955673827   12.955673827
    4.324324324   12.991707498   12.991707498   12.991707498
    4.339339339   12.845527551   12.845527550   12.845527550
    4.354354354   12.397006787   12.397006787   12.397006787
    4.369369369   11.586179382   11.586179382   11.586179382
    4.384384384   10.342343556   10.342343556   10.342343556
    4.399399399    8.615009681    8.615009681    8.615009681
    4.414414414    6.377131013    6.377131013    6.377131013
    4.429429429    3.728412296    3.728412295    3.728412295
    4.444444444    1.022024053    1.022024053    1.022024053
    4.459459459   -1.243361268   -1.243361269   -1.243361269
    4.474474474   -2.794611189   -2.794611189   -2.794611189
    4.489489489   -3.792888667   -3.792888668   -3.792888668
    4.504504505   -4.610482219   -4.610482220   -4.610482219
    4.519519520   -5.423627523   -5.423627523   -5.423627523
    4.534534535   -6.013512607   -6.013512607   -6.013512607
    4.549549550   -6.123115816   -6.123115816   -6.123115816
    4.564564565   -5.860962145   -5.860962145   -5.860962145
    4.579579580   -5.540165648   -5.540165648   -5.540165648
    4.594594595   -5.442677300   -5.442677300   -5.442677300
    4.609609610   -5.707865651   -5.707865651   -5.707865651
    4.624624625   -6.284443619   -6.284443619   -6.284443619
    4.639639640   -6.919997344   -6.919997344   -6.919997344
    4.654654655   -7.247124402   -7.247124402   -7.247124402
    4.669669670   -7.090650813   -7.090650813   -7.090650813
    4.684684685   -6.588744598   -6.588744598   -6.588744598
    4.699699700   -5.974545218   -5.974545218   -5.974545218
    4.714714715   -5.406521387   -5.406521387   -5.406521387
    4.729729730   -4.966655787   -4.966655787   -4.966655787
    4.744744745   -4.687945024   -4.687945024   -4.687945024
    4.759759760   -4.583306855   -4.583306855   -4.583306855
    4.774774775   -4.670046000   -4.670046001   -4.670046001
    4.789789790   -4.904183460   -4.904183460   -4.904183460
    4.804804805   -5.129184036   -5.129184036   -5.129184036
    4.819819820   -5.177154357   -5.177154357   -5.177154357
    4.834834835   -5.019069700   -5.019069701   -5.019069700
    4.849849850   -4.761087645   -4.761087645   -4.761087645
    4.864864865   -4.519734035   -4.519734036   -4.519734035
    4.879879880   -4.343501234   -4.343501234   -4.343501234
    4.894894895   -4.210865363   -4.210865363   -4.210865363
    4.909909910   -4.093511133   -4.093511133   -4.093511133
    4.924924925   -4.017843219   -4.017843219   -4.017843219
    4.939939940   -4.024841499   -4.024841499   -4.024841499
    4.954954955   -4.113711464   -4.113711465   -4.113711464
    4.969969970   -4.262919852   -4.262919852   -4.262919852
    4.984984985   -4.448739363   -4.448739363   -4.448739363
    5.000000000   -4.631101456   -4.631101456   -4.631101456
    5.015015015   -4.726459688   -4.726459688   -4.726459688
    5.030030030   -4.664488864   -4.664488864   -4.664488864
    5.045045045   -4.471948565   -4.471948565   -4.471948565
    5.060060060   -4.218653282   -4.218653282   -4.218653282
    5.075075075   -3.953455035   -3.953455035   -3.953455035
    5.090090090   -3.716695533   -3.716695533   -3.716695533
    5.105105105   -3.541694715   -3.541694715   -3.541694715
    5.120120120   -3.456495101   -3.456495101   -3.456495101
    5.135135135   -3.473076513   -3.473076513   -3.473076513
    5.150150150   -3.590115433   -3.590115434   -3.590115433
    5.165165165   -3.803323770   -3.803323770   -3.803323770
    5.180180180   -4.090032932   -4.090032932   -4.090032932
    5.195195195   -4.421154916   -4.421154916   -4.421154916
    5.210210210   -4.762547454   -4.762547454   -4.762547454
    5.225225225   -5.040495081   -5.040495081   -5.040495081
    5.240240240   -5.146576878   -5.146576878   -5.146576878
    5.255255255   -5.025807234   -5.025807234   -5.025807234
    5.270270270   -4.723447156   -4.723447157   -4.723447156
    5.285285285   -4.329084848   -4.329084848   -4.329084848
    5.300300300   -3.923041833   -3.923041833   -3.923041833
    5.315315315   -3.554002080   -3.554002080   -3.554002080
    5.330330330   -3.229609542   -3.229609542   -3.229609542
    5.345345345   -2.945001022   -2.945001022   -2.945001022
    5.360360360   -2.715879932   -2.715879932   -2.715879932
    5.375375375   -2.562068267   -2.562068267   -2.562068267
    5.390390390   -2.487973722   -2.487973723   -2.487973722
    5.405405405   -2.490940678   -2.490940678   -2.490940678
    5.420420420   -2.571581680   -2.571581680   -2.571581680
    5.435435435   -2.724106313   -2.724106313   -2.724106313
    5.450450450   -2.926683203   -2.926683204   -2.926683203
    5.465465465   -3.134567283   -3.134567283   -3.134567283
    5.480480480   -3.287570214   -3.287570214   -3.287570214
    5.495495495   -3.327542878   -3.327542878   -3.327542878
    5.510510511   -3.212949619   -3.212949619   -3.212949619
    5.525525526   -2.950580018   -2.950580018   -2.950580018
    5.540540541   -2.600999043   -2.600999043   -2.600999043
    5.555555556   -2.232099154   -2.232099154   -2.232099154
    5.570570571   -1.896754092   -1.896754092   -1.896754092
    5.585585586   -1.631025827   -1.631025827   -1.631025827
    5.600600601   -1.434383341   -1.434383341   -1.434383341
    5.615615616   -1.293975660   -1.293975660   -1.293975660
    5.630630631   -1.230459345   -1.230459345   -1.230459345
    5.645645646   -1.281752617   -1.281752617   -1.281752617
    5.660660661   -1.449817984   -1.449817984   -1.449817984
    5.675675676   -1.698304107   -1.698304107   -1.698304107
    5.690690691   -2.018128386   -2.018128386   -2.018128386
    5.705705706   -2.430320117   -2.430320117   -2.430320117
    5.720720721   -2.935527087   -2.935527087   -2.935527087
    5.735735736   -3.506226428   -3.506226428   -3.506226428
    5.750750751   -4.078386092   -4.078386092   -4.078386092
    5.765765766   -4.564344875   -4.564344875   -4.564344875
    5.780780781   -4.913121774   -4.913121774   -4.913121774
    5.795795796   -5.121670709   -5.121670709   -5.121670709
    5.810810811   -5.209507426   -5.209507426   -5.209507426
    5.825825826   -5.221700424   -5.221700424   -5.221700424
    5.840840841   -5.208883287   -5.208883287   -5.208883287
    5.855855856   -5.206311905   -5.206311905   -5.206311905
    5.870870871   -5.235620421   -5.235620421   -5.235620421
    5.885885886   -5.294139283   -5.294139283   -5.294139283
    5.900900901   -5.363102165   -5.363102165   -5.363102165
    5.915915916   -5.427766894   -5.427766894   -5.427766894
    5.930930931   -5.461149754   -5.461149754   -5.461149754
    5.945945946   -5.446672062   -5.446672062   -5.446672062
    5.960960961   -5.423298771   -5.423298771   -5.423298771
    5.975975976   -5.441175678   -5.441175679   -5.441175678
    5.990990991   -5.499658520   -5.499658520   -5.499658520
    6.006006006   -5.565710748   -5.565710748   -5.565710748
    6.021021021   -5.614100336   -5.614100336   -5.614100336
    6.036036036   -5.628006675   -5.628006675   -5.628006675
    6.051051051   -5.589942818   -5.589942818   -5.589942818
    6.066066066   -5.507912519   -5.507912519   -5.507912519
    6.081081081   -5.425110394   -5.425110394   -5.425110394
    6.096096096   -5.383576337   -5.383576337   -5.383576337
    6.111111111   -5.384444413   -5.384444413   -5.384444413
    6.126126126   -5.392244693   -5.392244693   -5.392244693
    6.141141141   -5.379035976   -5.379035976   -5.379035976
    6.156156156   -5.347393840   -5.347393840   -5.347393840
    6.171171171   -5.319725705   -5.319725705   -5.319725705
    6.186186186   -5.311780911   -5.311780911   -5.311780911
    6.201201201   -5.323863303   -5.323863303   -5.323863303
    6.216216216   -5.358464542   -5.358464542   -5.358464542
    6.231231231   -5.425900979   -5.425900979   -5.425900979
    6.246246246   -5.512197468   -5.512197468   -5.512197468
    6.261261261   -5.578473278   -5.578473278   -5.578473278
    6.276276276   -5.598868962   -5.598868962   -5.598868962
    6.291291291   -5.572074623   -5.572074623   -5.572074623
    6.306306306   -5.514250523   -5.514250524   -5.514250523
    6.321321321   -5.444551041   -5.444551042   -5.444551041
    6.336336336   -5.367473671   -5.367473672   -5.367473671
    6.351351351   -5.284436645   -5.284436645   -5.284436645
    6.366366366   -5.205255231   -5.205255231   -5.205255231
    6.381381381   -5.144932546   -5.144932546   -5.144932546
    6.396396396   -5.115096426   -5.115096426   -5.115096426
    6.411411411   -5.113965416   -5.113965417   -5.113965416
    6.426426426   -5.129800255   -5.129800255   -5.129800255
    6.441441441   -5.151222882   -5.151222882   -5.151222882
    6.456456456   -5.176168874   -5.176168874   -5.176168874
    6.471471471   -5.202536337   -5.202536337   -5.202536337
    6.486486486   -5.224244222   -5.224244222   -5.224244222
    6.501501502   -5.234689861   -5.234689861   -5.234689861
    6.516516517   -5.230702952   -5.230702952   -5.230702952
    6.531531532   -5.218337229   -5.218337230   -5.218337229
    6.546546547   -5.202201273   -5.202201273   -5.202201273
    6.561561562   -5.177625231   -5.177625231   -5.177625231
    6.576576577   -5.133087212   -5.133087212   -5.133087212
    6.591591592   -5.066576127   -5.066576127   -5.066576127
    6.606606607   -5.005375705   -5.005375705   -5.005375705
    6.621621622   -4.980652949   -4.980652949   -4.980652949
    6.636636637   -4.978140506   -4.978140506   -4.978140506
    6.651651652   -4.959983466   -4.959983466   -4.959983466
    6.666666667   -4.916913075   -4.916913075   -4.916913075
    6.681681682   -4.869287477   -4.869287477   -4.869287477
    6.696696697   -4.836564687   -4.836564687   -4.836564687
    6.711711712   -4.812821512   -4.812821512   -4.812821512
    6.726726727   -4.779930493   -4.779930493   -4.779930493
    6.741741742   -4.734236765   -4.734236765   -4.734236765
    6.756756757   -4.694836810   -4.694836810   -4.694836810
    6.771771772   -4.678570018   -4.678570018   -4.678570018
    6.786786787   -4.674267311   -4.674267312   -4.674267311
    6.801801802   -4.659791538   -4.659791539   -4.659791538
    6.816816817   -4.634437234   -4.634437234   -4.634437234
    6.831831832   -4.620325029   -4.620325029   -4.620325029
    6.846846847   -4.628827501   -4.628827501   -4.628827501
    6.861861862   -4.648773010   -4.648773010   -4.648773010
    6.876876877   -4.665176866   -4.665176866   -4.665176866
    6.891891892   -4.665348533   -4.665348533   -4.665348533
    6.906906907   -4.647493122   -4.647493122   -4.647493122
    6.921921922   -4.618125361   -4.618125361   -4.618125361
    6.936936937   -4.575266039   -4.575266039   -4.575266039
    6.951951952   -4.511199566   -4.511199566   -4.511199566
    6.966966967   -4.420883471   -4.420883471   -4.420883471
    6.981981982   -4.307525774   -4.307525774   -4.307525774
    6.996996997   -4.192945130   -4.192945130   -4.192945130
    7.012012012   -4.108369089   -4.108369089   -4.108369089
    7.027027027   -4.065794499   -4.065794499   -4.065794499
    7.042042042   -4.052533349   -4.052533349   -4.052533349
    7.057057057   -4.061132878   -4.061132878   -4.061132878
    7.072072072   -4.101116807   -4.101116807   -4.101116807
    7.087087087   -4.173500780   -4.173500780   -4.173500780
    7.102102102   -4.254679572   -4.254679572   -4.254679572
    7.117117117   -4.312423238   -4.312423238   -4.312423238
    7.132132132   -4.328571262   -4.328571262   -4.328571262
    7.147147147   -4.305983665   -4.305983665   -4.305983665
    7.162162162   -4.258385355   -4.258385355   -4.258385355
    7.177177177   -4.196739170   -4.196739170   -4.196739170
    7.192192192   -4.127019309   -4.127019309   -4.127019309
    7.207207207   -4.055729151   -4.055729151   -4.055729151
    7.222222222   -3.989262457   -3.989262457   -3.989262457
    7.237237237   -3.924252830   -3.924252830   -3.924252830
    7.252252252   -3.852724797   -3.852724797   -3.852724797
    7.267267267   -3.773466852   -3.773466852   -3.773466852
    7.282282282   -3.693472651   -3.693472652   -3.693472652
    7.297297297   -3.627162322   -3.627162322   -3.627162322
    7.312312312   -3.592365169   -3.592365170   -3.592365169
    7.327327327   -3.602895830   -3.602895830   -3.602895830
    7.342342342   -3.662179408   -3.662179408   -3.662179408
    7.357357357   -3.750935423   -3.750935423   -3.750935423
    7.372372372   -3.832851543   -3.832851543   -3.832851543
    7.387387387   -3.880644072   -3.880644072   -3.880644072
    7.402402402   -3.888648197   -3.888648197   -3.888648197
    7.417417417   -3.867253054   -3.867253055   -3.867253054
    7.432432432   -3.831077946   -3.831077946   -3.831077946
    7.447447447   -3.786157266   -3.786157266   -3.786157266
    7.462462462   -3.730393810   -3.730393810   -3.730393810
    7.477477477   -3.666467734   -3.666467734   -3.666467734
    7.492492492   -3.597814977   -3.597814977   -3.597814977
    7.507507508   -3.527612466   -3.527612466   -3.527612466
    7.522522523   -3.464051668   -3.464051668   -3.464051668
    7.537537538   -3.408505477   -3.408505477   -3.408505477
    7.552552553   -3.355782748   -3.355782748   -3.355782748
    7.567567568   -3.309522522   -3.309522522   -3.309522522
    7.582582583   -3.279143912   -3.279143912   -3.279143912
    7.597597598   -3.271296390   -3.271296390   -3.271296390
    7.612612613   -3.287510526   -3.287510526   -3.287510526
    7.627627628   -3.326311193   -3.326311193   -3.326311193
    7.642642643   -3.378924498   -3.378924498   -3.378924498
    7.657657658   -3.427438583   -3.427438583   -3.427438583
    7.672672673   -3.457747337   -3.457747337   -3.457747337
    7.687687688   -3.464757123   -3.464757123   -3.464757123
    7.702702703   -3.447369687   -3.447369687   -3.447369687
    7.717717718   -3.410115097   -3.410115097   -3.410115097
    7.732732733   -3.365273209   -3.365273209   -3.365273209
    7.747747748   -3.318672657   -3.318672657   -3.318672657
    7.762762763   -3.264874440   -3.264874440   -3.264874440
    7.777777778   -3.198729923   -3.198729924   -3.198729923
    7.792792793   -3.121506209   -3.121506209   -3.121506209
    7.807807808   -3.041557455   -3.041557455   -3.041557455
    7.822822823   -2.972238695   -2.972238696   -2.972238695
    7.837837838   -2.926900813   -2.926900813   -2.926900813
    7.852852853   -2.912278642   -2.912278642   -2.912278642
    7.867867868   -2.922128738   -2.922128738   -2.922128738
    7.882882883   -2.941473352   -2.941473352   -2.941473352
    7.897897898   -2.956278911   -2.956278912   -2.956278911
    7.912912913   -2.962560943   -2.962560943   -2.962560943
    7.927927928   -2.963390919   -2.963390919   -2.963390919
    7.942942943   -2.960554947   -2.960554947   -2.960554947
    7.957957958   -2.954754306   -2.954754306   -2.954754306
    7.972972973   -2.946494659   -2.946494659   -2.946494659
    7.987987988   -2.931553687   -2.931553688   -2.931553687
    8.003003003   -2.901597633   -2.901597633   -2.901597633
    8.018018018   -2.853426626   -2.853426626   -2.853426626
    8.033033033   -2.795089870   -2.795089870   -2.795089870
    8.048048048   -2.735219497   -2.735219497   -2.735219497
    8.063063063   -2.672312475   -2.672312475   -2.672312475
    8.078078078   -2.606040837   -2.606040837   -2.606040837
    8.093093093   -2.544066621   -2.544066621   -2.544066621
    8.108108108   -2.491675748   -2.491675748   -2.491675748
    8.123123123   -2.448407287   -2.448407287   -2.448407287
    8.138138138   -2.415790481   -2.415790481   -2.415790481
    8.153153153   -2.395210328   -2.395210328   -2.395210328
    8.168168168   -2.377851566   -2.377851566   -2.377851566
    8.183183183   -2.356960413   -2.356960413   -2.356960413
    8.198198198   -2.343063031   -2.343063031   -2.343063031
    8.213213213   -2.351457028   -2.351457028   -2.351457028
    8.228228228   -2.383291181   -2.383291181   -2.383291181
    8.243243243   -2.427379959   -2.427379959   -2.427379959
    8.258258258   -2.471644399   -2.471644399   -2.471644399
    8.273273273   -2.507749103   -2.507749103   -2.507749103
    8.288288288   -2.529203747   -2.529203747   -2.529203747
    8.303303303   -2.537733995   -2.537733995   -2.537733995
    8.318318318   -2.545346521   -2.545346521   -2.545346521
    8.333333333   -2.562884738   -2.562884738   -2.562884738
    8.348348348   -2.586536760   -2.586536760   -2.586536760
    8.363363363   -2.605362140   -2.605362140   -2.605362140
    8.378378378   -2.614961887   -2.614961887   -2.614961887
    8.393393393   -2.616984094   -2.616984095   -2.616984094
    8.408408408   -2.617021192   -2.617021193   -2.617021192
    8.423423423   -2.620155018   -2.620155018   -2.620155018
    8.438438438   -2.627197889   -2.627197889   -2.627197889
    8.453453453   -2.636351525   -2.636351525   -2.636351525
    8.468468468   -2.641170662   -2.641170662   -2.641170662
    8.483483483   -2.633348615   -2.633348615   -2.633348615
    8.498498498   -2.614004183   -2.614004183   -2.614004183
    8.513513514   -2.596084459   -2.596084459   -2.596084459
    8.528528529   -2.592759938   -2.592759938   -2.592759938
    8.543543544   -2.605005350   -2.605005350   -2.605005350
    8.558558559   -2.622232072   -2.622232072   -2.622232072
    8.573573574   -2.634761311   -2.634761312   -2.634761311
    8.588588589   -2.641029865   -2.641029865   -2.641029865
    8.603603604   -2.640016015   -2.640016015   -2.640016015
    8.618618619   -2.628229070   -2.628229070   -2.628229070
    8.633633634   -2.610555453   -2.610555453   -2.610555453
    8.648648649   -2.599869520   -2.599869520   -2.599869520
    8.663663664   -2.600862790   -2.600862791   -2.600862790
    8.678678679   -2.605312997   -2.605312997   -2.605312997
    8.693693694   -2.601889082   -2.601889082   -2.601889082
    8.708708709   -2.588058830   -2.588058830   -2.588058830
    8.723723724   -2.571172250   -2.571172250   -2.571172250
    8.738738739   -2.560282906   -2.560282906   -2.560282906
    8.753753754   -2.557052557   -2.557052557   -2.557052557
    8.768768769   -2.552537957   -2.552537957   -2.552537957
    8.783783784   -2.540154203   -2.540154203   -2.540154203
    8.798798799   -2.523698798   -2.523698798   -2.523698798
    8.813813814   -2.508270266   -2.508270266   -2.508270266
    8.828828829   -2.496397597   -2.496397597   -2.496397597
    8.843843844   -2.489563960   -2.489563960   -2.489563960
    8.858858859   -2.486542558   -2.486542558   -2.486542558
    8.873873874   -2.483880632   -2.483880632   -2.483880632
    8.888888889   -2.479617731   -2.479617731   -2.479617731
    8.903903904   -2.471515834   -2.471515834   -2.471515834
    8.918918919   -2.456271763   -2.456271763   -2.456271763
    8.933933934   -2.436597560   -2.436597560   -2.436597560
    8.948948949   -2.418632381   -2.418632381   -2.418632381
    8.963963964   -2.404431069   -2.404431070   -2.404431069
    8.978978979   -2.394852063   -2.394852063   -2.394852063
    8.993993994   -2.389130033   -2.389130033   -2.389130033
    9.009009009   -2.383661014   -2.383661014   -2.383661014
    9.024024024   -2.374708258   -2.374708259   -2.374708258
    9.039039039   -2.361611337   -2.361611337   -2.361611337
    9.054054054   -2.345584964   -2.345584964   -2.345584964
    9.069069069   -2.325660965   -2.325660966   -2.325660965
    9.084084084   -2.301395109   -2.301395109   -2.301395109
    9.099099099   -2.272264018   -2.272264018   -2.272264018
    9.114114114   -2.237606124   -2.237606124   -2.237606124
    9.129129129   -2.202564052   -2.202564052   -2.202564052
    9.144144144   -2.175456240   -2.175456240   -2.175456240
    9.159159159   -2.159235380   -2.159235380   -2.159235380
    9.174174174   -2.153156873   -2.153156873   -2.153156873
    9.189189189   -2.156437311   -2.156437311   -2.156437311
    9.204204204   -2.165384565   -2.165384565   -2.165384565
    9.219219219   -2.172334861   -2.172334861   -2.172334861
    9.234234234   -2.171265556   -2.171265556   -2.171265556
    9.249249249   -2.160388320   -2.160388320   -2.160388320
    9.264264264   -2.140573063   -2.140573063   -2.140573063
    9.279279279   -2.114548237   -2.114548237   -2.114548237
    9.294294294   -2.084783731   -2.084783731   -2.084783731
    9.309309309   -2.052069184   -2.052069184   -2.052069184
    9.324324324   -2.018037426   -2.018037426   -2.018037426
    9.339339339   -1.986216643   -1.986216643   -1.986216643
    9.354354354   -1.961052762   -1.961052762   -1.961052762
    9.369369369   -1.945229842   -1.945229842   -1.945229842
    9.384384384   -1.937927228   -1.937927228   -1.937927228
    9.399399399   -1.938085309   -1.938085309   -1.938085309
    9.414414414   -1.944841504   -1.944841504   -1.944841504
    9.429429429   -1.953676970   -1.953676970   -1.953676970
    9.444444444   -1.957141315   -1.957141315   -1.957141315
    9.459459459   -1.949885800   -1.949885800   -1.949885800
    9.474474474   -1.931336276   -1.931336276   -1.931336276
    9.489489489   -1.907857869   -1.907857869   -1.907857869
    9.504504505   -1.890410388   -1.890410388   -1.890410388
    9.519519520   -1.887003450   -1.887003450   -1.887003450
    9.534534535   -1.899052330   -1.899052330   -1.899052330
    9.549549550   -1.920252008   -1.920252008   -1.920252008
    9.564564565   -1.939338022   -1.939338022   -1.939338022
    9.579579580   -1.950432386   -1.950432386   -1.950432386
    9.594594595   -1.957741671   -1.957741671   -1.957741671
    9.609609610   -1.966860729   -1.966860729   -1.966860729
    9.624624625   -1.975613133   -1.975613133   -1.975613133
    9.639639640   -1.976762241   -1.976762241   -1.976762241
    9.654654655   -1.967590065   -1.967590065   -1.967590065
    9.669669670   -1.953812639   -1.953812639   -1.953812639
    9.684684685   -1.942396947   -1.942396947   -1.942396947
    9.699699700   -1.933648888   -1.933648889   -1.933648888
    9.714714715   -1.924191459   -1.924191459   -1.924191459
    9.729729730   -1.915095065   -1.915095065   -1.915095065
    9.744744745   -1.910955574   -1.910955574   -1.910955574
    9.759759760   -1.912699898   -1.912699898   -1.912699898
    9.774774775   -1.915110558   -1.915110559   -1.915110558
    9.789789790   -1.914882693   -1.914882694   -1.914882693
    9.804804805   -1.914824468   -1.914824468   -1.914824468
    9.819819820   -1.914484845   -1.914484845   -1.914484845
    9.834834835   -1.909276769   -1.909276769   -1.909276769
    9.849849850   -1.897612998   -1.897612999   -1.897612998
    9.864864865   -1.883278885   -1.883278886   -1.883278885
    9.879879880   -1.873416944   -1.873416944   -1.873416944
    9.894894895   -1.871492097   -1.871492097   -1.871492097
    9.909909910   -1.873084226   -1.873084226   -1.873084226
    9.924924925   -1.873067480   -1.873067480   -1.873067480
    9.939939940   -1.869037635   -1.869037635   -1.869037635
    9.954954955   -1.859656688   -1.859656688   -1.859656688
    9.969969970   -1.845176136   -1.845176136   -1.845176136
    9.984984985   -1.827729428   -1.827729428   -1.827729428
   10.000000000   -1.809928673   -1.809928673   -1.809928673
   10.015015015   -1.792727858   -1.792727858   -1.792727858
   10.030030030   -1.776773027   -1.776773027   -1.776773027
   10.045045045   -1.764143090   -1.764143090   -1.764143090
   10.060060060   -1.756137939   -1.756137939   -1.756137939
   10.075075075   -1.749460577   -1.749460577   -1.749460577
   10.090090090   -1.739662038   -1.739662038   -1.739662038
   10.105105105   -1.728779911   -1.728779911   -1.728779911
   10.120120120   -1.723107995   -1.723107995   -1.723107995
   10.135135135   -1.723133924   -1.723133924   -1.723133924
   10.150150150   -1.721204919   -1.721204919   -1.721204919
   10.165165165   -1.712895627   -1.712895627   -1.712895627
   10.180180180   -1.703714061   -1.703714061   -1.703714061
   10.195195195   -1.699786474   -1.699786474   -1.699786474
   10.210210210   -1.699731361   -1.699731362   -1.699731361
   10.225225225   -1.699237512   -1.699237512   -1.699237512
   10.240240240   -1.695537259   -1.695537259   -1.695537259
   10.255255255   -1.688269612   -1.688269612   -1.688269612
   10.270270270   -1.679116869   -1.679116869   -1.679116869
   10.285285285   -1.669705475   -1.669705475   -1.669705475
   10.300300300   -1.660469052   -1.660469052   -1.660469052
   10.315315315   -1.650935533   -1.650935533   -1.650935533
   10.330330330   -1.639838201   -1.639838201   -1.639838201
   10.345345345   -1.627957609   -1.627957609   -1.627957609
   10.360360360   -1.618942643   -1.618942643   -1.618942643
   10.375375375   -1.613815844   -1.613815844   -1.613815844
   10.390390390   -1.610802860   -1.610802860   -1.610802860
   10.405405405   -1.609054196   -1.609054196   -1.609054196
   10.420420420   -1.608647486   -1.608647486   -1.608647486
   10.435435435   -1.608823674   -1.608823675   -1.608823674
   10.450450450   -1.607702483   -1.607702483   -1.607702483
   10.465465465   -1.603520973   -1.603520973   -1.603520973
   10.480480480   -1.596185272   -1.596185272   -1.596185272
   10.495495495   -1.587875983   -1.587875983   -1.587875983
   10.510510511   -1.580793731   -1.580793731   -1.580793731
   10.525525526   -1.573606936   -1.573606936   -1.573606936
   10.540540541   -1.563150995   -1.563150995   -1.563150995
   10.555555556   -1.548323412   -1.548323412   -1.548323412
   10.570570571   -1.531817956   -1.531817956   -1.531817956
   10.585585586   -1.517673454   -1.517673454   -1.517673454
   10.600600601   -1.508147015   -1.508147015   -1.508147015
   10.615615616   -1.503044775   -1.503044775   -1.503044775
   10.630630631   -1.500026767   -1.500026767   -1.500026767
   10.645645646   -1.496662067   -1.496662067   -1.496662067
   10.660660661   -1.492018597   -1.492018597   -1.492018597
   10.675675676   -1.486635084   -1.486635084   -1.486635084
   10.690690691   -1.481714406   -1.481714406   -1.481714406
   10.705705706   -1.478014945   -1.478014945   -1.478014945
   10.720720721   -1.475546222   -1.475546222   -1.475546222
   10.735735736   -1.473474818   -1.473474818   -1.473474818
   10.750750751   -1.469022496   -1.469022496   -1.469022496
   10.765765766   -1.459291754   -1.459291754   -1.459291754
   10.780780781   -1.445436913   -1.445436913   -1.445436913
   10.795795796   -1.431281403   -1.431281404   -1.431281403
   10.810810811   -1.419699225   -1.419699225   -1.419699225
   10.825825826   -1.411163345   -1.411163345   -1.411163345
   10.840840841   -1.405277770   -1.405277770   -1.405277770
   10.855855856   -1.400856358   -1.400856358   -1.400856358
   10.870870871   -1.394921931   -1.394921931   -1.394921931
   10.885885886   -1.387039727   -1.387039727   -1.387039727
   10.900900901   -1.380848380   -1.380848380   -1.380848380
   10.915915916   -1.378304431   -1.378304431   -1.378304431
   10.930930931   -1.377534976   -1.377534976   -1.377534976
   10.945945946   -1.377355166   -1.377355166   -1.377355166
   10.960960961   -1.378018038   -1.378018038   -1.378018038
   10.975975976   -1.378653044   -1.378653044   -1.378653044
   10.990990991   -1.376834471   -1.376834471   -1.376834471
   11.006006006   -1.369786274   -1.369786274   -1.369786274
   11.021021021   -1.355677021   -1.355677021   -1.355677021
   11.036036036   -1.335437646   -1.335437646   -1.335437646
   11.051051051   -1.313373021   -1.313373021   -1.313373021
   11.066066066   -1.294008408   -1.294008408   -1.294008408
   11.081081081   -1.279167409   -1.279167409   -1.279167409
   11.096096096   -1.268910084   -1.268910084   -1.268910084
   11.111111111   -1.263683529   -1.263683529   -1.263683529
   11.126126126   -1.264012768   -1.264012769   -1.264012768
   11.141141141   -1.267662657   -1.267662658   -1.267662657
   11.156156156   -1.269516876   -1.269516876   -1.269516876
   11.171171171   -1.265620976   -1.265620976   -1.265620976
   11.186186186   -1.256325275   -1.256325275   -1.256325275
   11.201201201   -1.245182884   -1.245182884   -1.245182884
   11.216216216   -1.234782642   -1.234782642   -1.234782642
   11.231231231   -1.224360530   -1.224360531   -1.224360530
   11.246246246   -1.212210419   -1.212210419   -1.212210419
   11.261261261   -1.198077615   -1.198077615   -1.198077615
   11.276276276   -1.183839700   -1.183839700   -1.183839700
   11.291291291   -1.171332527   -1.171332527   -1.171332527
   11.306306306   -1.160311334   -1.160311334   -1.160311334
   11.321321321   -1.150637964   -1.150637964   -1.150637964
   11.336336336   -1.143054970   -1.143054970   -1.143054970
   11.351351351   -1.136927367   -1.136927367   -1.136927367
   11.366366366   -1.129456651   -1.129456651   -1.129456651
   11.381381381   -1.117949571   -1.117949571   -1.117949571
   11.396396396   -1.102934444   -1.102934444   -1.102934444
   11.411411411   -1.087796062   -1.087796062   -1.087796062
   11.426426426   -1.074949846   -1.074949846   -1.074949846
   11.441441441   -1.064621005   -1.064621005   -1.064621005
   11.456456456   -1.056308361   -1.056308361   -1.056308361
   11.471471471   -1.049533400   -1.049533400   -1.049533400
   11.486486486   -1.043913408   -1.043913408   -1.043913408
   11.501501502   -1.039207030   -1.039207030   -1.039207030
   11.516516517   -1.035417534   -1.035417534   -1.035417534
   11.531531532   -1.031728104   -1.031728105   -1.031728105
   11.546546547   -1.026070001   -1.026070001   -1.026070001
   11.561561562   -1.017622323   -1.017622323   -1.017622323
   11.576576577   -1.007535613   -1.007535613   -1.007535613
   11.591591592   -0.997217020   -0.997217020   -0.997217020
   11.606606607   -0.987453808   -0.987453808   -0.987453808
   11.621621622   -0.977533264   -0.977533264   -0.977533264
   11.636636637   -0.966878860   -0.966878860   -0.966878860
   11.651651652   -0.956436753   -0.956436753   -0.956436753
   11.666666667   -0.946551459   -0.946551460   -0.946551460
   11.681681682   -0.936225443   -0.936225443   -0.936225443
   11.696696697   -0.925178365   -0.925178365   -0.925178365
   11.711711712   -0.914228729   -0.914228729   -0.914228729
   11.726726727   -0.904222122   -0.904222122   -0.904222122
   11.741741742   -0.895356887   -0.895356887   -0.895356887
   11.756756757   -0.887404019   -0.887404019   -0.887404019
   11.771771772   -0.880850276   -0.880850276   -0.880850276
   11.786786787   -0.876306883   -0.876306883   -0.876306883
   11.801801802   -0.873808514   -0.873808514   -0.873808514
   11.816816817   -0.873975837   -0.873975837   -0.873975837
   11.831831832   -0.878272193   -0.878272193   -0.878272193
   11.846846847   -0.887299508   -0.887299508   -0.887299508
   11.861861862   -0.898578621   -0.898578622   -0.898578621
   11.876876877   -0.908453172   -0.908453173   -0.908453172
   11.891891892   -0.915752471   -0.915752471   -0.915752471
   11.906906907   -0.920036078   -0.920036078   -0.920036078
   11.921921922   -0.919508743   -0.919508743   -0.919508743
   11.936936937   -0.913506941   -0.913506941   -0.913506941
   11.951951952   -0.903792389   -0.903792389   -0.903792389
   11.966966967   -0.893140436   -0.893140436   -0.893140436
   11.981981982   -0.883448727   -0.883448727   -0.883448727
   11.996996997   -0.874737247   -0.874737247   -0.874737247
   12.012012012   -0.866539547   -0.866539548   -0.866539548
   12.027027027   -0.859143816   -0.859143816   -0.859143816
   12.042042042   -0.852352904   -0.852352904   -0.852352904
   12.057057057   -0.845807575   -0.845807575   -0.845807575
   12.072072072   -0.840527515   -0.840527515   -0.840527515
   12.087087087   -0.838287972   -0.838287972   -0.838287972
   12.102102102   -0.840384375   -0.840384375   -0.840384375
   12.117117117   -0.846956237   -0.846956237   -0.846956237
   12.132132132   -0.855803854   -0.855803854   -0.855803854
   12.147147147   -0.862333155   -0.862333155   -0.862333155
   12.162162162   -0.862503205   -0.862503205   -0.862503205
   12.177177177   -0.855693908   -0.855693909   -0.855693908
   12.192192192   -0.843627660   -0.843627660   -0.843627660
   12.207207207   -0.828961638   -0.828961638   -0.828961638
   12.222222222   -0.814980082   -0.814980082   -0.814980082
   12.237237237   -0.803685970   -0.803685970   -0.803685970
   12.252252252   -0.795046424   -0.795046424   -0.795046424
   12.267267267   -0.787792820   -0.787792820   -0.787792820
   12.282282282   -0.780675232   -0.780675232   -0.780675232
   12.297297297   -0.774134597   -0.774134597   -0.774134597
   12.312312312   -0.769579480   -0.769579480   -0.769579480
   12.327327327   -0.766719192   -0.766719192   -0.766719192
   12.342342342   -0.763757445   -0.763757445   -0.763757445
   12.357357357   -0.758988617   -0.758988617   -0.758988617
   12.372372372   -0.751848383   -0.751848383   -0.751848383
   12.387387387   -0.743152187   -0.743152187   -0.743152187
   12.402402402   -0.734707959   -0.734707959   -0.734707959
   12.417417417   -0.728333327   -0.728333327   -0.728333327
   12.432432432   -0.723347000   -0.723347000   -0.723347000
   12.447447447   -0.717254047   -0.717254047   -0.717254047
   12.462462462   -0.708870275   -0.708870275   -0.708870275
   12.477477477   -0.699212222   -0.699212222   -0.699212222
   12.492492492   -0.690608257   -0.690608258   -0.690608257
   12.507507508   -0.684254037   -0.684254037   -0.684254037
   12.522522523   -0.679550006   -0.679550006   -0.679550006
   12.537537538   -0.674889222   -0.674889222   -0.674889222
   12.552552553   -0.669220905   -0.669220906   -0.669220905
   12.567567568   -0.662946533   -0.662946533   -0.662946533
   12.582582583   -0.656708734   -0.656708735   -0.656708734
   12.597597598   -0.650810067   -0.650810067   -0.650810067
   12.612612613   -0.645672971   -0.645672971   -0.645672971
   12.627627628   -0.641540116   -0.641540116   -0.641540116
   12.642642643   -0.637960671   -0.637960671   -0.637960671
   12.657657658   -0.634444679   -0.634444679   -0.634444679
   12.672672673   -0.630720196   -0.630720196   -0.630720196
   12.687687688   -0.626707609   -0.626707609   -0.626707609
   12.702702703   -0.622250310   -0.622250310   -0.622250310
   12.717717718   -0.617480860   -0.617480860   -0.617480860
   12.732732733   -0.613623521   -0.613623521   -0.613623521
   12.747747748   -0.611500262   -0.611500262   -0.611500262
   12.762762763   -0.609866550   -0.609866550   -0.609866550
   12.777777778   -0.606841848   -0.606841848   -0.606841848
   12.792792793   -0.601761851   -0.601761851   -0.601761851
   12.807807808   -0.595655649   -0.595655649   -0.595655649
   12.822822823   -0.590379192   -0.590379192   -0.590379192
   12.837837838   -0.586406060   -0.586406060   -0.586406060
   12.852852853   -0.582499076   -0.582499076   -0.582499076
   12.867867868   -0.577758310   -0.577758310   -0.577758310
   12.882882883   -0.572702922   -0.572702923   -0.572702922
   12.897897898   -0.568257892   -0.568257892   -0.568257892
   12.912912913   -0.564778021   -0.564778021   -0.564778021
   12.927927928   -0.562510700   -0.562510700   -0.562510700
   12.942942943   -0.561754247   -0.561754247   -0.561754247
   12.957957958   -0.562501220   -0.562501220   -0.562501220
   12.972972973   -0.563970988   -0.563970989   -0.563970988
   12.987987988   -0.565082409   -0.565082409   -0.565082409
   13.003003003   -0.565126780   -0.565126780   -0.565126780
   13.018018018   -0.563906997   -0.563906997   -0.563906997
   13.033033033   -0.561353761   -0.561353761   -0.561353761
   13.048048048   -0.557568321   -0.557568322   -0.557568321
   13.063063063   -0.552901568   -0.552901568   -0.552901568
   13.078078078   -0.547611986   -0.547611986   -0.547611986
   13.093093093   -0.542287553   -0.542287553   -0.542287553
   13.108108108   -0.537675503   -0.537675503   -0.537675503
   13.123123123   -0.533976599   -0.533976600   -0.533976599
   13.138138138   -0.530717994   -0.530717994   -0.530717994
   13.153153153   -0.527067204   -0.527067204   -0.527067204
   13.168168168   -0.522861984   -0.522861984   -0.522861984
   13.183183183   -0.518977231   -0.518977231   -0.518977231
   13.198198198   -0.516309827   -0.516309827   -0.516309827
   13.213213213   -0.514951318   -0.514951318   -0.514951318
   13.228228228   -0.514165422   -0.514165422   -0.514165422
   13.243243243   -0.513432232   -0.513432232   -0.513432232
   13.258258258   -0.512914443   -0.512914443   -0.512914443
   13.273273273   -0.512396238   -0.512396238   -0.512396238
   13.288288288   -0.511435493   -0.511435493   -0.511435493
   13.303303303   -0.509980262   -0.509980263   -0.509980262
   13.318318318   -0.508305170   -0.508305170   -0.508305170
   13.333333333   -0.507320166   -0.507320166   -0.507320166
   13.348348348   -0.507755397   -0.507755397   -0.507755397
   13.363363363   -0.509593363   -0.509593364   -0.509593363
   13.378378378   -0.512543131   -0.512543131   -0.512543131
   13.393393393   -0.516023226   -0.516023226   -0.516023226
   13.408408408   -0.518926847   -0.518926847   -0.518926847
   13.423423423   -0.519953585   -0.519953585   -0.519953585
   13.438438438   -0.518894661   -0.518894661   -0.518894661
   13.453453453   -0.516925814   -0.516925815   -0.516925815
   13.468468468   -0.514667122   -0.514667122   -0.514667122
   13.483483483   -0.511695805   -0.511695805   -0.511695805
   13.498498498   -0.507658072   -0.507658072   -0.507658072
   13.513513514   -0.503021235   -0.503021235   -0.503021235
   13.528528529   -0.498751122   -0.498751122   -0.498751122
   13.543543544   -0.495206741   -0.495206741   -0.495206741
   13.558558559   -0.491958280   -0.491958280   -0.491958280
   13.573573574   -0.488405732   -0.488405732   -0.488405732
   13.588588589   -0.484594712   -0.484594712   -0.484594712
   13.603603604   -0.481531712   -0.481531712   -0.481531712
   13.618618619   -0.479723564   -0.479723564   -0.479723564
   13.633633634   -0.478212941   -0.478212941   -0.478212941
   13.648648649   -0.475664517   -0.475664517   -0.475664517
   13.663663664   -0.472083578   -0.472083578   -0.472083578
   13.678678679   -0.468398549   -0.468398549   -0.468398549
   13.693693694   -0.465161128   -0.465161128   -0.465161128
   13.708708709   -0.461927179   -0.461927179   -0.461927179
   13.723723724   -0.457762895   -0.457762895   -0.457762895
   13.738738739   -0.452841770   -0.452841770   -0.452841770
   13.753753754   -0.448423310   -0.448423310   -0.448423310
   13.768768769   -0.445027613   -0.445027613   -0.445027613
   13.783783784   -0.441514948   -0.441514948   -0.441514948
   13.798798799   -0.436524907   -0.436524907   -0.436524907
   13.813813814   -0.430882092   -0.430882092   -0.430882092
   13.828828829   -0.426332900   -0.426332900   -0.426332900
   13.843843844   -0.422455074   -0.422455074   -0.422455074
   13.858858859   -0.417685991   -0.417685991   -0.417685991
   13.873873874   -0.411760632   -0.411760632   -0.411760632
   13.888888889   -0.405921020   -0.405921020   -0.405921020
   13.903903904   -0.401352382   -0.401352382   -0.401352382
   13.918918919   -0.398288628   -0.398288628   -0.398288628
   13.933933934   -0.396534834   -0.396534834   -0.396534834
   13.948948949   -0.395633801   -0.395633801   -0.395633801
   13.963963964   -0.395510011   -0.395510011   -0.395510011
   13.978978979   -0.396668330   -0.396668330   -0.396668330
   13.993993994   -0.398780489   -0.398780489   -0.398780489
   14.009009009   -0.400278051   -0.400278051   -0.400278051
   14.024024024   -0.400030642   -0.400030642   -0.400030642
   14.039039039   -0.398218928   -0.398218928   -0.398218928
   14.054054054   -0.395560768   -0.395560768   -0.395560768
   14.069069069   -0.392257287   -0.392257287   -0.392257287
   14.084084084   -0.388138745   -0.388138745   -0.388138745
   14.099099099   -0.382999013   -0.382999013   -0.382999013
   14.114114114   -0.377255240   -0.377255240   -0.377255240
   14.129129129   -0.372400269   -0.372400269   -0.372400269
   14.144144144   -0.369550958   -0.369550959   -0.369550958
   14.159159159   -0.368086092   -0.368086092   -0.368086092
   14.174174174   -0.366549358   -0.366549358   -0.366549358
   14.189189189   -0.364295674   -0.364295674   -0.364295674
   14.204204204   -0.361912003   -0.361912003   -0.361912003
   14.219219219   -0.359931043   -0.359931044   -0.359931043
   14.234234234   -0.357915706   -0.357915706   -0.357915706
   14.249249249   -0.355181812   -0.355181812   -0.355181812
   14.264264264   -0.351675960   -0.351675960   -0.351675960
   14.279279279   -0.347662664   -0.347662664   -0.347662664
   14.294294294   -0.343601389   -0.343601389   -0.343601389
   14.309309309   -0.339616722   -0.339616722   -0.339616722
   14.324324324   -0.335678479   -0.335678480   -0.335678479
   14.339339339   -0.331986561   -0.331986561   -0.331986561
   14.354354354   -0.328762256   -0.328762256   -0.328762256
   14.369369369   -0.325514957   -0.325514957   -0.325514957
   14.384384384   -0.321511893   -0.321511893   -0.321511893
   14.399399399   -0.317138173   -0.317138173   -0.317138173
   14.414414414   -0.313615008   -0.313615008   -0.313615008
   14.429429429   -0.311238870   -0.311238871   -0.311238870
   14.444444444   -0.308622363   -0.308622363   -0.308622363
   14.459459459   -0.304300209   -0.304300209   -0.304300209
   14.474474474   -0.298715225   -0.298715225   -0.298715225
   14.489489489   -0.292964520   -0.292964520   -0.292964520
   14.504504505   -0.287127824   -0.287127824   -0.287127824
   14.519519520   -0.280879322   -0.280879322   -0.280879322
   14.534534535   -0.274462647   -0.274462647   -0.274462647
   14.549549550   -0.268324289   -0.268324289   -0.268324289
   14.564564565   -0.262474788   -0.262474788   -0.262474788
   14.579579580   -0.256931218   -0.256931218   -0.256931218
   14.594594595   -0.252193865   -0.252193865   -0.252193865
   14.609609610   -0.248756833   -0.248756833   -0.248756833
   14.624624625   -0.246346542   -0.246346542   -0.246346542
   14.639639640   -0.244366925   -0.244366925   -0.244366925
   14.654654655   -0.243068373   -0.243068373   -0.243068373
   14.669669670   -0.242906710   -0.242906710   -0.242906710
   14.684684685   -0.243229564   -0.243229564   -0.243229564
   14.699699700   -0.242557606   -0.242557606   -0.242557606
   14.714714715   -0.240195785   -0.240195785   -0.240195785
   14.729729730   -0.236390804   -0.236390804   -0.236390804
   14.744744745   -0.231353388   -0.231353388   -0.231353388
   14.759759760   -0.225398599   -0.225398599   -0.225398599
   14.774774775   -0.219286616   -0.219286616   -0.219286616
   14.789789790   -0.213620039   -0.213620039   -0.213620039
   14.804804805   -0.208719538   -0.208719538   -0.208719538
   14.819819820   -0.204910781   -0.204910781   -0.204910781
   14.834834835   -0.202285874   -0.202285874   -0.202285874
   14.849849850   -0.200567795   -0.200567795   -0.200567795
   14.864864865   -0.199397177   -0.199397177   -0.199397177
   14.879879880   -0.198330890   -0.198330890   -0.198330890
   14.894894895   -0.196828194   -0.196828195   -0.196828194
   14.909909910   -0.194278664   -0.194278665   -0.194278664
   14.924924925   -0.190207259   -0.190207259   -0.190207259
   14.939939940   -0.184896156   -0.184896156   -0.184896156
   14.954954955   -0.179587478   -0.179587478   -0.179587478
   14.969969970   -0.175491931   -0.175491931   -0.175491931
   14.984984985   -0.172748959   -0.172748959   -0.172748959
   15.000000000   -0.170597134   -0.170597134   -0.170597134
