# energy grid [eV]     ieps_x  ieps_y  ieps_z
#
    0.000000000   10.107524873   10.107524873   10.107524873
    0.015015015   10.106643250   10.106643250   10.106643250
    0.030030030   10.105117608   10.105117608   10.105117608
    0.045045045   10.103272751   10.103272751   10.103272751
    0.060060060   10.101113334   10.101113334   10.101113334
    0.075075075   10.098640247   10.098640247   10.098640247
    0.090090090   10.095854488   10.095854488   10.095854488
    0.105105105   10.092757180   10.092757180   10.092757180
    0.120120120   10.089349562   10.089349562   10.089349562
    0.135135135   10.085632993   10.085632993   10.085632993
    0.150150150   10.081608946   10.081608946   10.081608946
    0.165165165   10.077279008   10.077279008   10.077279008
    0.180180180   10.072644874   10.072644874   10.072644874
    0.195195195   10.067708347   10.067708347   10.067708347
    0.210210210   10.062471336   10.062471336   10.062471336
    0.225225225   10.056935847   10.056935847   10.056935847
    0.240240240   10.051103987   10.051103987   10.051103987
    0.255255255   10.044977956   10.044977956   10.044977956
    0.270270270   10.038560043   10.038560043   10.038560043
    0.285285285   10.031852628   10.031852628   10.031852628
    0.300300300   10.024858173   10.024858173   10.024858173
    0.315315315   10.017579218   10.017579218   10.017579218
    0.330330330   10.010018383   10.010018383   10.010018383
    0.345345345   10.002178359   10.002178359   10.002178359
    0.360360360    9.994061907    9.994061907    9.994061907
    0.375375375    9.985671851    9.985671851    9.985671851
    0.390390390    9.977011079    9.977011079    9.977011079
    0.405405405    9.968082537    9.968082537    9.968082537
    0.420420420    9.958889225    9.958889225    9.958889225
    0.435435435    9.949434192    9.949434193    9.949434193
    0.450450450    9.939720538    9.939720538    9.939720538
    0.465465465    9.929751402    9.929751402    9.929751402
    0.480480480    9.919529966    9.919529966    9.919529966
    0.495495495    9.909059450    9.909059450    9.909059450
    0.510510511    9.898343105    9.898343105    9.898343105
    0.525525526    9.887384214    9.887384214    9.887384214
    0.540540541    9.876186085    9.876186085    9.876186085
    0.555555556    9.864752052    9.864752052    9.864752052
    0.570570571    9.853085471    9.853085471    9.853085471
    0.585585586    9.841189713    9.841189713    9.841189713
    0.600600601    9.829068167    9.829068167    9.829068167
    0.615615616    9.816724234    9.816724234    9.816724234
    0.630630631    9.804161325    9.804161325    9.804161325
    0.645645646    9.791382859    9.791382859    9.791382859
    0.660660661    9.778392258    9.778392258    9.778392258
    0.675675676    9.765192950    9.765192950    9.765192950
    0.690690691    9.751788362    9.751788362    9.751788362
    0.705705706    9.738181920    9.738181920    9.738181920
    0.720720721    9.724377046    9.724377046    9.724377046
    0.735735736    9.710377157    9.710377157    9.710377157
    0.750750751    9.696185662    9.696185662    9.696185662
    0.765765766    9.681805962    9.681805962    9.681805962
    0.780780781    9.667241446    9.667241446    9.667241446
    0.795795796    9.652495493    9.652495493    9.652495493
    0.810810811    9.637571465    9.637571465    9.637571465
    0.825825826    9.622472712    9.622472712    9.622472712
    0.840840841    9.607202565    9.607202565    9.607202565
    0.855855856    9.591764340    9.591764340    9.591764340
    0.870870871    9.576161331    9.576161331    9.576161331
    0.885885886    9.560396814    9.560396814    9.560396814
    0.900900901    9.544474044    9.544474044    9.544474044
    0.915915916    9.528396253    9.528396253    9.528396253
    0.930930931    9.512166651    9.512166651    9.512166651
    0.945945946    9.495788423    9.495788423    9.495788423
    0.960960961    9.479264730    9.479264730    9.479264730
    0.975975976    9.462598710    9.462598710    9.462598710
    0.990990991    9.445793472    9.445793472    9.445793472
    1.006006006    9.428852100    9.428852100    9.428852100
    1.021021021    9.411777650    9.411777650    9.411777650
    1.036036036    9.394573151    9.394573151    9.394573151
    1.051051051    9.377241606    9.377241606    9.377241606
    1.066066066    9.359785985    9.359785985    9.359785985
    1.081081081    9.342209233    9.342209233    9.342209233
    1.096096096    9.324514265    9.324514265    9.324514265
    1.111111111    9.306703964    9.306703964    9.306703964
    1.126126126    9.288781187    9.288781187    9.288781187
    1.141141141    9.270748758    9.270748758    9.270748758
    1.156156156    9.252609473    9.252609473    9.252609473
    1.171171171    9.234366095    9.234366095    9.234366095
    1.186186186    9.216021359    9.216021359    9.216021359
    1.201201201    9.197577967    9.197577967    9.197577967
    1.216216216    9.179038593    9.179038593    9.179038593
    1.231231231    9.160405877    9.160405877    9.160405877
    1.246246246    9.141682430    9.141682430    9.141682430
    1.261261261    9.122870831    9.122870831    9.122870831
    1.276276276    9.103973630    9.103973630    9.103973630
    1.291291291    9.084993344    9.084993344    9.084993344
    1.306306306    9.065932458    9.065932458    9.065932458
    1.321321321    9.046793430    9.046793430    9.046793430
    1.336336336    9.027578684    9.027578684    9.027578684
    1.351351351    9.008290614    9.008290614    9.008290614
    1.366366366    8.988931584    8.988931584    8.988931584
    1.381381381    8.969503925    8.969503925    8.969503925
    1.396396396    8.950009941    8.950009941    8.950009941
    1.411411411    8.930451903    8.930451903    8.930451903
    1.426426426    8.910832053    8.910832053    8.910832053
    1.441441441    8.891152602    8.891152602    8.891152602
    1.456456456    8.871415732    8.871415732    8.871415732
    1.471471471    8.851623595    8.851623595    8.851623595
    1.486486486    8.831778312    8.831778312    8.831778312
    1.501501502    8.811881976    8.811881976    8.811881976
    1.516516517    8.791936651    8.791936651    8.791936651
    1.531531532    8.771944370    8.771944370    8.771944370
    1.546546547    8.751907139    8.751907139    8.751907139
    1.561561562    8.731826934    8.731826934    8.731826934
    1.576576577    8.711705704    8.711705704    8.711705704
    1.591591592    8.691545368    8.691545368    8.691545368
    1.606606607    8.671347817    8.671347817    8.671347817
    1.621621622    8.651114916    8.651114916    8.651114916
    1.636636637    8.630848500    8.630848500    8.630848500
    1.651651652    8.610550378    8.610550378    8.610550378
    1.666666667    8.590222331    8.590222331    8.590222331
    1.681681682    8.569866114    8.569866114    8.569866114
    1.696696697    8.549483454    8.549483454    8.549483454
    1.711711712    8.529076053    8.529076053    8.529076053
    1.726726727    8.508645585    8.508645585    8.508645585
    1.741741742    8.488193700    8.488193700    8.488193700
    1.756756757    8.467722019    8.467722019    8.467722019
    1.771771772    8.447232141    8.447232141    8.447232141
    1.786786787    8.426725638    8.426725638    8.426725638
    1.801801802    8.406204056    8.406204056    8.406204056
    1.816816817    8.385668918    8.385668918    8.385668918
    1.831831832    8.365121721    8.365121721    8.365121721
    1.846846847    8.344563938    8.344563938    8.344563938
    1.861861862    8.323997020    8.323997020    8.323997020
    1.876876877    8.303422390    8.303422390    8.303422390
    1.891891892    8.282841451    8.282841451    8.282841451
    1.906906907    8.262255580    8.262255580    8.262255580
    1.921921922    8.241666134    8.241666134    8.241666134
    1.936936937    8.221074444    8.221074444    8.221074444
    1.951951952    8.200481820    8.200481820    8.200481820
    1.966966967    8.179889550    8.179889550    8.179889550
    1.981981982    8.159298898    8.159298898    8.159298898
    1.996996997    8.138711108    8.138711108    8.138711108
    2.012012012    8.118127402    8.118127402    8.118127402
    2.027027027    8.097548980    8.097548980    8.097548980
    2.042042042    8.076977021    8.076977021    8.076977021
    2.057057057    8.056412683    8.056412683    8.056412683
    2.072072072    8.035857104    8.035857104    8.035857104
    2.087087087    8.015311401    8.015311401    8.015311401
    2.102102102    7.994776671    7.994776671    7.994776671
    2.117117117    7.974253992    7.974253992    7.974253992
    2.132132132    7.953744420    7.953744420    7.953744420
    2.147147147    7.933248993    7.933248993    7.933248993
    2.162162162    7.912768731    7.912768731    7.912768731
    2.177177177    7.892304632    7.892304632    7.892304632
    2.192192192    7.871857678    7.871857678    7.871857678
    2.207207207    7.851428830    7.851428830    7.851428830
    2.222222222    7.831019034    7.831019034    7.831019034
    2.237237237    7.810629215    7.810629215    7.810629215
    2.252252252    7.790260282    7.790260282    7.790260282
    2.267267267    7.769913124    7.769913124    7.769913124
    2.282282282    7.749588615    7.749588615    7.749588615
    2.297297297    7.729287611    7.729287611    7.729287611
    2.312312312    7.709010951    7.709010951    7.709010951
    2.327327327    7.688759458    7.688759458    7.688759458
    2.342342342    7.668533937    7.668533937    7.668533937
    2.357357357    7.648335177    7.648335177    7.648335177
    2.372372372    7.628163953    7.628163953    7.628163953
    2.387387387    7.608021022    7.608021022    7.608021022
    2.402402402    7.587907126    7.587907126    7.587907126
    2.417417417    7.567822990    7.567822990    7.567822990
    2.432432432    7.547769328    7.547769328    7.547769328
    2.447447447    7.527746834    7.527746834    7.527746834
    2.462462462    7.507756191    7.507756191    7.507756191
    2.477477477    7.487798065    7.487798065    7.487798065
    2.492492492    7.467873109    7.467873109    7.467873109
    2.507507508    7.447981960    7.447981960    7.447981960
    2.522522523    7.428125244    7.428125244    7.428125244
    2.537537538    7.408303570    7.408303570    7.408303570
    2.552552553    7.388517536    7.388517536    7.388517536
    2.567567568    7.368767724    7.368767724    7.368767724
    2.582582583    7.349054704    7.349054704    7.349054704
    2.597597598    7.329379034    7.329379034    7.329379034
    2.612612613    7.309741259    7.309741259    7.309741259
    2.627627628    7.290141908    7.290141908    7.290141908
    2.642642643    7.270581502    7.270581502    7.270581502
    2.657657658    7.251060547    7.251060547    7.251060547
    2.672672673    7.231579537    7.231579537    7.231579537
    2.687687688    7.212138956    7.212138956    7.212138956
    2.702702703    7.192739274    7.192739274    7.192739274
    2.717717718    7.173380950    7.173380950    7.173380950
    2.732732733    7.154064431    7.154064431    7.154064431
    2.747747748    7.134790155    7.134790155    7.134790155
    2.762762763    7.115558547    7.115558547    7.115558547
    2.777777778    7.096370021    7.096370021    7.096370021
    2.792792793    7.077224982    7.077224982    7.077224982
    2.807807808    7.058123821    7.058123821    7.058123821
    2.822822823    7.039066922    7.039066922    7.039066922
    2.837837838    7.020054656    7.020054656    7.020054656
    2.852852853    7.001087388    7.001087388    7.001087388
    2.867867868    6.982165468    6.982165468    6.982165468
    2.882882883    6.963289238    6.963289238    6.963289238
    2.897897898    6.944459033    6.944459033    6.944459033
    2.912912913    6.925675175    6.925675175    6.925675175
    2.927927928    6.906937978    6.906937978    6.906937978
    2.942942943    6.888247747    6.888247747    6.888247747
    2.957957958    6.869604777    6.869604777    6.869604777
    2.972972973    6.851009355    6.851009355    6.851009355
    2.987987988    6.832461759    6.832461759    6.832461759
    3.003003003    6.813962259    6.813962259    6.813962259
    3.018018018    6.795511115    6.795511115    6.795511115
    3.033033033    6.777108579    6.777108579    6.777108579
    3.048048048    6.758754896    6.758754896    6.758754896
    3.063063063    6.740450302    6.740450302    6.740450302
    3.078078078    6.722195025    6.722195025    6.722195025
    3.093093093    6.703989284    6.703989284    6.703989284
    3.108108108    6.685833294    6.685833294    6.685833294
    3.123123123    6.667727258    6.667727258    6.667727258
    3.138138138    6.649671375    6.649671375    6.649671375
    3.153153153    6.631665834    6.631665834    6.631665834
    3.168168168    6.613710818    6.613710818    6.613710818
    3.183183183    6.595806504    6.595806504    6.595806504
    3.198198198    6.577953059    6.577953059    6.577953059
    3.213213213    6.560150647    6.560150647    6.560150647
    3.228228228    6.542399423    6.542399423    6.542399423
    3.243243243    6.524699535    6.524699535    6.524699535
    3.258258258    6.507051125    6.507051125    6.507051125
    3.273273273    6.489454329    6.489454329    6.489454329
    3.288288288    6.471909277    6.471909277    6.471909277
    3.303303303    6.454416092    6.454416092    6.454416092
    3.318318318    6.436974892    6.436974892    6.436974892
    3.333333333    6.419585786    6.419585786    6.419585786
    3.348348348    6.402248882    6.402248882    6.402248882
    3.363363363    6.384964279    6.384964279    6.384964279
    3.378378378    6.367732070    6.367732070    6.367732070
    3.393393393    6.350552344    6.350552344    6.350552344
    3.408408408    6.333425183    6.333425183    6.333425183
    3.423423423    6.316350667    6.316350667    6.316350667
    3.438438438    6.299328866    6.299328866    6.299328866
    3.453453453    6.282359849    6.282359849    6.282359849
    3.468468468    6.265443676    6.265443676    6.265443676
    3.483483483    6.248580406    6.248580406    6.248580406
    3.498498498    6.231770090    6.231770090    6.231770090
    3.513513514    6.215012776    6.215012776    6.215012776
    3.528528529    6.198308507    6.198308507    6.198308507
    3.543543544    6.181657320    6.181657320    6.181657320
    3.558558559    6.165059249    6.165059249    6.165059249
    3.573573574    6.148514323    6.148514323    6.148514323
    3.588588589    6.132022566    6.132022566    6.132022566
    3.603603604    6.115584000    6.115584000    6.115584000
    3.618618619    6.099198640    6.099198640    6.099198640
    3.633633634    6.082866498    6.082866498    6.082866498
    3.648648649    6.066587583    6.066587583    6.066587583
    3.663663664    6.050361897    6.050361897    6.050361897
    3.678678679    6.034189442    6.034189442    6.034189442
    3.693693694    6.018070213    6.018070213    6.018070213
    3.708708709    6.002004203    6.002004203    6.002004203
    3.723723724    5.985991401    5.985991401    5.985991401
    3.738738739    5.970031792    5.970031792    5.970031792
    3.753753754    5.954125357    5.954125357    5.954125357
    3.768768769    5.938272075    5.938272075    5.938272075
    3.783783784    5.922471921    5.922471921    5.922471921
    3.798798799    5.906724865    5.906724865    5.906724865
    3.813813814    5.891030877    5.891030877    5.891030877
    3.828828829    5.875389921    5.875389921    5.875389921
    3.843843844    5.859801960    5.859801960    5.859801960
    3.858858859    5.844266951    5.844266951    5.844266951
    3.873873874    5.828784851    5.828784851    5.828784851
    3.888888889    5.813355612    5.813355612    5.813355612
    3.903903904    5.797979185    5.797979185    5.797979185
    3.918918919    5.782655516    5.782655516    5.782655516
    3.933933934    5.767384551    5.767384551    5.767384551
    3.948948949    5.752166230    5.752166230    5.752166230
    3.963963964    5.737000493    5.737000493    5.737000493
    3.978978979    5.721887277    5.721887277    5.721887277
    3.993993994    5.706826514    5.706826514    5.706826514
    4.009009009    5.691818137    5.691818137    5.691818137
    4.024024024    5.676862074    5.676862074    5.676862074
    4.039039039    5.661958252    5.661958252    5.661958252
    4.054054054    5.647106596    5.647106596    5.647106596
    4.069069069    5.632307027    5.632307027    5.632307027
    4.084084084    5.617559465    5.617559465    5.617559465
    4.099099099    5.602863828    5.602863828    5.602863828
    4.114114114    5.588220031    5.588220031    5.588220031
    4.129129129    5.573627988    5.573627988    5.573627988
    4.144144144    5.559087611    5.559087611    5.559087611
    4.159159159    5.544598808    5.544598808    5.544598808
    4.174174174    5.530161487    5.530161487    5.530161487
    4.189189189    5.515775553    5.515775553    5.515775553
    4.204204204    5.501440911    5.501440911    5.501440911
    4.219219219    5.487157463    5.487157463    5.487157463
    4.234234234    5.472925108    5.472925108    5.472925108
    4.249249249    5.458743746    5.458743746    5.458743746
    4.264264264    5.444613272    5.444613272    5.444613272
    4.279279279    5.430533582    5.430533582    5.430533582
    4.294294294    5.416504571    5.416504571    5.416504571
    4.309309309    5.402526129    5.402526129    5.402526129
    4.324324324    5.388598147    5.388598147    5.388598147
    4.339339339    5.374720515    5.374720515    5.374720515
    4.354354354    5.360893120    5.360893120    5.360893120
    4.369369369    5.347115849    5.347115849    5.347115849
    4.384384384    5.333388585    5.333388585    5.333388585
    4.399399399    5.319711214    5.319711214    5.319711214
    4.414414414    5.306083616    5.306083616    5.306083616
    4.429429429    5.292505674    5.292505674    5.292505674
    4.444444444    5.278977266    5.278977266    5.278977266
    4.459459459    5.265498272    5.265498272    5.265498272
    4.474474474    5.252068568    5.252068568    5.252068568
    4.489489489    5.238688032    5.238688032    5.238688032
    4.504504505    5.225356538    5.225356538    5.225356538
    4.519519520    5.212073961    5.212073961    5.212073961
    4.534534535    5.198840173    5.198840173    5.198840173
    4.549549550    5.185655047    5.185655047    5.185655047
    4.564564565    5.172518455    5.172518455    5.172518455
    4.579579580    5.159430265    5.159430265    5.159430265
    4.594594595    5.146390349    5.146390349    5.146390349
    4.609609610    5.133398573    5.133398573    5.133398573
    4.624624625    5.120454807    5.120454807    5.120454807
    4.639639640    5.107558915    5.107558915    5.107558915
    4.654654655    5.094710765    5.094710765    5.094710765
    4.669669670    5.081910222    5.081910222    5.081910222
    4.684684685    5.069157150    5.069157150    5.069157150
    4.699699700    5.056451413    5.056451413    5.056451413
    4.714714715    5.043792874    5.043792874    5.043792874
    4.729729730    5.031181396    5.031181396    5.031181396
    4.744744745    5.018616839    5.018616839    5.018616839
    4.759759760    5.006099065    5.006099065    5.006099065
    4.774774775    4.993627935    4.993627935    4.993627935
    4.789789790    4.981203309    4.981203309    4.981203309
    4.804804805    4.968825046    4.968825046    4.968825046
    4.819819820    4.956493004    4.956493004    4.956493004
    4.834834835    4.944207043    4.944207043    4.944207043
    4.849849850    4.931967020    4.931967020    4.931967020
    4.864864865    4.919772792    4.919772792    4.919772792
    4.879879880    4.907624217    4.907624217    4.907624217
    4.894894895    4.895521150    4.895521150    4.895521150
    4.909909910    4.883463448    4.883463448    4.883463448
    4.924924925    4.871450967    4.871450967    4.871450967
    4.939939940    4.859483562    4.859483562    4.859483562
    4.954954955    4.847561088    4.847561088    4.847561088
    4.969969970    4.835683400    4.835683400    4.835683400
    4.984984985    4.823850351    4.823850351    4.823850351
    5.000000000    4.812061797    4.812061797    4.812061797
    5.015015015    4.800317590    4.800317590    4.800317590
    5.030030030    4.788617585    4.788617585    4.788617585
    5.045045045    4.776961635    4.776961635    4.776961635
    5.060060060    4.765349592    4.765349592    4.765349592
    5.075075075    4.753781309    4.753781309    4.753781309
    5.090090090    4.742256640    4.742256640    4.742256640
    5.105105105    4.730775436    4.730775436    4.730775436
    5.120120120    4.719337551    4.719337551    4.719337551
    5.135135135    4.707942835    4.707942835    4.707942835
    5.150150150    4.696591141    4.696591141    4.696591141
    5.165165165    4.685282321    4.685282321    4.685282321
    5.180180180    4.674016227    4.674016227    4.674016227
    5.195195195    4.662792710    4.662792710    4.662792710
    5.210210210    4.651611622    4.651611622    4.651611622
    5.225225225    4.640472814    4.640472814    4.640472814
    5.240240240    4.629376139    4.629376139    4.629376139
    5.255255255    4.618321447    4.618321447    4.618321447
    5.270270270    4.607308589    4.607308589    4.607308589
    5.285285285    4.596337418    4.596337418    4.596337418
    5.300300300    4.585407785    4.585407785    4.585407785
    5.315315315    4.574519540    4.574519540    4.574519540
    5.330330330    4.563672536    4.563672536    4.563672536
    5.345345345    4.552866624    4.552866624    4.552866624
    5.360360360    4.542101655    4.542101655    4.542101655
    5.375375375    4.531377481    4.531377481    4.531377481
    5.390390390    4.520693953    4.520693953    4.520693953
    5.405405405    4.510050924    4.510050924    4.510050924
    5.420420420    4.499448244    4.499448245    4.499448245
    5.435435435    4.488885767    4.488885767    4.488885767
    5.450450450    4.478363343    4.478363343    4.478363343
    5.465465465    4.467880825    4.467880825    4.467880825
    5.480480480    4.457438065    4.457438065    4.457438065
    5.495495495    4.447034915    4.447034915    4.447034915
    5.510510511    4.436671228    4.436671228    4.436671228
    5.525525526    4.426346856    4.426346856    4.426346856
    5.540540541    4.416061653    4.416061653    4.416061653
    5.555555556    4.405815471    4.405815471    4.405815471
    5.570570571    4.395608162    4.395608162    4.395608162
    5.585585586    4.385439582    4.385439582    4.385439582
    5.600600601    4.375309582    4.375309582    4.375309582
    5.615615616    4.365218017    4.365218017    4.365218017
    5.630630631    4.355164741    4.355164741    4.355164741
    5.645645646    4.345149607    4.345149607    4.345149607
    5.660660661    4.335172470    4.335172470    4.335172470
    5.675675676    4.325233184    4.325233184    4.325233184
    5.690690691    4.315331605    4.315331605    4.315331605
    5.705705706    4.305467587    4.305467587    4.305467587
    5.720720721    4.295640986    4.295640986    4.295640986
    5.735735736    4.285851656    4.285851656    4.285851656
    5.750750751    4.276099455    4.276099455    4.276099455
    5.765765766    4.266384237    4.266384237    4.266384237
    5.780780781    4.256705859    4.256705859    4.256705859
    5.795795796    4.247064178    4.247064178    4.247064178
    5.810810811    4.237459051    4.237459051    4.237459051
    5.825825826    4.227890334    4.227890334    4.227890334
    5.840840841    4.218357885    4.218357885    4.218357885
    5.855855856    4.208861563    4.208861563    4.208861563
    5.870870871    4.199401224    4.199401224    4.199401224
    5.885885886    4.189976728    4.189976728    4.189976728
    5.900900901    4.180587932    4.180587932    4.180587932
    5.915915916    4.171234696    4.171234696    4.171234696
    5.930930931    4.161916880    4.161916880    4.161916880
    5.945945946    4.152634342    4.152634342    4.152634342
    5.960960961    4.143386944    4.143386944    4.143386944
    5.975975976    4.134174544    4.134174544    4.134174544
    5.990990991    4.124997004    4.124997004    4.124997004
    6.006006006    4.115854185    4.115854185    4.115854185
    6.021021021    4.106745948    4.106745948    4.106745948
    6.036036036    4.097672155    4.097672155    4.097672155
    6.051051051    4.088632667    4.088632667    4.088632667
    6.066066066    4.079627348    4.079627348    4.079627348
    6.081081081    4.070656059    4.070656059    4.070656059
    6.096096096    4.061718664    4.061718664    4.061718664
    6.111111111    4.052815027    4.052815027    4.052815027
    6.126126126    4.043945012    4.043945012    4.043945012
    6.141141141    4.035108481    4.035108481    4.035108481
    6.156156156    4.026305301    4.026305301    4.026305301
    6.171171171    4.017535337    4.017535337    4.017535337
    6.186186186    4.008798452    4.008798452    4.008798452
    6.201201201    4.000094514    4.000094514    4.000094514
    6.216216216    3.991423389    3.991423389    3.991423389
    6.231231231    3.982784942    3.982784942    3.982784942
    6.246246246    3.974179041    3.974179041    3.974179041
    6.261261261    3.965605554    3.965605554    3.965605554
    6.276276276    3.957064347    3.957064347    3.957064347
    6.291291291    3.948555290    3.948555290    3.948555290
    6.306306306    3.940078250    3.940078250    3.940078250
    6.321321321    3.931633097    3.931633097    3.931633097
    6.336336336    3.923219699    3.923219699    3.923219699
    6.351351351    3.914837927    3.914837927    3.914837927
    6.366366366    3.906487651    3.906487651    3.906487651
    6.381381381    3.898168741    3.898168741    3.898168741
    6.396396396    3.889881068    3.889881068    3.889881068
    6.411411411    3.881624504    3.881624504    3.881624504
    6.426426426    3.873398921    3.873398921    3.873398921
    6.441441441    3.865204190    3.865204190    3.865204190
    6.456456456    3.857040185    3.857040185    3.857040185
    6.471471471    3.848906778    3.848906778    3.848906778
    6.486486486    3.840803843    3.840803843    3.840803843
    6.501501502    3.832731253    3.832731253    3.832731253
    6.516516517    3.824688884    3.824688884    3.824688884
    6.531531532    3.816676610    3.816676610    3.816676610
    6.546546547    3.808694306    3.808694306    3.808694306
    6.561561562    3.800741848    3.800741848    3.800741848
    6.576576577    3.792819112    3.792819112    3.792819112
    6.591591592    3.784925973    3.784925973    3.784925973
    6.606606607    3.777062310    3.777062310    3.777062310
    6.621621622    3.769228000    3.769228000    3.769228000
    6.636636637    3.761422919    3.761422919    3.761422919
    6.651651652    3.753646948    3.753646948    3.753646948
    6.666666667    3.745899963    3.745899963    3.745899963
    6.681681682    3.738181844    3.738181844    3.738181844
    6.696696697    3.730492471    3.730492471    3.730492471
    6.711711712    3.722831724    3.722831724    3.722831724
    6.726726727    3.715199483    3.715199483    3.715199483
    6.741741742    3.707595628    3.707595628    3.707595628
    6.756756757    3.700020042    3.700020042    3.700020042
    6.771771772    3.692472605    3.692472605    3.692472605
    6.786786787    3.684953200    3.684953200    3.684953200
    6.801801802    3.677461709    3.677461709    3.677461709
    6.816816817    3.669998016    3.669998016    3.669998016
    6.831831832    3.662562004    3.662562004    3.662562004
    6.846846847    3.655153556    3.655153556    3.655153556
    6.861861862    3.647772557    3.647772557    3.647772557
    6.876876877    3.640418892    3.640418892    3.640418892
    6.891891892    3.633092445    3.633092445    3.633092445
    6.906906907    3.625793103    3.625793103    3.625793103
    6.921921922    3.618520752    3.618520752    3.618520752
    6.936936937    3.611275277    3.611275277    3.611275277
    6.951951952    3.604056567    3.604056567    3.604056567
    6.966966967    3.596864507    3.596864507    3.596864507
    6.981981982    3.589698987    3.589698987    3.589698987
    6.996996997    3.582559894    3.582559894    3.582559894
    7.012012012    3.575447117    3.575447117    3.575447117
    7.027027027    3.568360545    3.568360545    3.568360545
    7.042042042    3.561300067    3.561300067    3.561300067
    7.057057057    3.554265574    3.554265574    3.554265574
    7.072072072    3.547256956    3.547256956    3.547256956
    7.087087087    3.540274104    3.540274104    3.540274104
    7.102102102    3.533316908    3.533316908    3.533316908
    7.117117117    3.526385262    3.526385262    3.526385262
    7.132132132    3.519479056    3.519479056    3.519479056
    7.147147147    3.512598183    3.512598183    3.512598183
    7.162162162    3.505742537    3.505742537    3.505742537
    7.177177177    3.498912011    3.498912011    3.498912011
    7.192192192    3.492106499    3.492106499    3.492106499
    7.207207207    3.485325894    3.485325894    3.485325894
    7.222222222    3.478570092    3.478570092    3.478570092
    7.237237237    3.471838988    3.471838988    3.471838988
    7.252252252    3.465132478    3.465132478    3.465132478
    7.267267267    3.458450456    3.458450456    3.458450456
    7.282282282    3.451792821    3.451792821    3.451792821
    7.297297297    3.445159468    3.445159468    3.445159468
    7.312312312    3.438550295    3.438550295    3.438550295
    7.327327327    3.431965200    3.431965200    3.431965200
    7.342342342    3.425404080    3.425404080    3.425404080
    7.357357357    3.418866835    3.418866835    3.418866835
    7.372372372    3.412353362    3.412353362    3.412353362
    7.387387387    3.405863563    3.405863563    3.405863563
    7.402402402    3.399397336    3.399397336    3.399397336
    7.417417417    3.392954581    3.392954581    3.392954581
    7.432432432    3.386535199    3.386535199    3.386535199
    7.447447447    3.380139092    3.380139092    3.380139092
    7.462462462    3.373766161    3.373766161    3.373766161
    7.477477477    3.367416307    3.367416307    3.367416307
    7.492492492    3.361089433    3.361089433    3.361089433
    7.507507508    3.354785442    3.354785442    3.354785442
    7.522522523    3.348504236    3.348504236    3.348504236
    7.537537538    3.342245720    3.342245720    3.342245720
    7.552552553    3.336009796    3.336009796    3.336009796
    7.567567568    3.329796371    3.329796371    3.329796371
    7.582582583    3.323605347    3.323605347    3.323605347
    7.597597598    3.317436631    3.317436631    3.317436631
    7.612612613    3.311290128    3.311290128    3.311290128
    7.627627628    3.305165744    3.305165744    3.305165744
    7.642642643    3.299063385    3.299063385    3.299063385
    7.657657658    3.292982959    3.292982959    3.292982959
    7.672672673    3.286924371    3.286924371    3.286924371
    7.687687688    3.280887531    3.280887531    3.280887531
    7.702702703    3.274872345    3.274872345    3.274872345
    7.717717718    3.268878722    3.268878722    3.268878722
    7.732732733    3.262906571    3.262906571    3.262906571
    7.747747748    3.256955802    3.256955802    3.256955802
    7.762762763    3.251026323    3.251026323    3.251026323
    7.777777778    3.245118044    3.245118044    3.245118044
    7.792792793    3.239230877    3.239230877    3.239230877
    7.807807808    3.233364731    3.233364731    3.233364731
    7.822822823    3.227519517    3.227519517    3.227519517
    7.837837838    3.221695149    3.221695149    3.221695149
    7.852852853    3.215891536    3.215891536    3.215891536
    7.867867868    3.210108591    3.210108591    3.210108591
    7.882882883    3.204346228    3.204346228    3.204346228
    7.897897898    3.198604359    3.198604359    3.198604359
    7.912912913    3.192882897    3.192882897    3.192882897
    7.927927928    3.187181757    3.187181757    3.187181757
    7.942942943    3.181500852    3.181500852    3.181500852
    7.957957958    3.175840097    3.175840097    3.175840097
    7.972972973    3.170199407    3.170199407    3.170199407
    7.987987988    3.164578698    3.164578698    3.164578698
    8.003003003    3.158977884    3.158977884    3.158977884
    8.018018018    3.153396883    3.153396883    3.153396883
    8.033033033    3.147835610    3.147835610    3.147835610
    8.048048048    3.142293982    3.142293982    3.142293982
    8.063063063    3.136771917    3.136771917    3.136771917
    8.078078078    3.131269332    3.131269332    3.131269332
    8.093093093    3.125786145    3.125786145    3.125786145
    8.108108108    3.120322273    3.120322273    3.120322273
    8.123123123    3.114877637    3.114877637    3.114877637
    8.138138138    3.109452154    3.109452154    3.109452154
    8.153153153    3.104045745    3.104045745    3.104045745
    8.168168168    3.098658328    3.098658328    3.098658328
    8.183183183    3.093289825    3.093289825    3.093289825
    8.198198198    3.087940154    3.087940154    3.087940154
    8.213213213    3.082609238    3.082609238    3.082609238
    8.228228228    3.077296997    3.077296997    3.077296997
    8.243243243    3.072003353    3.072003353    3.072003353
    8.258258258    3.066728227    3.066728227    3.066728227
    8.273273273    3.061471542    3.061471542    3.061471542
    8.288288288    3.056233221    3.056233221    3.056233221
    8.303303303    3.051013185    3.051013185    3.051013185
    8.318318318    3.045811360    3.045811360    3.045811360
    8.333333333    3.040627667    3.040627667    3.040627667
    8.348348348    3.035462031    3.035462031    3.035462031
    8.363363363    3.030314376    3.030314376    3.030314376
    8.378378378    3.025184628    3.025184628    3.025184628
    8.393393393    3.020072710    3.020072710    3.020072710
    8.408408408    3.014978548    3.014978548    3.014978548
    8.423423423    3.009902068    3.009902068    3.009902068
    8.438438438    3.004843195    3.004843195    3.004843195
    8.453453453    2.999801857    2.999801857    2.999801857
    8.468468468    2.994777979    2.994777979    2.994777979
    8.483483483    2.989771488    2.989771488    2.989771488
    8.498498498    2.984782313    2.984782313    2.984782313
    8.513513514    2.979810380    2.979810380    2.979810380
    8.528528529    2.974855617    2.974855617    2.974855617
    8.543543544    2.969917953    2.969917953    2.969917953
    8.558558559    2.964997316    2.964997316    2.964997316
    8.573573574    2.960093636    2.960093636    2.960093636
    8.588588589    2.955206841    2.955206841    2.955206841
    8.603603604    2.950336861    2.950336861    2.950336861
    8.618618619    2.945483626    2.945483626    2.945483626
    8.633633634    2.940647066    2.940647066    2.940647066
    8.648648649    2.935827111    2.935827111    2.935827111
    8.663663664    2.931023693    2.931023693    2.931023693
    8.678678679    2.926236743    2.926236743    2.926236743
    8.693693694    2.921466191    2.921466191    2.921466191
    8.708708709    2.916711971    2.916711971    2.916711971
    8.723723724    2.911974014    2.911974014    2.911974014
    8.738738739    2.907252251    2.907252251    2.907252251
    8.753753754    2.902546617    2.902546617    2.902546617
    8.768768769    2.897857044    2.897857044    2.897857044
    8.783783784    2.893183466    2.893183466    2.893183466
    8.798798799    2.888525815    2.888525815    2.888525815
    8.813813814    2.883884026    2.883884026    2.883884026
    8.828828829    2.879258033    2.879258033    2.879258033
    8.843843844    2.874647772    2.874647772    2.874647772
    8.858858859    2.870053175    2.870053175    2.870053175
    8.873873874    2.865474179    2.865474179    2.865474179
    8.888888889    2.860910719    2.860910719    2.860910719
    8.903903904    2.856362731    2.856362731    2.856362731
    8.918918919    2.851830151    2.851830151    2.851830151
    8.933933934    2.847312915    2.847312915    2.847312915
    8.948948949    2.842810959    2.842810959    2.842810959
    8.963963964    2.838324221    2.838324221    2.838324221
    8.978978979    2.833852638    2.833852638    2.833852638
    8.993993994    2.829396146    2.829396146    2.829396146
    9.009009009    2.824954685    2.824954685    2.824954685
    9.024024024    2.820528191    2.820528191    2.820528191
    9.039039039    2.816116604    2.816116604    2.816116604
    9.054054054    2.811719862    2.811719862    2.811719862
    9.069069069    2.807337903    2.807337903    2.807337903
    9.084084084    2.802970667    2.802970667    2.802970667
    9.099099099    2.798618094    2.798618094    2.798618094
    9.114114114    2.794280122    2.794280122    2.794280122
    9.129129129    2.789956692    2.789956692    2.789956692
    9.144144144    2.785647745    2.785647745    2.785647745
    9.159159159    2.781353220    2.781353220    2.781353220
    9.174174174    2.777073059    2.777073059    2.777073059
    9.189189189    2.772807203    2.772807203    2.772807203
    9.204204204    2.768555593    2.768555593    2.768555593
    9.219219219    2.764318170    2.764318170    2.764318170
    9.234234234    2.760094877    2.760094877    2.760094877
    9.249249249    2.755885655    2.755885655    2.755885655
    9.264264264    2.751690448    2.751690448    2.751690448
    9.279279279    2.747509197    2.747509197    2.747509197
    9.294294294    2.743341846    2.743341846    2.743341846
    9.309309309    2.739188338    2.739188338    2.739188338
    9.324324324    2.735048616    2.735048616    2.735048616
    9.339339339    2.730922624    2.730922624    2.730922624
    9.354354354    2.726810307    2.726810307    2.726810307
    9.369369369    2.722711607    2.722711607    2.722711607
    9.384384384    2.718626471    2.718626471    2.718626471
    9.399399399    2.714554842    2.714554842    2.714554842
    9.414414414    2.710496666    2.710496666    2.710496666
    9.429429429    2.706451887    2.706451887    2.706451887
    9.444444444    2.702420452    2.702420452    2.702420452
    9.459459459    2.698402305    2.698402305    2.698402305
    9.474474474    2.694397394    2.694397394    2.694397394
    9.489489489    2.690405664    2.690405664    2.690405664
    9.504504505    2.686427062    2.686427062    2.686427062
    9.519519520    2.682461535    2.682461535    2.682461535
    9.534534535    2.678509029    2.678509029    2.678509029
    9.549549550    2.674569492    2.674569492    2.674569492
    9.564564565    2.670642871    2.670642871    2.670642871
    9.579579580    2.666729113    2.666729113    2.666729113
    9.594594595    2.662828168    2.662828168    2.662828168
    9.609609610    2.658939983    2.658939983    2.658939983
    9.624624625    2.655064507    2.655064507    2.655064507
    9.639639640    2.651201687    2.651201687    2.651201687
    9.654654655    2.647351474    2.647351474    2.647351474
    9.669669670    2.643513816    2.643513816    2.643513816
    9.684684685    2.639688662    2.639688662    2.639688662
    9.699699700    2.635875963    2.635875963    2.635875963
    9.714714715    2.632075667    2.632075667    2.632075667
    9.729729730    2.628287726    2.628287726    2.628287726
    9.744744745    2.624512089    2.624512089    2.624512089
    9.759759760    2.620748707    2.620748707    2.620748707
    9.774774775    2.616997530    2.616997530    2.616997530
    9.789789790    2.613258510    2.613258510    2.613258510
    9.804804805    2.609531597    2.609531597    2.609531597
    9.819819820    2.605816744    2.605816744    2.605816744
    9.834834835    2.602113901    2.602113901    2.602113901
    9.849849850    2.598423021    2.598423021    2.598423021
    9.864864865    2.594744056    2.594744056    2.594744056
    9.879879880    2.591076958    2.591076958    2.591076958
    9.894894895    2.587421679    2.587421679    2.587421679
    9.909909910    2.583778173    2.583778173    2.583778173
    9.924924925    2.580146391    2.580146391    2.580146391
    9.939939940    2.576526288    2.576526288    2.576526288
    9.954954955    2.572917817    2.572917817    2.572917817
    9.969969970    2.569320931    2.569320931    2.569320931
    9.984984985    2.565735584    2.565735584    2.565735584
   10.000000000    2.562161730    2.562161730    2.562161730
   10.015015015    2.558599323    2.558599323    2.558599323
   10.030030030    2.555048318    2.555048318    2.555048318
   10.045045045    2.551508670    2.551508670    2.551508670
   10.060060060    2.547980332    2.547980332    2.547980332
   10.075075075    2.544463261    2.544463261    2.544463261
   10.090090090    2.540957411    2.540957411    2.540957411
   10.105105105    2.537462739    2.537462739    2.537462739
   10.120120120    2.533979199    2.533979199    2.533979199
   10.135135135    2.530506747    2.530506747    2.530506747
   10.150150150    2.527045340    2.527045340    2.527045340
   10.165165165    2.523594934    2.523594934    2.523594934
   10.180180180    2.520155484    2.520155484    2.520155484
   10.195195195    2.516726949    2.516726949    2.516726949
   10.210210210    2.513309285    2.513309285    2.513309285
   10.225225225    2.509902448    2.509902448    2.509902448
   10.240240240    2.506506397    2.506506397    2.506506397
   10.255255255    2.503121088    2.503121088    2.503121088
   10.270270270    2.499746479    2.499746479    2.499746479
   10.285285285    2.496382528    2.496382528    2.496382528
   10.300300300    2.493029193    2.493029193    2.493029193
   10.315315315    2.489686432    2.489686432    2.489686432
   10.330330330    2.486354204    2.486354204    2.486354204
   10.345345345    2.483032466    2.483032466    2.483032466
   10.360360360    2.479721179    2.479721179    2.479721179
   10.375375375    2.476420301    2.476420301    2.476420301
   10.390390390    2.473129791    2.473129791    2.473129791
   10.405405405    2.469849608    2.469849608    2.469849608
   10.420420420    2.466579712    2.466579712    2.466579712
   10.435435435    2.463320062    2.463320062    2.463320062
   10.450450450    2.460070619    2.460070619    2.460070619
   10.465465465    2.456831343    2.456831343    2.456831343
   10.480480480    2.453602193    2.453602193    2.453602193
   10.495495495    2.450383130    2.450383130    2.450383130
   10.510510511    2.447174116    2.447174116    2.447174116
   10.525525526    2.443975109    2.443975109    2.443975109
   10.540540541    2.440786073    2.440786073    2.440786073
   10.555555556    2.437606967    2.437606967    2.437606967
   10.570570571    2.434437753    2.434437753    2.434437753
   10.585585586    2.431278392    2.431278392    2.431278392
   10.600600601    2.428128847    2.428128847    2.428128847
   10.615615616    2.424989078    2.424989078    2.424989078
   10.630630631    2.421859048    2.421859048    2.421859048
   10.645645646    2.418738720    2.418738720    2.418738720
   10.660660661    2.415628055    2.415628055    2.415628055
   10.675675676    2.412527016    2.412527016    2.412527016
   10.690690691    2.409435565    2.409435565    2.409435565
   10.705705706    2.406353667    2.406353667    2.406353667
   10.720720721    2.403281282    2.403281282    2.403281282
   10.735735736    2.400218375    2.400218375    2.400218375
   10.750750751    2.397164910    2.397164910    2.397164910
   10.765765766    2.394120849    2.394120849    2.394120849
   10.780780781    2.391086156    2.391086156    2.391086156
   10.795795796    2.388060795    2.388060795    2.388060795
   10.810810811    2.385044730    2.385044730    2.385044730
   10.825825826    2.382037926    2.382037926    2.382037926
   10.840840841    2.379040346    2.379040346    2.379040346
   10.855855856    2.376051955    2.376051955    2.376051955
   10.870870871    2.373072718    2.373072718    2.373072718
   10.885885886    2.370102599    2.370102599    2.370102599
   10.900900901    2.367141564    2.367141564    2.367141564
   10.915915916    2.364189577    2.364189577    2.364189577
   10.930930931    2.361246605    2.361246605    2.361246605
   10.945945946    2.358312611    2.358312611    2.358312611
   10.960960961    2.355387563    2.355387563    2.355387563
   10.975975976    2.352471425    2.352471425    2.352471425
   10.990990991    2.349564163    2.349564163    2.349564163
   11.006006006    2.346665744    2.346665744    2.346665744
   11.021021021    2.343776134    2.343776134    2.343776134
   11.036036036    2.340895298    2.340895298    2.340895298
   11.051051051    2.338023205    2.338023205    2.338023205
   11.066066066    2.335159819    2.335159819    2.335159819
   11.081081081    2.332305109    2.332305109    2.332305109
   11.096096096    2.329459040    2.329459040    2.329459040
   11.111111111    2.326621581    2.326621581    2.326621581
   11.126126126    2.323792697    2.323792697    2.323792697
   11.141141141    2.320972358    2.320972358    2.320972358
   11.156156156    2.318160529    2.318160529    2.318160529
   11.171171171    2.315357180    2.315357180    2.315357180
   11.186186186    2.312562277    2.312562277    2.312562277
   11.201201201    2.309775788    2.309775788    2.309775788
   11.216216216    2.306997682    2.306997682    2.306997682
   11.231231231    2.304227928    2.304227928    2.304227928
   11.246246246    2.301466492    2.301466492    2.301466492
   11.261261261    2.298713345    2.298713345    2.298713345
   11.276276276    2.295968453    2.295968453    2.295968453
   11.291291291    2.293231788    2.293231788    2.293231788
   11.306306306    2.290503316    2.290503316    2.290503316
   11.321321321    2.287783008    2.287783008    2.287783008
   11.336336336    2.285070832    2.285070832    2.285070832
   11.351351351    2.282366758    2.282366758    2.282366758
   11.366366366    2.279670755    2.279670755    2.279670755
   11.381381381    2.276982794    2.276982794    2.276982794
   11.396396396    2.274302843    2.274302843    2.274302843
   11.411411411    2.271630872    2.271630872    2.271630872
   11.426426426    2.268966853    2.268966853    2.268966853
   11.441441441    2.266310754    2.266310754    2.266310754
   11.456456456    2.263662546    2.263662546    2.263662546
   11.471471471    2.261022199    2.261022199    2.261022199
   11.486486486    2.258389685    2.258389685    2.258389685
   11.501501502    2.255764973    2.255764973    2.255764973
   11.516516517    2.253148035    2.253148035    2.253148035
   11.531531532    2.250538841    2.250538841    2.250538841
   11.546546547    2.247937363    2.247937363    2.247937363
   11.561561562    2.245343571    2.245343571    2.245343571
   11.576576577    2.242757437    2.242757437    2.242757437
   11.591591592    2.240178933    2.240178933    2.240178933
   11.606606607    2.237608030    2.237608030    2.237608030
   11.621621622    2.235044699    2.235044699    2.235044699
   11.636636637    2.232488913    2.232488913    2.232488913
   11.651651652    2.229940643    2.229940643    2.229940643
   11.666666667    2.227399861    2.227399861    2.227399861
   11.681681682    2.224866541    2.224866541    2.224866541
   11.696696697    2.222340653    2.222340653    2.222340653
   11.711711712    2.219822170    2.219822170    2.219822170
   11.726726727    2.217311066    2.217311066    2.217311066
   11.741741742    2.214807312    2.214807312    2.214807312
   11.756756757    2.212310881    2.212310881    2.212310881
   11.771771772    2.209821747    2.209821747    2.209821747
   11.786786787    2.207339882    2.207339882    2.207339882
   11.801801802    2.204865259    2.204865259    2.204865259
   11.816816817    2.202397852    2.202397852    2.202397852
   11.831831832    2.199937634    2.199937634    2.199937634
   11.846846847    2.197484579    2.197484579    2.197484579
   11.861861862    2.195038659    2.195038659    2.195038659
   11.876876877    2.192599850    2.192599850    2.192599850
   11.891891892    2.190168124    2.190168124    2.190168124
   11.906906907    2.187743456    2.187743456    2.187743456
   11.921921922    2.185325819    2.185325819    2.185325819
   11.936936937    2.182915189    2.182915189    2.182915189
   11.951951952    2.180511538    2.180511538    2.180511538
   11.966966967    2.178114842    2.178114842    2.178114842
   11.981981982    2.175725075    2.175725075    2.175725075
   11.996996997    2.173342212    2.173342212    2.173342212
   12.012012012    2.170966227    2.170966227    2.170966227
   12.027027027    2.168597095    2.168597095    2.168597095
   12.042042042    2.166234792    2.166234792    2.166234792
   12.057057057    2.163879291    2.163879291    2.163879291
   12.072072072    2.161530569    2.161530569    2.161530569
   12.087087087    2.159188601    2.159188601    2.159188601
   12.102102102    2.156853362    2.156853362    2.156853362
   12.117117117    2.154524827    2.154524827    2.154524827
   12.132132132    2.152202972    2.152202972    2.152202972
   12.147147147    2.149887773    2.149887773    2.149887773
   12.162162162    2.147579205    2.147579205    2.147579205
   12.177177177    2.145277245    2.145277245    2.145277245
   12.192192192    2.142981869    2.142981869    2.142981869
   12.207207207    2.140693052    2.140693052    2.140693052
   12.222222222    2.138410770    2.138410770    2.138410770
   12.237237237    2.136135001    2.136135001    2.136135001
   12.252252252    2.133865720    2.133865720    2.133865720
   12.267267267    2.131602905    2.131602905    2.131602905
   12.282282282    2.129346531    2.129346531    2.129346531
   12.297297297    2.127096575    2.127096575    2.127096575
   12.312312312    2.124853015    2.124853015    2.124853015
   12.327327327    2.122615826    2.122615826    2.122615826
   12.342342342    2.120384987    2.120384987    2.120384987
   12.357357357    2.118160474    2.118160474    2.118160474
   12.372372372    2.115942264    2.115942264    2.115942264
   12.387387387    2.113730335    2.113730335    2.113730335
   12.402402402    2.111524664    2.111524664    2.111524664
   12.417417417    2.109325229    2.109325229    2.109325229
   12.432432432    2.107132006    2.107132006    2.107132006
   12.447447447    2.104944975    2.104944975    2.104944975
   12.462462462    2.102764113    2.102764113    2.102764113
   12.477477477    2.100589397    2.100589397    2.100589397
   12.492492492    2.098420806    2.098420806    2.098420806
   12.507507508    2.096258317    2.096258317    2.096258317
   12.522522523    2.094101909    2.094101909    2.094101909
   12.537537538    2.091951560    2.091951560    2.091951560
   12.552552553    2.089807248    2.089807248    2.089807248
   12.567567568    2.087668953    2.087668953    2.087668953
   12.582582583    2.085536651    2.085536651    2.085536651
   12.597597598    2.083410323    2.083410323    2.083410323
   12.612612613    2.081289946    2.081289946    2.081289946
   12.627627628    2.079175500    2.079175500    2.079175500
   12.642642643    2.077066963    2.077066963    2.077066963
   12.657657658    2.074964315    2.074964315    2.074964315
   12.672672673    2.072867534    2.072867534    2.072867534
   12.687687688    2.070776600    2.070776600    2.070776600
   12.702702703    2.068691491    2.068691491    2.068691491
   12.717717718    2.066612188    2.066612188    2.066612188
   12.732732733    2.064538669    2.064538669    2.064538669
   12.747747748    2.062470914    2.062470914    2.062470914
   12.762762763    2.060408903    2.060408903    2.060408903
   12.777777778    2.058352616    2.058352616    2.058352616
   12.792792793    2.056302031    2.056302031    2.056302031
   12.807807808    2.054257130    2.054257130    2.054257130
   12.822822823    2.052217892    2.052217892    2.052217892
   12.837837838    2.050184296    2.050184296    2.050184296
   12.852852853    2.048156324    2.048156324    2.048156324
   12.867867868    2.046133955    2.046133955    2.046133955
   12.882882883    2.044117169    2.044117169    2.044117169
   12.897897898    2.042105947    2.042105947    2.042105947
   12.912912913    2.040100270    2.040100270    2.040100270
   12.927927928    2.038100117    2.038100117    2.038100117
   12.942942943    2.036105470    2.036105470    2.036105470
   12.957957958    2.034116309    2.034116309    2.034116309
   12.972972973    2.032132615    2.032132615    2.032132615
   12.987987988    2.030154369    2.030154369    2.030154369
   13.003003003    2.028181551    2.028181551    2.028181551
   13.018018018    2.026214143    2.026214143    2.026214143
   13.033033033    2.024252125    2.024252125    2.024252125
   13.048048048    2.022295480    2.022295480    2.022295480
   13.063063063    2.020344188    2.020344188    2.020344188
   13.078078078    2.018398230    2.018398230    2.018398230
   13.093093093    2.016457588    2.016457588    2.016457588
   13.108108108    2.014522243    2.014522243    2.014522243
   13.123123123    2.012592177    2.012592177    2.012592177
   13.138138138    2.010667372    2.010667372    2.010667372
   13.153153153    2.008747809    2.008747809    2.008747809
   13.168168168    2.006833470    2.006833470    2.006833470
   13.183183183    2.004924336    2.004924336    2.004924336
   13.198198198    2.003020391    2.003020391    2.003020391
   13.213213213    2.001121615    2.001121615    2.001121615
   13.228228228    1.999227991    1.999227991    1.999227991
   13.243243243    1.997339501    1.997339501    1.997339501
   13.258258258    1.995456127    1.995456127    1.995456127
   13.273273273    1.993577852    1.993577852    1.993577852
   13.288288288    1.991704658    1.991704658    1.991704658
   13.303303303    1.989836527    1.989836527    1.989836527
   13.318318318    1.987973442    1.987973442    1.987973442
   13.333333333    1.986115385    1.986115385    1.986115385
   13.348348348    1.984262340    1.984262340    1.984262340
   13.363363363    1.982414288    1.982414288    1.982414288
   13.378378378    1.980571213    1.980571213    1.980571213
   13.393393393    1.978733098    1.978733098    1.978733098
   13.408408408    1.976899925    1.976899925    1.976899925
   13.423423423    1.975071677    1.975071677    1.975071677
   13.438438438    1.973248338    1.973248338    1.973248338
   13.453453453    1.971429891    1.971429891    1.971429891
   13.468468468    1.969616319    1.969616319    1.969616319
   13.483483483    1.967807605    1.967807605    1.967807605
   13.498498498    1.966003732    1.966003732    1.966003732
   13.513513514    1.964204685    1.964204685    1.964204685
   13.528528529    1.962410446    1.962410446    1.962410446
   13.543543544    1.960621000    1.960621000    1.960621000
   13.558558559    1.958836329    1.958836329    1.958836329
   13.573573574    1.957056417    1.957056417    1.957056417
   13.588588589    1.955281249    1.955281249    1.955281249
   13.603603604    1.953510808    1.953510808    1.953510808
   13.618618619    1.951745078    1.951745078    1.951745078
   13.633633634    1.949984042    1.949984042    1.949984042
   13.648648649    1.948227686    1.948227686    1.948227686
   13.663663664    1.946475993    1.946475993    1.946475993
   13.678678679    1.944728946    1.944728946    1.944728946
   13.693693694    1.942986532    1.942986532    1.942986532
   13.708708709    1.941248733    1.941248733    1.941248733
   13.723723724    1.939515534    1.939515534    1.939515534
   13.738738739    1.937786919    1.937786919    1.937786919
   13.753753754    1.936062874    1.936062874    1.936062874
   13.768768769    1.934343382    1.934343382    1.934343382
   13.783783784    1.932628428    1.932628428    1.932628428
   13.798798799    1.930917997    1.930917997    1.930917997
   13.813813814    1.929212073    1.929212073    1.929212073
   13.828828829    1.927510642    1.927510642    1.927510642
   13.843843844    1.925813687    1.925813687    1.925813687
   13.858858859    1.924121195    1.924121195    1.924121195
   13.873873874    1.922433150    1.922433150    1.922433150
   13.888888889    1.920749537    1.920749537    1.920749537
   13.903903904    1.919070341    1.919070341    1.919070341
   13.918918919    1.917395548    1.917395548    1.917395548
   13.933933934    1.915725142    1.915725142    1.915725142
   13.948948949    1.914059108    1.914059108    1.914059108
   13.963963964    1.912397433    1.912397433    1.912397433
   13.978978979    1.910740102    1.910740102    1.910740102
   13.993993994    1.909087099    1.909087099    1.909087099
   14.009009009    1.907438411    1.907438411    1.907438411
   14.024024024    1.905794023    1.905794023    1.905794023
   14.039039039    1.904153921    1.904153921    1.904153921
   14.054054054    1.902518090    1.902518090    1.902518090
   14.069069069    1.900886516    1.900886516    1.900886516
   14.084084084    1.899259185    1.899259185    1.899259185
   14.099099099    1.897636083    1.897636083    1.897636083
   14.114114114    1.896017196    1.896017196    1.896017196
   14.129129129    1.894402509    1.894402509    1.894402509
   14.144144144    1.892792009    1.892792009    1.892792009
   14.159159159    1.891185682    1.891185682    1.891185682
   14.174174174    1.889583514    1.889583514    1.889583514
   14.189189189    1.887985490    1.887985490    1.887985490
   14.204204204    1.886391598    1.886391598    1.886391598
   14.219219219    1.884801824    1.884801824    1.884801824
   14.234234234    1.883216154    1.883216154    1.883216154
   14.249249249    1.881634574    1.881634574    1.881634574
   14.264264264    1.880057071    1.880057071    1.880057071
   14.279279279    1.878483631    1.878483631    1.878483631
   14.294294294    1.876914242    1.876914242    1.876914242
   14.309309309    1.875348889    1.875348889    1.875348889
   14.324324324    1.873787559    1.873787559    1.873787559
   14.339339339    1.872230239    1.872230239    1.872230239
   14.354354354    1.870676916    1.870676916    1.870676916
   14.369369369    1.869127577    1.869127577    1.869127577
   14.384384384    1.867582208    1.867582208    1.867582208
   14.399399399    1.866040797    1.866040797    1.866040797
   14.414414414    1.864503330    1.864503330    1.864503330
   14.429429429    1.862969795    1.862969795    1.862969795
   14.444444444    1.861440178    1.861440178    1.861440178
   14.459459459    1.859914467    1.859914467    1.859914467
   14.474474474    1.858392649    1.858392649    1.858392649
   14.489489489    1.856874711    1.856874711    1.856874711
   14.504504505    1.855360640    1.855360640    1.855360640
   14.519519520    1.853850424    1.853850424    1.853850424
   14.534534535    1.852344051    1.852344051    1.852344051
   14.549549550    1.850841507    1.850841507    1.850841507
   14.564564565    1.849342781    1.849342781    1.849342781
   14.579579580    1.847847859    1.847847859    1.847847859
   14.594594595    1.846356729    1.846356729    1.846356729
   14.609609610    1.844869379    1.844869379    1.844869379
   14.624624625    1.843385797    1.843385797    1.843385797
   14.639639640    1.841905970    1.841905970    1.841905970
   14.654654655    1.840429887    1.840429887    1.840429887
   14.669669670    1.838957534    1.838957534    1.838957534
   14.684684685    1.837488901    1.837488901    1.837488901
   14.699699700    1.836023974    1.836023974    1.836023974
   14.714714715    1.834562742    1.834562742    1.834562742
   14.729729730    1.833105193    1.833105193    1.833105193
   14.744744745    1.831651314    1.831651314    1.831651314
   14.759759760    1.830201095    1.830201095    1.830201095
   14.774774775    1.828754523    1.828754523    1.828754523
   14.789789790    1.827311586    1.827311586    1.827311586
   14.804804805    1.825872273    1.825872273    1.825872273
   14.819819820    1.824436571    1.824436571    1.824436571
   14.834834835    1.823004470    1.823004470    1.823004470
   14.849849850    1.821575958    1.821575958    1.821575958
   14.864864865    1.820151023    1.820151023    1.820151023
   14.879879880    1.818729653    1.818729653    1.818729653
   14.894894895    1.817311838    1.817311838    1.817311838
   14.909909910    1.815897565    1.815897565    1.815897565
   14.924924925    1.814486824    1.814486824    1.814486824
   14.939939940    1.813079602    1.813079602    1.813079602
   14.954954955    1.811675889    1.811675889    1.811675889
   14.969969970    1.810275674    1.810275674    1.810275674
   14.984984985    1.808878945    1.808878945    1.808878945
   15.000000000    1.807485690    1.807485690    1.807485690
