# energy grid [eV]     epsi_x  epsi_y  epsi_z
#
    0.000000000    0.000000000    0.000000000    0.000000000
    0.015015015    0.003631751    0.003631751    0.003631751
    0.030030030    0.007269777    0.007269777    0.007269777
    0.045045045    0.010920417    0.010920417    0.010920417
    0.060060060    0.014590134    0.014590134    0.014590134
    0.075075075    0.018285581    0.018285581    0.018285581
    0.090090090    0.022013677    0.022013677    0.022013677
    0.105105105    0.025781681    0.025781681    0.025781681
    0.120120120    0.029597278    0.029597278    0.029597278
    0.135135135    0.033468683    0.033468683    0.033468683
    0.150150150    0.037404747    0.037404747    0.037404747
    0.165165165    0.041415096    0.041415096    0.041415096
    0.180180180    0.045510282    0.045510282    0.045510282
    0.195195195    0.049701971    0.049701971    0.049701971
    0.210210210    0.054003165    0.054003165    0.054003165
    0.225225225    0.058428476    0.058428476    0.058428476
    0.240240240    0.062994462    0.062994462    0.062994462
    0.255255255    0.067720037    0.067720037    0.067720037
    0.270270270    0.072626991    0.072626991    0.072626991
    0.285285285    0.077740647    0.077740647    0.077740647
    0.300300300    0.083090697    0.083090697    0.083090697
    0.315315315    0.088712275    0.088712275    0.088712275
    0.330330330    0.094647369    0.094647369    0.094647369
    0.345345345    0.100946668    0.100946668    0.100946668
    0.360360360    0.107672034    0.107672034    0.107672034
    0.375375375    0.114899856    0.114899856    0.114899856
    0.390390390    0.122725629    0.122725629    0.122725629
    0.405405405    0.131270354    0.131270354    0.131270354
    0.420420420    0.140689579    0.140689579    0.140689579
    0.435435435    0.151186420    0.151186420    0.151186420
    0.450450450    0.163030653    0.163030653    0.163030653
    0.465465465    0.176587216    0.176587216    0.176587216
    0.480480480    0.192359629    0.192359629    0.192359629
    0.495495495    0.211057328    0.211057328    0.211057328
    0.510510511    0.233701829    0.233701829    0.233701829
    0.525525526    0.261795660    0.261795660    0.261795660
    0.540540541    0.297589524    0.297589524    0.297589524
    0.555555556    0.344485796    0.344485796    0.344485796
    0.570570571    0.407553841    0.407553841    0.407553841
    0.585585586    0.493776833    0.493776833    0.493776833
    0.600600601    0.610271725    0.610271725    0.610271725
    0.615615616    0.755199918    0.755199918    0.755199918
    0.630630631    0.895929260    0.895929260    0.895929260
    0.645645646    0.963038493    0.963038493    0.963038493
    0.660660661    0.923314813    0.923314813    0.923314813
    0.675675676    0.832845222    0.832845222    0.832845222
    0.690690691    0.758684133    0.758684133    0.758684133
    0.705705706    0.726552481    0.726552481    0.726552481
    0.720720721    0.734684919    0.734684919    0.734684919
    0.735735736    0.768546009    0.768546009    0.768546009
    0.750750751    0.814023664    0.814023664    0.814023664
    0.765765766    0.878165958    0.878165958    0.878165958
    0.780780781    0.984555652    0.984555652    0.984555652
    0.795795796    1.147137794    1.147137794    1.147137794
    0.810810811    1.344906156    1.344906156    1.344906156
    0.825825826    1.499829802    1.499829802    1.499829802
    0.840840841    1.525058454    1.525058454    1.525058454
    0.855855856    1.438306038    1.438306038    1.438306038
    0.870870871    1.341343702    1.341343702    1.341343702
    0.885885886    1.302770557    1.302770557    1.302770557
    0.900900901    1.321084841    1.321084841    1.321084841
    0.915915916    1.345411112    1.345411112    1.345411112
    0.930930931    1.335908349    1.335908349    1.335908349
    0.945945946    1.312131784    1.312131784    1.312131784
    0.960960961    1.296362663    1.296362663    1.296362663
    0.975975976    1.276214623    1.276214623    1.276214623
    0.990990991    1.252745006    1.252745006    1.252745006
    1.006006006    1.246483784    1.246483784    1.246483784
    1.021021021    1.256762584    1.256762584    1.256762584
    1.036036036    1.278547478    1.278547478    1.278547478
    1.051051051    1.334711311    1.334711311    1.334711311
    1.066066066    1.453300365    1.453300365    1.453300365
    1.081081081    1.639312329    1.639312329    1.639312329
    1.096096096    1.862943102    1.862943102    1.862943102
    1.111111111    2.047475151    2.047475151    2.047475151
    1.126126126    2.113026742    2.113026742    2.113026742
    1.141141141    2.088464106    2.088464106    2.088464106
    1.156156156    2.076143041    2.076143041    2.076143041
    1.171171171    2.118067306    2.118067306    2.118067306
    1.186186186    2.182341319    2.182341319    2.182341319
    1.201201201    2.204651074    2.204651074    2.204651074
    1.216216216    2.137064193    2.137064193    2.137064193
    1.231231231    2.010084993    2.010084993    2.010084993
    1.246246246    1.880708764    1.880708764    1.880708764
    1.261261261    1.772463122    1.772463122    1.772463122
    1.276276276    1.707459859    1.707459859    1.707459859
    1.291291291    1.713209775    1.713209775    1.713209775
    1.306306306    1.803708056    1.803708056    1.803708056
    1.321321321    1.976483435    1.976483435    1.976483435
    1.336336336    2.210469402    2.210469402    2.210469402
    1.351351351    2.476691889    2.476691889    2.476691889
    1.366366366    2.757062976    2.757062976    2.757062976
    1.381381381    3.019908823    3.019908823    3.019908823
    1.396396396    3.201138260    3.201138260    3.201138260
    1.411411411    3.273953647    3.273953647    3.273953647
    1.426426426    3.292826175    3.292826175    3.292826175
    1.441441441    3.304369094    3.304369094    3.304369094
    1.456456456    3.291835320    3.291835320    3.291835320
    1.471471471    3.249023768    3.249023768    3.249023768
    1.486486486    3.200848446    3.200848446    3.200848446
    1.501501502    3.175288337    3.175288337    3.175288337
    1.516516517    3.210652872    3.210652872    3.210652872
    1.531531532    3.338613189    3.338613189    3.338613189
    1.546546547    3.572647119    3.572647119    3.572647119
    1.561561562    3.925170147    3.925170147    3.925170147
    1.576576577    4.393396425    4.393396425    4.393396425
    1.591591592    4.893343331    4.893343331    4.893343331
    1.606606607    5.281020956    5.281020956    5.281020956
    1.621621622    5.497695834    5.497695834    5.497695834
    1.636636637    5.600101019    5.600101019    5.600101019
    1.651651652    5.711872372    5.711872372    5.711872372
    1.666666667    5.972990662    5.972990663    5.972990662
    1.681681682    6.442363419    6.442363419    6.442363419
    1.696696697    7.073152461    7.073152461    7.073152461
    1.711711712    7.815706076    7.815706076    7.815706076
    1.726726727    8.701237753    8.701237753    8.701237753
    1.741741742    9.755143435    9.755143435    9.755143435
    1.756756757   10.921052796   10.921052796   10.921052796
    1.771771772   12.085604877   12.085604877   12.085604877
    1.786786787   13.106211034   13.106211034   13.106211034
    1.801801802   13.852339442   13.852339443   13.852339443
    1.816816817   14.355819926   14.355819926   14.355819926
    1.831831832   14.758831765   14.758831765   14.758831766
    1.846846847   15.122706128   15.122706128   15.122706128
    1.861861862   15.400732505   15.400732505   15.400732505
    1.876876877   15.485059637   15.485059637   15.485059637
    1.891891892   15.326030330   15.326030330   15.326030330
    1.906906907   14.985876979   14.985876979   14.985876979
    1.921921922   14.625042098   14.625042098   14.625042098
    1.936936937   14.451929333   14.451929333   14.451929333
    1.951951952   14.578057694   14.578057694   14.578057694
    1.966966967   14.932432796   14.932432796   14.932432796
    1.981981982   15.351964723   15.351964723   15.351964723
    1.996996997   15.647620245   15.647620245   15.647620245
    2.012012012   15.648231908   15.648231908   15.648231908
    2.027027027   15.322676822   15.322676822   15.322676822
    2.042042042   14.776392851   14.776392851   14.776392851
    2.057057057   14.184952064   14.184952064   14.184952064
    2.072072072   13.711618332   13.711618332   13.711618332
    2.087087087   13.399537733   13.399537733   13.399537733
    2.102102102   13.206225222   13.206225222   13.206225222
    2.117117117   13.092631669   13.092631668   13.092631669
    2.132132132   13.063272158   13.063272158   13.063272158
    2.147147147   13.152098794   13.152098794   13.152098794
    2.162162162   13.339276923   13.339276923   13.339276924
    2.177177177   13.569294655   13.569294655   13.569294655
    2.192192192   13.773131301   13.773131301   13.773131301
    2.207207207   13.847902371   13.847902370   13.847902371
    2.222222222   13.750652167   13.750652167   13.750652167
    2.237237237   13.513010176   13.513010176   13.513010176
    2.252252252   13.139684667   13.139684667   13.139684667
    2.267267267   12.663137065   12.663137065   12.663137065
    2.282282282   12.210250551   12.210250551   12.210250551
    2.297297297   11.892607124   11.892607124   11.892607124
    2.312312312   11.717246668   11.717246668   11.717246668
    2.327327327   11.649811045   11.649811045   11.649811045
    2.342342342   11.642459437   11.642459437   11.642459437
    2.357357357   11.631289262   11.631289262   11.631289262
    2.372372372   11.586812952   11.586812952   11.586812952
    2.387387387   11.518592762   11.518592762   11.518592762
    2.402402402   11.490044047   11.490044047   11.490044047
    2.417417417   11.575997593   11.575997593   11.575997593
    2.432432432   11.766408553   11.766408552   11.766408553
    2.447447447   11.992953714   11.992953714   11.992953714
    2.462462462   12.161320953   12.161320953   12.161320953
    2.477477477   12.165208901   12.165208901   12.165208901
    2.492492492   11.965763397   11.965763397   11.965763397
    2.507507508   11.649255064   11.649255064   11.649255064
    2.522522523   11.345014682   11.345014682   11.345014682
    2.537537538   11.117872401   11.117872401   11.117872401
    2.552552553   10.969118853   10.969118853   10.969118853
    2.567567568   10.864842851   10.864842851   10.864842851
    2.582582583   10.757228602   10.757228602   10.757228602
    2.597597598   10.633144477   10.633144477   10.633144477
    2.612612613   10.518520691   10.518520691   10.518520691
    2.627627628   10.455102346   10.455102346   10.455102346
    2.642642643   10.471738590   10.471738590   10.471738590
    2.657657658   10.570140723   10.570140723   10.570140723
    2.672672673   10.741242821   10.741242821   10.741242821
    2.687687688   10.973259268   10.973259268   10.973259268
    2.702702703   11.227820013   11.227820013   11.227820013
    2.717717718   11.454546982   11.454546982   11.454546982
    2.732732733   11.618736390   11.618736390   11.618736390
    2.747747748   11.678987273   11.678987273   11.678987273
    2.762762763   11.611910294   11.611910294   11.611910294
    2.777777778   11.464377388   11.464377389   11.464377389
    2.792792793   11.330372491   11.330372491   11.330372491
    2.807807808   11.284456844   11.284456844   11.284456844
    2.822822823   11.329795874   11.329795874   11.329795874
    2.837837838   11.434436332   11.434436332   11.434436332
    2.852852853   11.587081082   11.587081083   11.587081083
    2.867867868   11.779742767   11.779742767   11.779742767
    2.882882883   11.998509680   11.998509680   11.998509680
    2.897897898   12.243926456   12.243926456   12.243926456
    2.912912913   12.521578382   12.521578382   12.521578382
    2.927927928   12.847846284   12.847846284   12.847846284
    2.942942943   13.224602332   13.224602332   13.224602332
    2.957957958   13.605822864   13.605822864   13.605822864
    2.972972973   13.918592099   13.918592099   13.918592099
    2.987987988   14.120227871   14.120227871   14.120227871
    3.003003003   14.225593867   14.225593867   14.225593867
    3.018018018   14.273305843   14.273305843   14.273305843
    3.033033033   14.310063684   14.310063684   14.310063684
    3.048048048   14.364348839   14.364348839   14.364348839
    3.063063063   14.454993095   14.454993095   14.454993095
    3.078078078   14.626063956   14.626063957   14.626063957
    3.093093093   14.873479225   14.873479225   14.873479225
    3.108108108   15.127875011   15.127875011   15.127875011
    3.123123123   15.341063945   15.341063945   15.341063945
    3.138138138   15.498172212   15.498172212   15.498172212
    3.153153153   15.573789459   15.573789459   15.573789459
    3.168168168   15.561342324   15.561342324   15.561342324
    3.183183183   15.529277527   15.529277527   15.529277527
    3.198198198   15.558192090   15.558192090   15.558192090
    3.213213213   15.637240518   15.637240518   15.637240518
    3.228228228   15.717537716   15.717537716   15.717537716
    3.243243243   15.812223542   15.812223542   15.812223542
    3.258258258   15.986123805   15.986123805   15.986123805
    3.273273273   16.269947740   16.269947740   16.269947740
    3.288288288   16.607212457   16.607212457   16.607212457
    3.303303303   16.909397152   16.909397152   16.909397152
    3.318318318   17.138680081   17.138680081   17.138680081
    3.333333333   17.320393988   17.320393989   17.320393989
    3.348348348   17.478284861   17.478284861   17.478284861
    3.363363363   17.625263851   17.625263851   17.625263851
    3.378378378   17.811915551   17.811915551   17.811915551
    3.393393393   18.048083535   18.048083535   18.048083535
    3.408408408   18.238488442   18.238488442   18.238488442
    3.423423423   18.336155147   18.336155147   18.336155147
    3.438438438   18.426326728   18.426326728   18.426326728
    3.453453453   18.599764065   18.599764065   18.599764065
    3.468468468   18.895597456   18.895597456   18.895597456
    3.483483483   19.308718891   19.308718891   19.308718891
    3.498498498   19.800328885   19.800328885   19.800328885
    3.513513514   20.353547112   20.353547113   20.353547112
    3.528528529   20.950356712   20.950356712   20.950356712
    3.543543544   21.548094598   21.548094598   21.548094598
    3.558558559   22.134416131   22.134416131   22.134416131
    3.573573574   22.712683111   22.712683111   22.712683111
    3.588588589   23.286657399   23.286657399   23.286657399
    3.603603604   23.914074393   23.914074393   23.914074393
    3.618618619   24.647881979   24.647881979   24.647881979
    3.633633634   25.521496670   25.521496670   25.521496670
    3.648648649   26.597748600   26.597748600   26.597748600
    3.663663664   27.905204628   27.905204628   27.905204628
    3.678678679   29.383913495   29.383913495   29.383913495
    3.693693694   30.872138627   30.872138627   30.872138627
    3.708708709   32.137098192   32.137098192   32.137098192
    3.723723724   32.879915579   32.879915579   32.879915579
    3.738738739   32.786677685   32.786677685   32.786677685
    3.753753754   31.764218371   31.764218371   31.764218371
    3.768768769   30.146504494   30.146504494   30.146504494
    3.783783784   28.554906748   28.554906748   28.554906748
    3.798798799   27.364688776   27.364688776   27.364688776
    3.813813814   26.470978723   26.470978723   26.470978723
    3.828828829   25.496348026   25.496348026   25.496348026
    3.843843844   24.152026721   24.152026721   24.152026721
    3.858858859   22.594553199   22.594553199   22.594553199
    3.873873874   21.253523617   21.253523617   21.253523617
    3.888888889   20.367276331   20.367276331   20.367276331
    3.903903904   19.888796094   19.888796094   19.888796094
    3.918918919   19.653371896   19.653371896   19.653371896
    3.933933934   19.495497494   19.495497494   19.495497494
    3.948948949   19.225730761   19.225730761   19.225730761
    3.963963964   18.642911199   18.642911199   18.642911199
    3.978978979   17.711421120   17.711421120   17.711421120
    3.993993994   16.649689952   16.649689952   16.649689952
    4.009009009   15.713997859   15.713997859   15.713997859
    4.024024024   15.011876390   15.011876390   15.011876390
    4.039039039   14.553968674   14.553968674   14.553968674
    4.054054054   14.318471876   14.318471876   14.318471876
    4.069069069   14.268220607   14.268220607   14.268220607
    4.084084084   14.349218616   14.349218615   14.349218616
    4.099099099   14.479078163   14.479078163   14.479078163
    4.114114114   14.557284930   14.557284930   14.557284930
    4.129129129   14.462297494   14.462297494   14.462297494
    4.144144144   14.089947293   14.089947293   14.089947293
    4.159159159   13.446582639   13.446582639   13.446582639
    4.174174174   12.696055053   12.696055053   12.696055053
    4.189189189   12.040445474   12.040445474   12.040445474
    4.204204204   11.574163765   11.574163765   11.574163765
    4.219219219   11.300912062   11.300912062   11.300912062
    4.234234234   11.190745586   11.190745586   11.190745586
    4.249249249   11.184720388   11.184720388   11.184720388
    4.264264264   11.210457099   11.210457099   11.210457099
    4.279279279   11.226922810   11.226922810   11.226922810
    4.294294294   11.245633734   11.245633734   11.245633734
    4.309309309   11.287577218   11.287577218   11.287577218
    4.324324324   11.335906806   11.335906806   11.335906806
    4.339339339   11.346048524   11.346048524   11.346048524
    4.354354354   11.259533702   11.259533702   11.259533702
    4.369369369   11.005221786   11.005221786   11.005221786
    4.384384384   10.580344727   10.580344727   10.580344727
    4.399399399   10.114741969   10.114741969   10.114741969
    4.414414414    9.756941741    9.756941741    9.756941741
    4.429429429    9.549018796    9.549018796    9.549018796
    4.444444444    9.454588395    9.454588395    9.454588395
    4.459459459    9.432788312    9.432788312    9.432788312
    4.474474474    9.456082942    9.456082942    9.456082942
    4.489489489    9.491210830    9.491210830    9.491210830
    4.504504505    9.514212522    9.514212522    9.514212522
    4.519519520    9.542795352    9.542795352    9.542795352
    4.534534535    9.604525734    9.604525734    9.604525734
    4.549549550    9.694374159    9.694374159    9.694374159
    4.564564565    9.799880392    9.799880392    9.799880392
    4.579579580    9.915192308    9.915192308    9.915192308
    4.594594595   10.031640668   10.031640668   10.031640668
    4.609609610   10.107417210   10.107417210   10.107417210
    4.624624625   10.069992381   10.069992381   10.069992381
    4.639639640    9.907777825    9.907777825    9.907777825
    4.654654655    9.713801317    9.713801317    9.713801317
    4.669669670    9.572298222    9.572298222    9.572298222
    4.684684685    9.468419940    9.468419940    9.468419940
    4.699699700    9.362805276    9.362805276    9.362805276
    4.714714715    9.255268647    9.255268647    9.255268647
    4.729729730    9.150763068    9.150763068    9.150763068
    4.744744745    9.056393822    9.056393822    9.056393822
    4.759759760    8.989044636    8.989044636    8.989044636
    4.774774775    8.969689331    8.969689331    8.969689331
    4.789789790    9.013361253    9.013361253    9.013361253
    4.804804805    9.112075811    9.112075811    9.112075811
    4.819819820    9.233728673    9.233728673    9.233728673
    4.834834835    9.351978799    9.351978799    9.351978799
    4.849849850    9.453524985    9.453524985    9.453524985
    4.864864865    9.532276548    9.532276548    9.532276548
    4.879879880    9.588930854    9.588930854    9.588930854
    4.894894895    9.632007801    9.632007801    9.632007801
    4.909909910    9.673993047    9.673993047    9.673993047
    4.924924925    9.723558450    9.723558450    9.723558450
    4.939939940    9.799455310    9.799455310    9.799455310
    4.954954955    9.918025063    9.918025063    9.918025063
    4.969969970   10.061976833   10.061976833   10.061976833
    4.984984985   10.204832923   10.204832923   10.204832923
    5.000000000   10.315209823   10.315209823   10.315209823
    5.015015015   10.332284519   10.332284519   10.332284519
    5.030030030   10.201289897   10.201289897   10.201289897
    5.045045045    9.938668224    9.938668224    9.938668224
    5.060060060    9.621520399    9.621520399    9.621520399
    5.075075075    9.322241194    9.322241194    9.322241194
    5.090090090    9.078392898    9.078392898    9.078392898
    5.105105105    8.885406426    8.885406426    8.885406426
    5.120120120    8.717144611    8.717144611    8.717144611
    5.135135135    8.562911861    8.562911861    8.562911861
    5.150150150    8.422527318    8.422527318    8.422527318
    5.165165165    8.288551692    8.288551692    8.288551692
    5.180180180    8.147361987    8.147361987    8.147361987
    5.195195195    7.975180663    7.975180663    7.975180663
    5.210210210    7.757195236    7.757195236    7.757195236
    5.225225225    7.512472185    7.512472185    7.512472185
    5.240240240    7.288931031    7.288931031    7.288931031
    5.255255255    7.132402722    7.132402722    7.132402722
    5.270270270    7.041022316    7.041022316    7.041022316
    5.285285285    6.976917808    6.976917808    6.976917808
    5.300300300    6.916579151    6.916579151    6.916579151
    5.315315315    6.852253531    6.852253531    6.852253531
    5.330330330    6.767286854    6.767286854    6.767286854
    5.345345345    6.636529865    6.636529865    6.636529865
    5.360360360    6.453670440    6.453670440    6.453670440
    5.375375375    6.249311926    6.249311926    6.249311926
    5.390390390    6.067240706    6.067240706    6.067240706
    5.405405405    5.929819015    5.929819015    5.929819015
    5.420420420    5.834801631    5.834801631    5.834801631
    5.435435435    5.772252112    5.772252112    5.772252112
    5.450450450    5.739302279    5.739302279    5.739302279
    5.465465465    5.728362135    5.728362135    5.728362135
    5.480480480    5.730110004    5.730110004    5.730110004
    5.495495495    5.735680063    5.735680063    5.735680063
    5.510510511    5.720571203    5.720571203    5.720571203
    5.525525526    5.658188583    5.658188583    5.658188583
    5.540540541    5.561359768    5.561359768    5.561359768
    5.555555556    5.477587017    5.477587017    5.477587017
    5.570570571    5.432100014    5.432100014    5.432100014
    5.585585586    5.401972515    5.401972515    5.401972515
    5.600600601    5.342329572    5.342329572    5.342329572
    5.615615616    5.236767567    5.236767567    5.236767567
    5.630630631    5.108690771    5.108690771    5.108690771
    5.645645646    4.982695962    4.982695962    4.982695962
    5.660660661    4.870528640    4.870528640    4.870528640
    5.675675676    4.795791748    4.795791748    4.795791748
    5.690690691    4.770797385    4.770797385    4.770797385
    5.705705706    4.771138144    4.771138144    4.771138144
    5.720720721    4.765555334    4.765555334    4.765555334
    5.735735736    4.735524285    4.735524285    4.735524285
    5.750750751    4.675152173    4.675152173    4.675152173
    5.765765766    4.596349390    4.596349390    4.596349390
    5.780780781    4.519685536    4.519685536    4.519685536
    5.795795796    4.459914330    4.459914330    4.459914330
    5.810810811    4.421756793    4.421756793    4.421756793
    5.825825826    4.403429666    4.403429666    4.403429666
    5.840840841    4.392904258    4.392904258    4.392904258
    5.855855856    4.374506078    4.374506078    4.374506078
    5.870870871    4.349758395    4.349758395    4.349758395
    5.885885886    4.332640623    4.332640623    4.332640623
    5.900900901    4.322154797    4.322154797    4.322154797
    5.915915916    4.298898872    4.298898872    4.298898872
    5.930930931    4.257358216    4.257358216    4.257358216
    5.945945946    4.206005062    4.206005062    4.206005062
    5.960960961    4.143195026    4.143195026    4.143195026
    5.975975976    4.063293730    4.063293730    4.063293730
    5.990990991    3.967932954    3.967932954    3.967932954
    6.006006006    3.869714731    3.869714731    3.869714731
    6.021021021    3.787080669    3.787080669    3.787080669
    6.036036036    3.725691887    3.725691887    3.725691887
    6.051051051    3.673776443    3.673776443    3.673776443
    6.066066066    3.618936945    3.618936946    3.618936945
    6.081081081    3.568294206    3.568294206    3.568294206
    6.096096096    3.541834148    3.541834148    3.541834148
    6.111111111    3.543928869    3.543928869    3.543928869
    6.126126126    3.556139739    3.556139739    3.556139739
    6.141141141    3.555416033    3.555416033    3.555416033
    6.156156156    3.530430207    3.530430207    3.530430207
    6.171171171    3.487250664    3.487250664    3.487250664
    6.186186186    3.444772269    3.444772269    3.444772269
    6.201201201    3.419689202    3.419689202    3.419689202
    6.216216216    3.412470448    3.412470448    3.412470448
    6.231231231    3.403959304    3.403959304    3.403959304
    6.246246246    3.374867679    3.374867679    3.374867679
    6.261261261    3.326204100    3.326204100    3.326204100
    6.276276276    3.272362611    3.272362611    3.272362611
    6.291291291    3.222040035    3.222040035    3.222040035
    6.306306306    3.172450118    3.172450118    3.172450118
    6.321321321    3.116513125    3.116513125    3.116513125
    6.336336336    3.050748786    3.050748786    3.050748786
    6.351351351    2.981466336    2.981466336    2.981466336
    6.366366366    2.922022353    2.922022353    2.922022353
    6.381381381    2.881610439    2.881610439    2.881610439
    6.396396396    2.859449563    2.859449563    2.859449563
    6.411411411    2.845167450    2.845167450    2.845167450
    6.426426426    2.830447020    2.830447020    2.830447020
    6.441441441    2.814924856    2.814924856    2.814924856
    6.456456456    2.799203474    2.799203474    2.799203474
    6.471471471    2.784147225    2.784147225    2.784147225
    6.486486486    2.771938943    2.771938943    2.771938943
    6.501501502    2.762204167    2.762204167    2.762204167
    6.516516517    2.755112560    2.755112560    2.755112560
    6.531531532    2.753850931    2.753850931    2.753850931
    6.546546547    2.758430886    2.758430886    2.758430886
    6.561561562    2.759230618    2.759230618    2.759230618
    6.576576577    2.739925396    2.739925396    2.739925396
    6.591591592    2.693583458    2.693583458    2.693583458
    6.606606607    2.631261844    2.631261844    2.631261844
    6.621621622    2.567777308    2.567777308    2.567777308
    6.636636637    2.509233730    2.509233730    2.509233730
    6.651651652    2.453932737    2.453932737    2.453932737
    6.666666667    2.399395033    2.399395033    2.399395033
    6.681681682    2.350448032    2.350448032    2.350448032
    6.696696697    2.315725913    2.315725913    2.315725913
    6.711711712    2.299038340    2.299038340    2.299038340
    6.726726727    2.300390985    2.300390985    2.300390985
    6.741741742    2.316948783    2.316948783    2.316948783
    6.756756757    2.343191766    2.343191766    2.343191766
    6.771771772    2.374512101    2.374512101    2.374512101
    6.786786787    2.400623245    2.400623245    2.400623245
    6.801801802    2.401268713    2.401268713    2.401268713
    6.816816817    2.368194217    2.368194217    2.368194217
    6.831831832    2.317204363    2.317204363    2.317204363
    6.846846847    2.265912133    2.265912133    2.265912133
    6.861861862    2.221377672    2.221377672    2.221377672
    6.876876877    2.188288723    2.188288723    2.188288723
    6.891891892    2.170003164    2.170003164    2.170003164
    6.906906907    2.164399033    2.164399033    2.164399033
    6.921921922    2.161477285    2.161477285    2.161477285
    6.936936937    2.148052647    2.148052647    2.148052647
    6.951951952    2.121220495    2.121220495    2.121220495
    6.966966967    2.090357286    2.090357286    2.090357286
    6.981981982    2.063182832    2.063182832    2.063182832
    6.996996997    2.040880772    2.040880772    2.040880772
    7.012012012    2.025095733    2.025095733    2.025095733
    7.027027027    2.019678277    2.019678277    2.019678277
    7.042042042    2.024852146    2.024852146    2.024852146
    7.057057057    2.033501826    2.033501826    2.033501826
    7.072072072    2.035921213    2.035921213    2.035921213
    7.087087087    2.027425583    2.027425583    2.027425583
    7.102102102    2.008297791    2.008297791    2.008297791
    7.117117117    1.978998744    1.978998744    1.978998744
    7.132132132    1.942080743    1.942080743    1.942080743
    7.147147147    1.905925526    1.905925526    1.905925526
    7.162162162    1.879345466    1.879345466    1.879345466
    7.177177177    1.865203901    1.865203901    1.865203901
    7.192192192    1.859163577    1.859163577    1.859163577
    7.207207207    1.858167051    1.858167051    1.858167051
    7.222222222    1.864527214    1.864527214    1.864527214
    7.237237237    1.876798501    1.876798501    1.876798501
    7.252252252    1.888116133    1.888116133    1.888116133
    7.267267267    1.889403080    1.889403080    1.889403080
    7.282282282    1.874049671    1.874049671    1.874049671
    7.297297297    1.844472986    1.844472986    1.844472986
    7.312312312    1.810406895    1.810406895    1.810406895
    7.327327327    1.780918907    1.780918907    1.780918907
    7.342342342    1.761181941    1.761181941    1.761181941
    7.357357357    1.752855772    1.752855772    1.752855772
    7.372372372    1.755585230    1.755585230    1.755585230
    7.387387387    1.769721248    1.769721248    1.769721248
    7.402402402    1.792991059    1.792991059    1.792991059
    7.417417417    1.817720699    1.817720699    1.817720699
    7.432432432    1.836538608    1.836538608    1.836538608
    7.447447447    1.846636907    1.846636907    1.846636907
    7.462462462    1.849775571    1.849775571    1.849775571
    7.477477477    1.852940768    1.852940768    1.852940768
    7.492492492    1.862519533    1.862519533    1.862519533
    7.507507508    1.877857238    1.877857238    1.877857238
    7.522522523    1.896118951    1.896118951    1.896118951
    7.537537538    1.917208101    1.917208101    1.917208101
    7.552552553    1.942787692    1.942787692    1.942787692
    7.567567568    1.973104681    1.973104681    1.973104681
    7.582582583    2.002327338    2.002327338    2.002327338
    7.597597598    2.020793279    2.020793279    2.020793279
    7.612612613    2.020640590    2.020640590    2.020640590
    7.627627628    1.999839111    1.999839111    1.999839111
    7.642642643    1.966430600    1.966430600    1.966430600
    7.657657658    1.933227216    1.933227216    1.933227216
    7.672672673    1.911171007    1.911171007    1.911171007
    7.687687688    1.901534613    1.901534613    1.901534613
    7.702702703    1.894567576    1.894567576    1.894567576
    7.717717718    1.884198079    1.884198079    1.884198079
    7.732732733    1.873458239    1.873458239    1.873458239
    7.747747748    1.865830518    1.865830518    1.865830518
    7.762762763    1.860089626    1.860089626    1.860089626
    7.777777778    1.854043015    1.854043015    1.854043015
    7.792792793    1.847675449    1.847675449    1.847675449
    7.807807808    1.841830501    1.841830501    1.841830501
    7.822822823    1.836420992    1.836420992    1.836420992
    7.837837838    1.829425104    1.829425104    1.829425104
    7.852852853    1.819739229    1.819739229    1.819739229
    7.867867868    1.808284239    1.808284239    1.808284239
    7.882882883    1.796983645    1.796983645    1.796983645
    7.897897898    1.788877683    1.788877683    1.788877683
    7.912912913    1.785532661    1.785532661    1.785532661
    7.927927928    1.783712820    1.783712820    1.783712820
    7.942942943    1.774120455    1.774120455    1.774120455
    7.957957958    1.749910366    1.749910366    1.749910366
    7.972972973    1.717412463    1.717412463    1.717412463
    7.987987988    1.689400612    1.689400612    1.689400612
    8.003003003    1.670648024    1.670648024    1.670648024
    8.018018018    1.659674335    1.659674335    1.659674335
    8.033033033    1.653656233    1.653656233    1.653656233
    8.048048048    1.649504956    1.649504956    1.649504956
    8.063063063    1.644792178    1.644792178    1.644792178
    8.078078078    1.635804725    1.635804725    1.635804725
    8.093093093    1.621517458    1.621517458    1.621517458
    8.108108108    1.607648166    1.607648166    1.607648166
    8.123123123    1.598066728    1.598066728    1.598066728
    8.138138138    1.590286370    1.590286370    1.590286370
    8.153153153    1.581226593    1.581226593    1.581226593
    8.168168168    1.571399906    1.571399906    1.571399906
    8.183183183    1.560790478    1.560790478    1.560790478
    8.198198198    1.548099683    1.548099683    1.548099683
    8.213213213    1.533870134    1.533870134    1.533870134
    8.228228228    1.519536019    1.519536019    1.519536019
    8.243243243    1.504467338    1.504467338    1.504467338
    8.258258258    1.489208107    1.489208107    1.489208107
    8.273273273    1.476859114    1.476859114    1.476859114
    8.288288288    1.467271729    1.467271729    1.467271729
    8.303303303    1.457577179    1.457577179    1.457577179
    8.318318318    1.445552391    1.445552391    1.445552391
    8.333333333    1.431641210    1.431641210    1.431641210
    8.348348348    1.418676416    1.418676416    1.418676416
    8.363363363    1.409148903    1.409148903    1.409148903
    8.378378378    1.404421246    1.404421246    1.404421246
    8.393393393    1.405871336    1.405871336    1.405871336
    8.408408408    1.410245879    1.410245879    1.410245879
    8.423423423    1.408846910    1.408846910    1.408846910
    8.438438438    1.396762235    1.396762235    1.396762235
    8.453453453    1.378304673    1.378304673    1.378304673
    8.468468468    1.359401524    1.359401524    1.359401524
    8.483483483    1.341231243    1.341231243    1.341231243
    8.498498498    1.324179831    1.324179831    1.324179831
    8.513513514    1.309463415    1.309463415    1.309463415
    8.528528529    1.298282797    1.298282797    1.298282797
    8.543543544    1.291594932    1.291594932    1.291594932
    8.558558559    1.287297326    1.287297326    1.287297326
    8.573573574    1.280980851    1.280980851    1.280980851
    8.588588589    1.269521659    1.269521659    1.269521659
    8.603603604    1.252124482    1.252124482    1.252124482
    8.618618619    1.230778557    1.230778557    1.230778557
    8.633633634    1.210262690    1.210262690    1.210262690
    8.648648649    1.195368061    1.195368061    1.195368061
    8.663663664    1.187068588    1.187068588    1.187068588
    8.678678679    1.184001462    1.184001462    1.184001462
    8.693693694    1.185313305    1.185313305    1.185313305
    8.708708709    1.190211962    1.190211962    1.190211962
    8.723723724    1.196010647    1.196010647    1.196010647
    8.738738739    1.197159491    1.197159491    1.197159491
    8.753753754    1.190745185    1.190745185    1.190745185
    8.768768769    1.179557560    1.179557560    1.179557560
    8.783783784    1.166486720    1.166486720    1.166486720
    8.798798799    1.152632350    1.152632350    1.152632350
    8.813813814    1.138987425    1.138987425    1.138987425
    8.828828829    1.125717701    1.125717701    1.125717701
    8.843843844    1.113725761    1.113725761    1.113725761
    8.858858859    1.106042907    1.106042907    1.106042907
    8.873873874    1.103566162    1.103566162    1.103566162
    8.888888889    1.102642041    1.102642041    1.102642041
    8.903903904    1.100163134    1.100163134    1.100163134
    8.918918919    1.097262037    1.097262037    1.097262037
    8.933933934    1.096762658    1.096762658    1.096762658
    8.948948949    1.098806207    1.098806207    1.098806207
    8.963963964    1.100970025    1.100970025    1.100970025
    8.978978979    1.099380800    1.099380800    1.099380800
    8.993993994    1.091376430    1.091376430    1.091376430
    9.009009009    1.080546354    1.080546354    1.080546354
    9.024024024    1.071783150    1.071783150    1.071783150
    9.039039039    1.064733267    1.064733267    1.064733267
    9.054054054    1.058171494    1.058171494    1.058171494
    9.069069069    1.051683127    1.051683127    1.051683127
    9.084084084    1.043048219    1.043048219    1.043048219
    9.099099099    1.030718155    1.030718155    1.030718155
    9.114114114    1.015805847    1.015805847    1.015805847
    9.129129129    1.001426864    1.001426864    1.001426864
    9.144144144    0.990345506    0.990345506    0.990345506
    9.159159159    0.982401909    0.982401909    0.982401909
    9.174174174    0.977146515    0.977146515    0.977146515
    9.189189189    0.973475968    0.973475968    0.973475968
    9.204204204    0.968290167    0.968290167    0.968290167
    9.219219219    0.960230230    0.960230230    0.960230230
    9.234234234    0.951997677    0.951997677    0.951997677
    9.249249249    0.947281727    0.947281727    0.947281727
    9.264264264    0.945838342    0.945838342    0.945838342
    9.279279279    0.945354755    0.945354755    0.945354755
    9.294294294    0.944545503    0.944545503    0.944545503
    9.309309309    0.941973843    0.941973843    0.941973843
    9.324324324    0.935701475    0.935701475    0.935701475
    9.339339339    0.925625440    0.925625440    0.925625440
    9.354354354    0.914692731    0.914692731    0.914692731
    9.369369369    0.906547241    0.906547241    0.906547241
    9.384384384    0.902436200    0.902436200    0.902436200
    9.399399399    0.900328166    0.900328166    0.900328166
    9.414414414    0.896728810    0.896728810    0.896728810
    9.429429429    0.889290759    0.889290759    0.889290759
    9.444444444    0.878161748    0.878161748    0.878161748
    9.459459459    0.866501800    0.866501800    0.866501800
    9.474474474    0.857519558    0.857519558    0.857519558
    9.489489489    0.850628817    0.850628817    0.850628817
    9.504504505    0.843631933    0.843631933    0.843631933
    9.519519520    0.835794993    0.835794993    0.835794993
    9.534534535    0.827634887    0.827634887    0.827634887
    9.549549550    0.820156462    0.820156462    0.820156462
    9.564564565    0.814348788    0.814348788    0.814348788
    9.579579580    0.810740056    0.810740056    0.810740056
    9.594594595    0.808541264    0.808541264    0.808541264
    9.609609610    0.805309001    0.805309001    0.805309001
    9.624624625    0.799597150    0.799597150    0.799597150
    9.639639640    0.791211033    0.791211033    0.791211033
    9.654654655    0.780756267    0.780756267    0.780756267
    9.669669670    0.771839915    0.771839915    0.771839915
    9.684684685    0.767608204    0.767608204    0.767608204
    9.699699700    0.767071390    0.767071390    0.767071390
    9.714714715    0.766691194    0.766691194    0.766691194
    9.729729730    0.762721144    0.762721144    0.762721144
    9.744744745    0.753832241    0.753832241    0.753832241
    9.759759760    0.742627067    0.742627067    0.742627067
    9.774774775    0.732785334    0.732785334    0.732785334
    9.789789790    0.725188320    0.725188320    0.725188320
    9.804804805    0.719555233    0.719555233    0.719555233
    9.819819820    0.716438489    0.716438489    0.716438489
    9.834834835    0.715436532    0.715436532    0.715436532
    9.849849850    0.714371861    0.714371861    0.714371861
    9.864864865    0.711549329    0.711549329    0.711549329
    9.879879880    0.706455151    0.706455151    0.706455151
    9.894894895    0.699140230    0.699140230    0.699140230
    9.909909910    0.690743905    0.690743905    0.690743905
    9.924924925    0.683408526    0.683408526    0.683408526
    9.939939940    0.679280005    0.679280005    0.679280005
    9.954954955    0.679758780    0.679758780    0.679758780
    9.969969970    0.684660731    0.684660731    0.684660731
    9.984984985    0.691214932    0.691214932    0.691214932
   10.000000000    0.695626259    0.695626259    0.695626259
   10.015015015    0.696146063    0.696146063    0.696146063
   10.030030030    0.693881889    0.693881889    0.693881889
   10.045045045    0.690478917    0.690478917    0.690478917
   10.060060060    0.686626407    0.686626407    0.686626407
   10.075075075    0.683059328    0.683059328    0.683059328
   10.090090090    0.680596049    0.680596049    0.680596049
   10.105105105    0.679582287    0.679582287    0.679582287
   10.120120120    0.679605051    0.679605051    0.679605051
   10.135135135    0.679905612    0.679905612    0.679905612
   10.150150150    0.680337834    0.680337834    0.680337834
   10.165165165    0.680494146    0.680494146    0.680494146
   10.180180180    0.677900235    0.677900235    0.677900235
   10.195195195    0.670743637    0.670743637    0.670743637
   10.210210210    0.661023238    0.661023238    0.661023238
   10.225225225    0.652080459    0.652080459    0.652080459
   10.240240240    0.646026406    0.646026406    0.646026406
   10.255255255    0.643321499    0.643321499    0.643321499
   10.270270270    0.642613345    0.642613345    0.642613345
   10.285285285    0.641498355    0.641498355    0.641498355
   10.300300300    0.638647553    0.638647553    0.638647553
   10.315315315    0.635027624    0.635027624    0.635027624
   10.330330330    0.631752776    0.631752776    0.631752776
   10.345345345    0.628888876    0.628888876    0.628888876
   10.360360360    0.626299644    0.626299644    0.626299644
   10.375375375    0.624119724    0.624119724    0.624119724
   10.390390390    0.622294020    0.622294020    0.622294020
   10.405405405    0.619816517    0.619816517    0.619816517
   10.420420420    0.615723495    0.615723495    0.615723495
   10.435435435    0.610677230    0.610677230    0.610677230
   10.450450450    0.605498723    0.605498723    0.605498723
   10.465465465    0.598953395    0.598953395    0.598953395
   10.480480480    0.589857783    0.589857783    0.589857784
   10.495495495    0.578589710    0.578589710    0.578589710
   10.510510511    0.566290992    0.566290992    0.566290992
   10.525525526    0.555127617    0.555127617    0.555127617
   10.540540541    0.547080926    0.547080926    0.547080926
   10.555555556    0.541945533    0.541945533    0.541945533
   10.570570571    0.537774421    0.537774421    0.537774421
   10.585585586    0.532757807    0.532757807    0.532757807
   10.600600601    0.527051126    0.527051126    0.527051126
   10.615615616    0.522645308    0.522645308    0.522645308
   10.630630631    0.521066777    0.521066777    0.521066777
   10.645645646    0.521924764    0.521924764    0.521924764
   10.660660661    0.523147732    0.523147732    0.523147732
   10.675675676    0.523216171    0.523216171    0.523216171
   10.690690691    0.522329312    0.522329312    0.522329312
   10.705705706    0.521360441    0.521360441    0.521360441
   10.720720721    0.520675838    0.520675838    0.520675838
   10.735735736    0.519064739    0.519064739    0.519064739
   10.750750751    0.515172444    0.515172444    0.515172444
   10.765765766    0.509757564    0.509757564    0.509757564
   10.780780781    0.504585502    0.504585502    0.504585502
   10.795795796    0.500716430    0.500716430    0.500716430
   10.810810811    0.498579522    0.498579522    0.498579522
   10.825825826    0.498123505    0.498123505    0.498123505
   10.840840841    0.498697976    0.498697976    0.498697976
   10.855855856    0.499031066    0.499031066    0.499031066
   10.870870871    0.498187312    0.498187312    0.498187312
   10.885885886    0.496535679    0.496535679    0.496535679
   10.900900901    0.495193504    0.495193504    0.495193504
   10.915915916    0.494289824    0.494289824    0.494289824
   10.930930931    0.492187595    0.492187595    0.492187595
   10.945945946    0.487573916    0.487573916    0.487573916
   10.960960961    0.480881020    0.480881020    0.480881020
   10.975975976    0.473670385    0.473670385    0.473670385
   10.990990991    0.467862324    0.467862324    0.467862324
   11.006006006    0.465086079    0.465086079    0.465086079
   11.021021021    0.465316860    0.465316860    0.465316860
   11.036036036    0.466712433    0.466712433    0.466712433
   11.051051051    0.468073045    0.468073045    0.468073045
   11.066066066    0.469169866    0.469169866    0.469169866
   11.081081081    0.469727630    0.469727630    0.469727630
   11.096096096    0.469700009    0.469700009    0.469700009
   11.111111111    0.469532497    0.469532497    0.469532497
   11.126126126    0.469669599    0.469669599    0.469669599
   11.141141141    0.469874112    0.469874112    0.469874112
   11.156156156    0.469831474    0.469831474    0.469831474
   11.171171171    0.469134153    0.469134153    0.469134153
   11.186186186    0.466746419    0.466746419    0.466746419
   11.201201201    0.462190448    0.462190448    0.462190448
   11.216216216    0.456498068    0.456498068    0.456498068
   11.231231231    0.451446069    0.451446069    0.451446069
   11.246246246    0.448161200    0.448161200    0.448161200
   11.261261261    0.446112717    0.446112717    0.446112717
   11.276276276    0.443844657    0.443844657    0.443844657
   11.291291291    0.441009095    0.441009095    0.441009095
   11.306306306    0.438346789    0.438346789    0.438346789
   11.321321321    0.436145590    0.436145590    0.436145590
   11.336336336    0.433702918    0.433702918    0.433702918
   11.351351351    0.430282732    0.430282732    0.430282732
   11.366366366    0.426035659    0.426035659    0.426035659
   11.381381381    0.421494880    0.421494880    0.421494880
   11.396396396    0.417240782    0.417240782    0.417240782
   11.411411411    0.414084247    0.414084247    0.414084247
   11.426426426    0.412742176    0.412742176    0.412742176
   11.441441441    0.413702391    0.413702391    0.413702391
   11.456456456    0.416874719    0.416874719    0.416874719
   11.471471471    0.421091438    0.421091438    0.421091438
   11.486486486    0.425110554    0.425110554    0.425110554
   11.501501502    0.428353782    0.428353782    0.428353782
   11.516516517    0.430639838    0.430639838    0.430639838
   11.531531532    0.431742859    0.431742859    0.431742859
   11.546546547    0.431165710    0.431165710    0.431165710
   11.561561562    0.428751120    0.428751120    0.428751120
   11.576576577    0.425422011    0.425422011    0.425422011
   11.591591592    0.422666859    0.422666859    0.422666859
   11.606606607    0.420833932    0.420833932    0.420833932
   11.621621622    0.419210797    0.419210797    0.419210797
   11.636636637    0.417520440    0.417520440    0.417520440
   11.651651652    0.415957830    0.415957830    0.415957830
   11.666666667    0.414537458    0.414537458    0.414537458
   11.681681682    0.413127353    0.413127353    0.413127353
   11.696696697    0.411077128    0.411077128    0.411077128
   11.711711712    0.408007012    0.408007012    0.408007012
   11.726726727    0.404634194    0.404634194    0.404634194
   11.741741742    0.401939019    0.401939019    0.401939019
   11.756756757    0.400219315    0.400219315    0.400219315
   11.771771772    0.399452747    0.399452747    0.399452747
   11.786786787    0.399223749    0.399223749    0.399223749
   11.801801802    0.399223900    0.399223900    0.399223900
   11.816816817    0.400017464    0.400017464    0.400017464
   11.831831832    0.402498779    0.402498779    0.402498779
   11.846846847    0.406429402    0.406429402    0.406429402
   11.861861862    0.410327778    0.410327778    0.410327778
   11.876876877    0.413305407    0.413305407    0.413305407
   11.891891892    0.415378740    0.415378740    0.415378740
   11.906906907    0.416242118    0.416242118    0.416242118
   11.921921922    0.415123191    0.415123191    0.415123191
   11.936936937    0.411616862    0.411616862    0.411616862
   11.951951952    0.405984236    0.405984236    0.405984236
   11.966966967    0.398923448    0.398923448    0.398923448
   11.981981982    0.391158179    0.391158179    0.391158179
   11.996996997    0.383188486    0.383188486    0.383188486
   12.012012012    0.375665117    0.375665117    0.375665117
   12.027027027    0.369342275    0.369342275    0.369342275
   12.042042042    0.364714203    0.364714203    0.364714203
   12.057057057    0.361852541    0.361852541    0.361852541
   12.072072072    0.360694684    0.360694684    0.360694684
   12.087087087    0.360518657    0.360518657    0.360518657
   12.102102102    0.360060651    0.360060651    0.360060651
   12.117117117    0.358707298    0.358707298    0.358707298
   12.132132132    0.356451213    0.356451213    0.356451213
   12.147147147    0.353443684    0.353443684    0.353443684
   12.162162162    0.350263880    0.350263880    0.350263880
   12.177177177    0.347944848    0.347944848    0.347944848
   12.192192192    0.347316950    0.347316950    0.347316950
   12.207207207    0.348412287    0.348412287    0.348412287
   12.222222222    0.350487634    0.350487634    0.350487634
   12.237237237    0.352448493    0.352448493    0.352448493
   12.252252252    0.353369319    0.353369319    0.353369319
   12.267267267    0.352758323    0.352758323    0.352758323
   12.282282282    0.350653525    0.350653525    0.350653525
   12.297297297    0.347487831    0.347487831    0.347487831
   12.312312312    0.343469144    0.343469144    0.343469144
   12.327327327    0.338786736    0.338786736    0.338786736
   12.342342342    0.334338299    0.334338299    0.334338299
   12.357357357    0.331049153    0.331049153    0.331049153
   12.372372372    0.328901191    0.328901191    0.328901191
   12.387387387    0.327276900    0.327276900    0.327276900
   12.402402402    0.325535261    0.325535261    0.325535261
   12.417417417    0.323088788    0.323088788    0.323088788
   12.432432432    0.319504014    0.319504014    0.319504014
   12.447447447    0.315206026    0.315206026    0.315206026
   12.462462462    0.311474528    0.311474528    0.311474528
   12.477477477    0.309401634    0.309401634    0.309401634
   12.492492492    0.309043930    0.309043930    0.309043930
   12.507507508    0.309653780    0.309653780    0.309653780
   12.522522523    0.310788179    0.310788179    0.310788179
   12.537537538    0.312136942    0.312136942    0.312136942
   12.552552553    0.312625161    0.312625161    0.312625161
   12.567567568    0.311495820    0.311495820    0.311495820
   12.582582583    0.309198559    0.309198559    0.309198559
   12.597597598    0.306104405    0.306104405    0.306104405
   12.612612613    0.302269849    0.302269849    0.302269849
   12.627627628    0.298094218    0.298094218    0.298094218
   12.642642643    0.293841851    0.293841851    0.293841851
   12.657657658    0.289757083    0.289757083    0.289757083
   12.672672673    0.286224932    0.286224932    0.286224932
   12.687687688    0.283592171    0.283592171    0.283592171
   12.702702703    0.281839497    0.281839497    0.281839497
   12.717717718    0.280405386    0.280405386    0.280405386
   12.732732733    0.278574103    0.278574103    0.278574103
   12.747747748    0.276285596    0.276285596    0.276285596
   12.762762763    0.274476261    0.274476261    0.274476261
   12.777777778    0.273962056    0.273962056    0.273962056
   12.792792793    0.274455762    0.274455762    0.274455762
   12.807807808    0.275216345    0.275216345    0.275216345
   12.822822823    0.275529637    0.275529637    0.275529637
   12.837837838    0.274921076    0.274921076    0.274921076
   12.852852853    0.273325521    0.273325521    0.273325521
   12.867867868    0.270977969    0.270977969    0.270977969
   12.882882883    0.268473493    0.268473493    0.268473493
   12.897897898    0.266432623    0.266432623    0.266432623
   12.912912913    0.264813025    0.264813025    0.264813025
   12.927927928    0.263111669    0.263111669    0.263111669
   12.942942943    0.261174133    0.261174133    0.261174133
   12.957957958    0.259212525    0.259212525    0.259212525
   12.972972973    0.257410547    0.257410547    0.257410547
   12.987987988    0.255534595    0.255534595    0.255534595
   13.003003003    0.253217603    0.253217603    0.253217603
   13.018018018    0.250691992    0.250691992    0.250691992
   13.033033033    0.248459921    0.248459921    0.248459921
   13.048048048    0.246704409    0.246704409    0.246704409
   13.063063063    0.245364413    0.245364413    0.245364413
   13.078078078    0.244205715    0.244205715    0.244205715
   13.093093093    0.242830022    0.242830022    0.242830022
   13.108108108    0.241242854    0.241242854    0.241242854
   13.123123123    0.239619578    0.239619578    0.239619578
   13.138138138    0.237684118    0.237684118    0.237684118
   13.153153153    0.235478272    0.235478272    0.235478272
   13.168168168    0.233706363    0.233706363    0.233706363
   13.183183183    0.232743749    0.232743749    0.232743749
   13.198198198    0.232210480    0.232210480    0.232210480
   13.213213213    0.231484524    0.231484524    0.231484524
   13.228228228    0.230330320    0.230330320    0.230330320
   13.243243243    0.228984100    0.228984100    0.228984100
   13.258258258    0.227866768    0.227866768    0.227866768
   13.273273273    0.227374499    0.227374499    0.227374499
   13.288288288    0.227363209    0.227363209    0.227363209
   13.303303303    0.227211087    0.227211087    0.227211087
   13.318318318    0.226789213    0.226789213    0.226789213
   13.333333333    0.226321447    0.226321447    0.226321447
   13.348348348    0.225426101    0.225426101    0.225426101
   13.363363363    0.223551232    0.223551232    0.223551232
   13.378378378    0.220948939    0.220948939    0.220948939
   13.393393393    0.218316065    0.218316065    0.218316065
   13.408408408    0.215874526    0.215874526    0.215874526
   13.423423423    0.213380336    0.213380336    0.213380336
   13.438438438    0.211035630    0.211035630    0.211035630
   13.453453453    0.209439452    0.209439452    0.209439452
   13.468468468    0.208701280    0.208701280    0.208701280
   13.483483483    0.208544001    0.208544001    0.208544001
   13.498498498    0.208709325    0.208709325    0.208709325
   13.513513514    0.209253313    0.209253313    0.209253313
   13.528528529    0.210165095    0.210165095    0.210165095
   13.543543544    0.210990593    0.210990593    0.210990593
   13.558558559    0.211407628    0.211407628    0.211407628
   13.573573574    0.211639504    0.211639504    0.211639504
   13.588588589    0.211996943    0.211996943    0.211996943
   13.603603604    0.212214882    0.212214882    0.212214882
   13.618618619    0.211683362    0.211683362    0.211683362
   13.633633634    0.210064858    0.210064858    0.210064858
   13.648648649    0.207501797    0.207501797    0.207501797
   13.663663664    0.204591415    0.204591415    0.204591415
   13.678678679    0.201942734    0.201942734    0.201942734
   13.693693694    0.199634860    0.199634860    0.199634860
   13.708708709    0.197502971    0.197502971    0.197502971
   13.723723724    0.195921096    0.195921096    0.195921096
   13.738738739    0.195531414    0.195531414    0.195531414
   13.753753754    0.196250708    0.196250708    0.196250708
   13.768768769    0.197385126    0.197385126    0.197385126
   13.783783784    0.198732140    0.198732140    0.198732140
   13.798798799    0.200506081    0.200506081    0.200506081
   13.813813814    0.202514396    0.202514396    0.202514396
   13.828828829    0.204489157    0.204489157    0.204489157
   13.843843844    0.206328646    0.206328646    0.206328646
   13.858858859    0.207716951    0.207716951    0.207716951
   13.873873874    0.208238352    0.208238352    0.208238352
   13.888888889    0.207924991    0.207924991    0.207924991
   13.903903904    0.207036687    0.207036687    0.207036687
   13.918918919    0.205676397    0.205676397    0.205676397
   13.933933934    0.204060690    0.204060690    0.204060690
   13.948948949    0.202654313    0.202654313    0.202654313
   13.963963964    0.201866784    0.201866784    0.201866784
   13.978978979    0.201868524    0.201868524    0.201868524
   13.993993994    0.202447634    0.202447634    0.202447634
   14.009009009    0.203020024    0.203020024    0.203020024
   14.024024024    0.203205658    0.203205658    0.203205658
   14.039039039    0.203078707    0.203078707    0.203078707
   14.054054054    0.202860646    0.202860646    0.202860646
   14.069069069    0.202688131    0.202688131    0.202688131
   14.084084084    0.202598228    0.202598228    0.202598228
   14.099099099    0.202643048    0.202643048    0.202643048
   14.114114114    0.202861610    0.202861610    0.202861610
   14.129129129    0.203244650    0.203244650    0.203244650
   14.144144144    0.203875328    0.203875328    0.203875328
   14.159159159    0.204707247    0.204707247    0.204707247
   14.174174174    0.205476471    0.205476471    0.205476471
   14.189189189    0.205919574    0.205919574    0.205919574
   14.204204204    0.206000307    0.206000307    0.206000307
   14.219219219    0.205973634    0.205973634    0.205973634
   14.234234234    0.206111151    0.206111151    0.206111151
   14.249249249    0.206469686    0.206469686    0.206469686
   14.264264264    0.206784032    0.206784032    0.206784032
   14.279279279    0.206490206    0.206490206    0.206490206
   14.294294294    0.205259221    0.205259221    0.205259221
   14.309309309    0.203230424    0.203230424    0.203230424
   14.324324324    0.200730043    0.200730043    0.200730043
   14.339339339    0.198022497    0.198022497    0.198022497
   14.354354354    0.195406512    0.195406512    0.195406512
   14.369369369    0.193345033    0.193345033    0.193345033
   14.384384384    0.192117852    0.192117852    0.192117852
   14.399399399    0.191565793    0.191565793    0.191565793
   14.414414414    0.191283402    0.191283402    0.191283402
   14.429429429    0.190968623    0.190968623    0.190968623
   14.444444444    0.190726620    0.190726620    0.190726620
   14.459459459    0.190626430    0.190626430    0.190626430
   14.474474474    0.190125813    0.190125813    0.190125813
   14.489489489    0.188725285    0.188725285    0.188725285
   14.504504505    0.186839164    0.186839164    0.186839164
   14.519519520    0.185246051    0.185246051    0.185246051
   14.534534535    0.184330524    0.184330524    0.184330524
   14.549549550    0.184167787    0.184167787    0.184167787
   14.564564565    0.184638605    0.184638605    0.184638605
   14.579579580    0.185546107    0.185546107    0.185546107
   14.594594595    0.186737166    0.186737166    0.186737166
   14.609609610    0.188020121    0.188020121    0.188020121
   14.624624625    0.188868763    0.188868763    0.188868763
   14.639639640    0.188810250    0.188810250    0.188810250
   14.654654655    0.188102823    0.188102823    0.188102823
   14.669669670    0.187099086    0.187099086    0.187099086
   14.684684685    0.185677127    0.185677127    0.185677127
   14.699699700    0.183973761    0.183973761    0.183973761
   14.714714715    0.182480745    0.182480745    0.182480745
   14.729729730    0.181536238    0.181536238    0.181536238
   14.744744745    0.181095657    0.181095657    0.181095657
   14.759759760    0.180689517    0.180689517    0.180689517
   14.774774775    0.179878412    0.179878412    0.179878412
   14.789789790    0.178587845    0.178587845    0.178587845
   14.804804805    0.176786301    0.176786301    0.176786301
   14.819819820    0.174404038    0.174404038    0.174404038
   14.834834835    0.171834923    0.171834923    0.171834923
   14.849849850    0.169883348    0.169883348    0.169883348
   14.864864865    0.169004728    0.169004728    0.169004728
   14.879879880    0.168807949    0.168807949    0.168807949
   14.894894895    0.168425220    0.168425220    0.168425220
   14.909909910    0.167325629    0.167325629    0.167325629
   14.924924925    0.165470538    0.165470538    0.165470538
   14.939939940    0.163058329    0.163058329    0.163058329
   14.954954955    0.160565279    0.160565279    0.160565279
   14.969969970    0.158543177    0.158543177    0.158543177
   14.984984985    0.157209498    0.157209498    0.157209498
   15.000000000    0.156496409    0.156496409    0.156496409
