# energy grid [eV]     epsr_x  epsr_y  epsr_z
# plasmon frequences [eV]:    13.056118797   13.056118797   13.056118797
    0.000000000   13.660849992   13.660849993   13.660849997
    0.015015015   13.661391719   13.661391719   13.661391723
    0.030030030   13.663017804   13.663017805   13.663017808
    0.045045045   13.665730977   13.665730978   13.665730982
    0.060060060   13.669535814   13.669535814   13.669535818
    0.075075075   13.674438780   13.674438780   13.674438784
    0.090090090   13.680448293   13.680448293   13.680448297
    0.105105105   13.687574804   13.687574805   13.687574809
    0.120120120   13.695830902   13.695830902   13.695830906
    0.135135135   13.705231438   13.705231438   13.705231442
    0.150150150   13.715793685   13.715793685   13.715793689
    0.165165165   13.727537523   13.727537524   13.727537528
    0.180180180   13.740485664   13.740485664   13.740485668
    0.195195195   13.754663915   13.754663915   13.754663919
    0.210210210   13.770101497   13.770101497   13.770101501
    0.225225225   13.786831424   13.786831425   13.786831429
    0.240240240   13.804890950   13.804890950   13.804890954
    0.255255255   13.824322103   13.824322103   13.824322107
    0.270270270   13.845172331   13.845172331   13.845172335
    0.285285285   13.867495271   13.867495271   13.867495275
    0.300300300   13.891351680   13.891351680   13.891351684
    0.315315315   13.916810562   13.916810562   13.916810566
    0.330330330   13.943950538   13.943950538   13.943950542
    0.345345345   13.972861526   13.972861526   13.972861530
    0.360360360   14.003646787   14.003646787   14.003646791
    0.375375375   14.036425455   14.036425455   14.036425459
    0.390390390   14.071335635   14.071335635   14.071335639
    0.405405405   14.108538209   14.108538209   14.108538213
    0.420420420   14.148221460   14.148221460   14.148221464
    0.435435435   14.190606583   14.190606584   14.190606588
    0.450450450   14.235953999   14.235954000   14.235954003
    0.465465465   14.284569931   14.284569931   14.284569935
    0.480480480   14.336811695   14.336811695   14.336811699
    0.495495495   14.393087634   14.393087634   14.393087638
    0.510510511   14.453841773   14.453841773   14.453841777
    0.525525526   14.519499288   14.519499289   14.519499292
    0.540540541   14.590315494   14.590315494   14.590315498
    0.555555556   14.665991409   14.665991409   14.665991413
    0.570570571   14.744737021   14.744737022   14.744737025
    0.585585586   14.821110795   14.821110795   14.821110799
    0.600600601   14.881693000   14.881693000   14.881693004
    0.615615616   14.899900684   14.899900684   14.899900688
    0.630630631   14.843909513   14.843909513   14.843909517
    0.645645646   14.723399986   14.723399986   14.723399990
    0.660660661   14.620436992   14.620436992   14.620436996
    0.675675676   14.601667297   14.601667298   14.601667301
    0.690690691   14.658205470   14.658205470   14.658205474
    0.705705706   14.752991790   14.752991791   14.752991794
    0.720720721   14.856364181   14.856364181   14.856364185
    0.735735736   14.952911255   14.952911256   14.952911259
    0.750750751   15.046893647   15.046893648   15.046893651
    0.765765766   15.151068826   15.151068826   15.151068830
    0.780780781   15.258224852   15.258224852   15.258224856
    0.795795796   15.333537595   15.333537595   15.333537599
    0.810810811   15.325073809   15.325073810   15.325073813
    0.825825826   15.205478385   15.205478385   15.205478389
    0.840840841   15.040653656   15.040653657   15.040653661
    0.855855856   14.948878360   14.948878360   14.948878364
    0.870870871   14.967405521   14.967405522   14.967405526
    0.885885886   15.043909783   15.043909783   15.043909787
    0.900900901   15.109932289   15.109932289   15.109932293
    0.915915916   15.135557305   15.135557305   15.135557309
    0.930930931   15.153320392   15.153320392   15.153320396
    0.945945946   15.198236973   15.198236973   15.198236977
    0.960960961   15.258008354   15.258008354   15.258008358
    0.975975976   15.324714619   15.324714619   15.324714623
    0.990990991   15.416343784   15.416343784   15.416343788
    1.006006006   15.531386526   15.531386527   15.531386531
    1.021021021   15.655858504   15.655858505   15.655858508
    1.036036036   15.798750300   15.798750300   15.798750304
    1.051051051   15.968519976   15.968519976   15.968519980
    1.066066066   16.142304464   16.142304464   16.142304468
    1.081081081   16.275768537   16.275768537   16.275768541
    1.096096096   16.320218742   16.320218743   16.320218747
    1.111111111   16.254869338   16.254869338   16.254869342
    1.126126126   16.147215521   16.147215521   16.147215525
    1.141141141   16.108354593   16.108354593   16.108354597
    1.156156156   16.151828066   16.151828066   16.151828070
    1.171171171   16.207713281   16.207713282   16.207713286
    1.186186186   16.218954375   16.218954375   16.218954379
    1.201201201   16.177309745   16.177309745   16.177309749
    1.216216216   16.141069623   16.141069623   16.141069627
    1.231231231   16.180658899   16.180658899   16.180658903
    1.246246246   16.303085941   16.303085941   16.303085945
    1.261261261   16.494284253   16.494284253   16.494284257
    1.276276276   16.750054924   16.750054924   16.750054928
    1.291291291   17.051167220   17.051167220   17.051167224
    1.306306306   17.364782649   17.364782650   17.364782654
    1.321321321   17.654733273   17.654733273   17.654733277
    1.336336336   17.890334089   17.890334089   17.890334093
    1.351351351   18.060188761   18.060188762   18.060188766
    1.366366366   18.158917262   18.158917262   18.158917266
    1.381381381   18.169318083   18.169318083   18.169318087
    1.396396396   18.108356934   18.108356935   18.108356938
    1.411411411   18.055249568   18.055249569   18.055249572
    1.426426426   18.066459956   18.066459957   18.066459961
    1.441441441   18.119124863   18.119124863   18.119124867
    1.456456456   18.195922818   18.195922818   18.195922822
    1.471471471   18.325847490   18.325847490   18.325847494
    1.486486486   18.529019904   18.529019904   18.529019908
    1.501501502   18.813499901   18.813499901   18.813499905
    1.516516517   19.174939726   19.174939727   19.174939731
    1.531531532   19.584862380   19.584862380   19.584862384
    1.546546547   20.008869349   20.008869350   20.008869353
    1.561561562   20.409768948   20.409768949   20.409768952
    1.576576577   20.717018225   20.717018226   20.717018229
    1.591591592   20.853792505   20.853792506   20.853792510
    1.606606607   20.851396680   20.851396680   20.851396684
    1.621621622   20.851331270   20.851331270   20.851331274
    1.636636637   20.981383510   20.981383510   20.981383514
    1.651651652   21.305057919   21.305057919   21.305057923
    1.666666667   21.781220414   21.781220414   21.781220418
    1.681681682   22.286357434   22.286357435   22.286357439
    1.696696697   22.725900425   22.725900426   22.725900429
    1.711711712   23.099986645   23.099986645   23.099986649
    1.726726727   23.408682386   23.408682386   23.408682390
    1.741741742   23.570132947   23.570132948   23.570132952
    1.756756757   23.484244367   23.484244368   23.484244372
    1.771771772   23.098810339   23.098810339   23.098810343
    1.786786787   22.423961925   22.423961926   22.423961930
    1.801801802   21.585921797   21.585921797   21.585921801
    1.816816817   20.772800903   20.772800903   20.772800907
    1.831831832   20.028176055   20.028176056   20.028176059
    1.846846847   19.276918186   19.276918186   19.276918190
    1.861861862   18.448930857   18.448930857   18.448930861
    1.876876877   17.567351763   17.567351763   17.567351767
    1.891891892   16.761145665   16.761145666   16.761145669
    1.906906907   16.173192414   16.173192414   16.173192418
    1.921921922   15.887619364   15.887619364   15.887619368
    1.936936937   15.850554250   15.850554250   15.850554254
    1.951951952   15.855130381   15.855130382   15.855130385
    1.966966967   15.690606949   15.690606949   15.690606953
    1.981981982   15.254584444   15.254584445   15.254584448
    1.996996997   14.542838262   14.542838262   14.542838266
    2.012012012   13.684102283   13.684102283   13.684102287
    2.027027027   12.892578964   12.892578964   12.892578968
    2.042042042   12.334556170   12.334556170   12.334556174
    2.057057057   12.074291569   12.074291569   12.074291573
    2.072072072   12.041302650   12.041302650   12.041302654
    2.087087087   12.100213764   12.100213764   12.100213768
    2.102102102   12.174921968   12.174921968   12.174921972
    2.117117117   12.252977425   12.252977426   12.252977430
    2.132132132   12.344505529   12.344505530   12.344505534
    2.147147147   12.412693059   12.412693059   12.412693063
    2.162162162   12.385655729   12.385655729   12.385655733
    2.177177177   12.225114971   12.225114971   12.225114975
    2.192192192   11.906118314   11.906118314   11.906118318
    2.207207207   11.457656851   11.457656851   11.457656855
    2.222222222   10.984747903   10.984747903   10.984747907
    2.237237237   10.552957453   10.552957453   10.552957457
    2.252252252   10.201378176   10.201378177   10.201378181
    2.267267267   10.018024390   10.018024390   10.018024394
    2.282282282   10.046824261   10.046824261   10.046824265
    2.297297297   10.208761172   10.208761172   10.208761176
    2.312312312   10.398745047   10.398745047   10.398745051
    2.327327327   10.558714815   10.558714816   10.558714819
    2.342342342   10.650979546   10.650979546   10.650979550
    2.357357357   10.681850940   10.681850940   10.681850944
    2.372372372   10.697461020   10.697461021   10.697461024
    2.387387387   10.748992588   10.748992589   10.748992592
    2.402402402   10.868878082   10.868878082   10.868878086
    2.417417417   11.001783850   11.001783850   11.001783854
    2.432432432   11.050520868   11.050520868   11.050520872
    2.447447447   10.957501595   10.957501595   10.957501599
    2.462462462   10.707377354   10.707377355   10.707377358
    2.477477477   10.356417719   10.356417719   10.356417723
    2.492492492   10.042557012   10.042557012   10.042557016
    2.507507508    9.885987236    9.885987236    9.885987240
    2.522522523    9.891188403    9.891188403    9.891188407
    2.537537538    9.987132087    9.987132087    9.987132091
    2.552552553   10.107842229   10.107842229   10.107842233
    2.567567568   10.211295173   10.211295173   10.211295177
    2.582582583   10.302554786   10.302554786   10.302554790
    2.597597598   10.420942077   10.420942078   10.420942081
    2.612612613   10.596852659   10.596852659   10.596852663
    2.627627628   10.828893917   10.828893917   10.828893921
    2.642642643   11.086556510   11.086556510   11.086556514
    2.657657658   11.332355311   11.332355312   11.332355316
    2.672672673   11.540929715   11.540929715   11.540929719
    2.687687688   11.681728374   11.681728375   11.681728379
    2.702702703   11.725793523   11.725793524   11.725793527
    2.717717718   11.677306851   11.677306852   11.677306856
    2.732732733   11.555925375   11.555925375   11.555925379
    2.747747748   11.392193869   11.392193869   11.392193873
    2.762762763   11.261577628   11.261577628   11.261577632
    2.777777778   11.246179270   11.246179271   11.246179274
    2.792792793   11.368569584   11.368569585   11.368569588
    2.807807808   11.576839074   11.576839074   11.576839078
    2.822822823   11.798864619   11.798864620   11.798864623
    2.837837838   12.008545578   12.008545579   12.008545582
    2.852852853   12.203932770   12.203932770   12.203932774
    2.867867868   12.374547957   12.374547958   12.374547962
    2.882882883   12.521491635   12.521491636   12.521491639
    2.897897898   12.650555145   12.650555145   12.650555149
    2.912912913   12.761456669   12.761456670   12.761456673
    2.927927928   12.843329624   12.843329625   12.843329628
    2.942942943   12.853777396   12.853777396   12.853777400
    2.957957958   12.753131775   12.753131775   12.753131779
    2.972972973   12.550785159   12.550785159   12.550785163
    2.987987988   12.311433577   12.311433577   12.311433581
    3.003003003   12.099755939   12.099755939   12.099755943
    3.018018018   11.951396947   11.951396948   11.951396952
    3.033033033   11.873936755   11.873936755   11.873936759
    3.048048048   11.849885356   11.849885356   11.849885360
    3.063063063   11.875097180   11.875097180   11.875097184
    3.078078078   11.920901036   11.920901037   11.920901040
    3.093093093   11.910661335   11.910661335   11.910661339
    3.108108108   11.811548518   11.811548518   11.811548522
    3.123123123   11.651911302   11.651911302   11.651911306
    3.138138138   11.456065181   11.456065181   11.456065185
    3.153153153   11.249219447   11.249219447   11.249219451
    3.168168168   11.097103517   11.097103517   11.097103521
    3.183183183   11.054104859   11.054104859   11.054104863
    3.198198198   11.080959577   11.080959577   11.080959581
    3.213213213   11.106362526   11.106362527   11.106362530
    3.228228228   11.136092834   11.136092835   11.136092838
    3.243243243   11.215602737   11.215602737   11.215602741
    3.258258258   11.340343371   11.340343371   11.340343375
    3.273273273   11.432502748   11.432502748   11.432502752
    3.288288288   11.419802475   11.419802476   11.419802480
    3.303303303   11.309063012   11.309063012   11.309063016
    3.318318318   11.167140272   11.167140272   11.167140276
    3.333333333   11.042765715   11.042765715   11.042765719
    3.348348348   10.942100732   10.942100732   10.942100736
    3.363363363   10.881503116   10.881503116   10.881503120
    3.378378378   10.858302460   10.858302461   10.858302464
    3.393393393   10.797447614   10.797447614   10.797447618
    3.408408408   10.675910967   10.675910967   10.675910971
    3.423423423   10.599114947   10.599114947   10.599114951
    3.438438438   10.645676428   10.645676428   10.645676432
    3.453453453   10.788636326   10.788636326   10.788636330
    3.468468468   10.967278816   10.967278816   10.967278820
    3.483483483   11.116408909   11.116408909   11.116408913
    3.498498498   11.206490772   11.206490772   11.206490776
    3.513513514   11.234785420   11.234785420   11.234785424
    3.528528529   11.180611468   11.180611468   11.180611472
    3.543543544   11.048695736   11.048695736   11.048695740
    3.558558559   10.872730197   10.872730197   10.872730201
    3.573573574   10.669110788   10.669110788   10.669110792
    3.588588589   10.472581493   10.472581493   10.472581497
    3.603603604   10.308949872   10.308949872   10.308949876
    3.618618619   10.145468749   10.145468749   10.145468753
    3.633633634    9.953281834    9.953281835    9.953281838
    3.648648649    9.672707067    9.672707068    9.672707071
    3.663663664    9.169873615    9.169873616    9.169873619
    3.678678679    8.280272644    8.280272644    8.280272648
    3.693693694    6.868405965    6.868405965    6.868405969
    3.708708709    4.877224823    4.877224823    4.877224827
    3.723723724    2.352708193    2.352708193    2.352708197
    3.738738739   -0.437985494   -0.437985494   -0.437985490
    3.753753754   -2.986078391   -2.986078391   -2.986078387
    3.768768769   -4.793132213   -4.793132213   -4.793132209
    3.783783784   -5.794412189   -5.794412189   -5.794412185
    3.798798799   -6.408555150   -6.408555150   -6.408555146
    3.813813814   -7.085228747   -7.085228747   -7.085228743
    3.828828829   -7.958341299   -7.958341299   -7.958341295
    3.843843844   -8.747397909   -8.747397909   -8.747397905
    3.858858859   -9.049869143   -9.049869143   -9.049869139
    3.873873874   -8.827598801   -8.827598801   -8.827598797
    3.888888889   -8.377251678   -8.377251678   -8.377251674
    3.903903904   -7.997964656   -7.997964656   -7.997964652
    3.918918919   -7.843212174   -7.843212174   -7.843212170
    3.933933934   -7.969072844   -7.969072843   -7.969072840
    3.948948949   -8.374632712   -8.374632712   -8.374632708
    3.963963964   -8.916582607   -8.916582607   -8.916582603
    3.978978979   -9.301840065   -9.301840065   -9.301840061
    3.993993994   -9.319835810   -9.319835810   -9.319835806
    4.009009009   -9.010438565   -9.010438565   -9.010438561
    4.024024024   -8.523659714   -8.523659714   -8.523659710
    4.039039039   -7.980863056   -7.980863055   -7.980863051
    4.054054054   -7.471573519   -7.471573519   -7.471573515
    4.069069069   -7.065301556   -7.065301556   -7.065301552
    4.084084084   -6.824409904   -6.824409903   -6.824409900
    4.099099099   -6.791286814   -6.791286814   -6.791286810
    4.114114114   -6.976421872   -6.976421872   -6.976421868
    4.129129129   -7.342063224   -7.342063224   -7.342063220
    4.144144144   -7.760057019   -7.760057019   -7.760057015
    4.159159159   -8.030104674   -8.030104674   -8.030104670
    4.174174174   -8.006692614   -8.006692614   -8.006692610
    4.189189189   -7.716598367   -7.716598367   -7.716598363
    4.204204204   -7.286404797   -7.286404796   -7.286404793
    4.219219219   -6.824990108   -6.824990107   -6.824990104
    4.234234234   -6.411439427   -6.411439427   -6.411439423
    4.249249249   -6.098799148   -6.098799148   -6.098799144
    4.264264264   -5.892465995   -5.892465995   -5.892465991
    4.279279279   -5.752619091   -5.752619091   -5.752619087
    4.294294294   -5.646523617   -5.646523616   -5.646523612
    4.309309309   -5.587655338   -5.587655337   -5.587655334
    4.324324324   -5.609609320   -5.609609319   -5.609609316
    4.339339339   -5.725171389   -5.725171389   -5.725171385
    4.354354354   -5.924888365   -5.924888365   -5.924888361
    4.369369369   -6.145684665   -6.145684665   -6.145684661
    4.384384384   -6.249504733   -6.249504732   -6.249504728
    4.399399399   -6.137829800   -6.137829800   -6.137829796
    4.414414414   -5.858462489   -5.858462488   -5.858462485
    4.429429429   -5.527465748   -5.527465748   -5.527465744
    4.444444444   -5.218516714   -5.218516714   -5.218516710
    4.459459459   -4.954390395   -4.954390395   -4.954390391
    4.474474474   -4.744498760   -4.744498760   -4.744498756
    4.489489489   -4.589578112   -4.589578111   -4.589578108
    4.504504505   -4.461385880   -4.461385879   -4.461385875
    4.519519520   -4.330519851   -4.330519850   -4.330519847
    4.534534535   -4.209654061   -4.209654061   -4.209654057
    4.549549550   -4.122923680   -4.122923680   -4.122923676
    4.564564565   -4.076987858   -4.076987858   -4.076987854
    4.579579580   -4.077444447   -4.077444446   -4.077444443
    4.594594595   -4.141529465   -4.141529464   -4.141529461
    4.609609610   -4.291006315   -4.291006315   -4.291006311
    4.624624625   -4.491661355   -4.491661355   -4.491661351
    4.639639640   -4.638740148   -4.638740148   -4.638740144
    4.654654655   -4.668851810   -4.668851810   -4.668851806
    4.669669670   -4.633323041   -4.633323041   -4.633323037
    4.684684685   -4.600678101   -4.600678100   -4.600678097
    4.699699700   -4.569519055   -4.569519055   -4.569519051
    4.714714715   -4.521928255   -4.521928255   -4.521928251
    4.729729730   -4.453490081   -4.453490081   -4.453490077
    4.744744745   -4.356446949   -4.356446949   -4.356446945
    4.759759760   -4.227716699   -4.227716699   -4.227716695
    4.774774775   -4.076729949   -4.076729949   -4.076729945
    4.789789790   -3.929462840   -3.929462840   -3.929462836
    4.804804805   -3.821681447   -3.821681447   -3.821681443
    4.819819820   -3.770898552   -3.770898552   -3.770898548
    4.834834835   -3.769231169   -3.769231168   -3.769231165
    4.849849850   -3.803647046   -3.803647045   -3.803647042
    4.864864865   -3.859662365   -3.859662365   -3.859662361
    4.879879880   -3.923132822   -3.923132822   -3.923132818
    4.894894895   -3.982344733   -3.982344733   -3.982344729
    4.909909910   -4.034790737   -4.034790736   -4.034790733
    4.924924925   -4.080864253   -4.080864252   -4.080864249
    4.939939940   -4.123091028   -4.123091028   -4.123091024
    4.954954955   -4.191402656   -4.191402655   -4.191402651
    4.969969970   -4.319902375   -4.319902375   -4.319902371
    4.984984985   -4.522605267   -4.522605266   -4.522605263
    5.000000000   -4.814461255   -4.814461255   -4.814461251
    5.015015015   -5.190891872   -5.190891872   -5.190891868
    5.030030030   -5.586458338   -5.586458338   -5.586458334
    5.045045045   -5.905953007   -5.905953006   -5.905953002
    5.060060060   -6.102499339   -6.102499338   -6.102499334
    5.075075075   -6.191613660   -6.191613660   -6.191613656
    5.090090090   -6.220560929   -6.220560928   -6.220560925
    5.105105105   -6.237329427   -6.237329426   -6.237329422
    5.120120120   -6.259130482   -6.259130481   -6.259130478
    5.135135135   -6.281971786   -6.281971786   -6.281971782
    5.150150150   -6.310086815   -6.310086815   -6.310086811
    5.165165165   -6.351588053   -6.351588053   -6.351588049
    5.180180180   -6.411740423   -6.411740422   -6.411740418
    5.195195195   -6.484515386   -6.484515386   -6.484515382
    5.210210210   -6.537628126   -6.537628125   -6.537628121
    5.225225225   -6.532683595   -6.532683595   -6.532683591
    5.240240240   -6.456394038   -6.456394038   -6.456394034
    5.255255255   -6.341699378   -6.341699378   -6.341699374
    5.270270270   -6.244775094   -6.244775094   -6.244775090
    5.285285285   -6.188287438   -6.188287438   -6.188287434
    5.300300300   -6.164239601   -6.164239601   -6.164239597
    5.315315315   -6.169039156   -6.169039156   -6.169039152
    5.330330330   -6.204429409   -6.204429409   -6.204429405
    5.345345345   -6.253818106   -6.253818105   -6.253818102
    5.360360360   -6.277353335   -6.277353335   -6.277353331
    5.375375375   -6.240980426   -6.240980425   -6.240980422
    5.390390390   -6.147373469   -6.147373468   -6.147373464
    5.405405405   -6.024561573   -6.024561572   -6.024561568
    5.420420420   -5.898637227   -5.898637227   -5.898637223
    5.435435435   -5.779984391   -5.779984391   -5.779984387
    5.450450450   -5.675436638   -5.675436638   -5.675436634
    5.465465465   -5.594954441   -5.594954441   -5.594954437
    5.480480480   -5.542335593   -5.542335593   -5.542335589
    5.495495495   -5.524814905   -5.524814905   -5.524814901
    5.510510511   -5.546005032   -5.546005031   -5.546005027
    5.525525526   -5.579135688   -5.579135688   -5.579135684
    5.540540541   -5.579935355   -5.579935355   -5.579935351
    5.555555556   -5.541090439   -5.541090439   -5.541090435
    5.570570571   -5.501020746   -5.501020746   -5.501020742
    5.585585586   -5.498143782   -5.498143782   -5.498143778
    5.600600601   -5.528676272   -5.528676272   -5.528676268
    5.615615616   -5.552301545   -5.552301545   -5.552301541
    5.630630631   -5.539741739   -5.539741739   -5.539741735
    5.645645646   -5.492498896   -5.492498895   -5.492498892
    5.660660661   -5.412774099   -5.412774099   -5.412774095
    5.675675676   -5.307360952   -5.307360951   -5.307360948
    5.690690691   -5.211055334   -5.211055334   -5.211055330
    5.705705706   -5.153616913   -5.153616913   -5.153616909
    5.720720721   -5.133895546   -5.133895545   -5.133895542
    5.735735736   -5.136222821   -5.136222820   -5.136222816
    5.750750751   -5.137743734   -5.137743733   -5.137743729
    5.765765766   -5.118271790   -5.118271790   -5.118271786
    5.780780781   -5.073333476   -5.073333476   -5.073333472
    5.795795796   -5.012317648   -5.012317648   -5.012317644
    5.810810811   -4.948219679   -4.948219679   -4.948219675
    5.825825826   -4.893949492   -4.893949491   -4.893949487
    5.840840841   -4.859730824   -4.859730824   -4.859730820
    5.855855856   -4.839530462   -4.839530461   -4.839530457
    5.870870871   -4.818462190   -4.818462190   -4.818462186
    5.885885886   -4.797503630   -4.797503630   -4.797503626
    5.900900901   -4.793314416   -4.793314415   -4.793314411
    5.915915916   -4.807779767   -4.807779767   -4.807779763
    5.930930931   -4.824461358   -4.824461358   -4.824461354
    5.945945946   -4.838831161   -4.838831161   -4.838831157
    5.960960961   -4.854002295   -4.854002295   -4.854002291
    5.975975976   -4.863936439   -4.863936438   -4.863936434
    5.990990991   -4.856800221   -4.856800221   -4.856800217
    6.006006006   -4.822898446   -4.822898446   -4.822898442
    6.021021021   -4.766981907   -4.766981907   -4.766981903
    6.036036036   -4.707085270   -4.707085270   -4.707085266
    6.051051051   -4.654574683   -4.654574683   -4.654574679
    6.066066066   -4.601944703   -4.601944703   -4.601944699
    6.081081081   -4.534745974   -4.534745973   -4.534745969
    6.096096096   -4.457727115   -4.457727115   -4.457727111
    6.111111111   -4.394597157   -4.394597157   -4.394597153
    6.126126126   -4.361965330   -4.361965330   -4.361965326
    6.141141141   -4.355686710   -4.355686710   -4.355686706
    6.156156156   -4.357231145   -4.357231145   -4.357231141
    6.171171171   -4.346777366   -4.346777366   -4.346777362
    6.186186186   -4.317054963   -4.317054963   -4.317054959
    6.201201201   -4.279004333   -4.279004333   -4.279004329
    6.216216216   -4.253488022   -4.253488022   -4.253488018
    6.231231231   -4.252317763   -4.252317762   -4.252317758
    6.246246246   -4.264006117   -4.264006117   -4.264006113
    6.261261261   -4.268589740   -4.268589740   -4.268589736
    6.276276276   -4.259388410   -4.259388409   -4.259388405
    6.291291291   -4.243600695   -4.243600694   -4.243600690
    6.306306306   -4.228693643   -4.228693642   -4.228693639
    6.321321321   -4.214137440   -4.214137440   -4.214137436
    6.336336336   -4.191989952   -4.191989951   -4.191989947
    6.351351351   -4.152497508   -4.152497507   -4.152497503
    6.366366366   -4.095199295   -4.095199294   -4.095199290
    6.381381381   -4.029856014   -4.029856014   -4.029856010
    6.396396396   -3.969853193   -3.969853193   -3.969853189
    6.411411411   -3.922036808   -3.922036808   -3.922036804
    6.426426426   -3.882423415   -3.882423415   -3.882423411
    6.441441441   -3.846241410   -3.846241410   -3.846241406
    6.456456456   -3.812193554   -3.812193554   -3.812193550
    6.471471471   -3.778704416   -3.778704416   -3.778704412
    6.486486486   -3.746344882   -3.746344882   -3.746344878
    6.501501502   -3.716838713   -3.716838713   -3.716838709
    6.516516517   -3.689492489   -3.689492488   -3.689492484
    6.531531532   -3.666304618   -3.666304618   -3.666304614
    6.546546547   -3.654958511   -3.654958511   -3.654958507
    6.561561562   -3.663012731   -3.663012731   -3.663012727
    6.576576577   -3.686296856   -3.686296856   -3.686296852
    6.591591592   -3.706300916   -3.706300915   -3.706300911
    6.606606607   -3.707578741   -3.707578741   -3.707578737
    6.621621622   -3.690043897   -3.690043897   -3.690043893
    6.636636637   -3.661097703   -3.661097703   -3.661097699
    6.651651652   -3.625643634   -3.625643633   -3.625643629
    6.666666667   -3.581408046   -3.581408046   -3.581408042
    6.681681682   -3.523901205   -3.523901205   -3.523901201
    6.696696697   -3.455815142   -3.455815142   -3.455815138
    6.711711712   -3.384891630   -3.384891629   -3.384891625
    6.726726727   -3.318415414   -3.318415413   -3.318415409
    6.741741742   -3.263596209   -3.263596209   -3.263596205
    6.756756757   -3.224995384   -3.224995384   -3.224995380
    6.771771772   -3.206430542   -3.206430542   -3.206430538
    6.786786787   -3.214311923   -3.214311923   -3.214311919
    6.801801802   -3.243315394   -3.243315394   -3.243315390
    6.816816817   -3.268752006   -3.268752006   -3.268752002
    6.831831832   -3.271782809   -3.271782808   -3.271782804
    6.846846847   -3.253822478   -3.253822477   -3.253822473
    6.861861862   -3.221392928   -3.221392928   -3.221392924
    6.876876877   -3.179428671   -3.179428671   -3.179428667
    6.891891892   -3.135697106   -3.135697106   -3.135697102
    6.906906907   -3.100113034   -3.100113034   -3.100113030
    6.921921922   -3.079532061   -3.079532060   -3.079532056
    6.936936937   -3.069584080   -3.069584080   -3.069584076
    6.951951952   -3.056431733   -3.056431733   -3.056431729
    6.966966967   -3.032375728   -3.032375728   -3.032375724
    6.981981982   -3.000431672   -3.000431672   -3.000431668
    6.996996997   -2.964073450   -2.964073450   -2.964073446
    7.012012012   -2.923903699   -2.923903698   -2.923903694
    7.027027027   -2.883264454   -2.883264453   -2.883264449
    7.042042042   -2.850012019   -2.850012019   -2.850012015
    7.057057057   -2.830526132   -2.830526132   -2.830526128
    7.072072072   -2.823395132   -2.823395132   -2.823395128
    7.087087087   -2.821695501   -2.821695501   -2.821695497
    7.102102102   -2.819742644   -2.819742643   -2.819742639
    7.117117117   -2.813282957   -2.813282957   -2.813282953
    7.132132132   -2.796010798   -2.796010797   -2.796010793
    7.147147147   -2.764198201   -2.764198201   -2.764198197
    7.162162162   -2.721750989   -2.721750989   -2.721750985
    7.177177177   -2.677226837   -2.677226837   -2.677226833
    7.192192192   -2.636434644   -2.636434644   -2.636434640
    7.207207207   -2.598205488   -2.598205488   -2.598205484
    7.222222222   -2.563787628   -2.563787628   -2.563787624
    7.237237237   -2.539114213   -2.539114213   -2.539114209
    7.252252252   -2.527755767   -2.527755767   -2.527755763
    7.267267267   -2.527854299   -2.527854299   -2.527854295
    7.282282282   -2.530295030   -2.530295030   -2.530295026
    7.297297297   -2.523068289   -2.523068289   -2.523068285
    7.312312312   -2.500228409   -2.500228409   -2.500228405
    7.327327327   -2.463477091   -2.463477091   -2.463477087
    7.342342342   -2.417708202   -2.417708202   -2.417708198
    7.357357357   -2.368373511   -2.368373511   -2.368373507
    7.372372372   -2.319255079   -2.319255079   -2.319255075
    7.387387387   -2.274120708   -2.274120708   -2.274120704
    7.402402402   -2.239110098   -2.239110098   -2.239110094
    7.417417417   -2.217473264   -2.217473264   -2.217473260
    7.432432432   -2.205698198   -2.205698198   -2.205698194
    7.447447447   -2.197228295   -2.197228295   -2.197228291
    7.462462462   -2.185171227   -2.185171227   -2.185171223
    7.477477477   -2.165990464   -2.165990463   -2.165990459
    7.492492492   -2.143797762   -2.143797761   -2.143797757
    7.507507508   -2.124363002   -2.124363002   -2.124362998
    7.522522523   -2.108692084   -2.108692084   -2.108692080
    7.537537538   -2.096198940   -2.096198940   -2.096198936
    7.552552553   -2.088197996   -2.088197995   -2.088197991
    7.567567568   -2.089698126   -2.089698126   -2.089698122
    7.582582583   -2.106124000   -2.106123999   -2.106123995
    7.597597598   -2.136832672   -2.136832672   -2.136832668
    7.612612613   -2.174639395   -2.174639394   -2.174639390
    7.627627628   -2.207186935   -2.207186935   -2.207186931
    7.642642643   -2.223411265   -2.223411265   -2.223411261
    7.657657658   -2.221049069   -2.221049069   -2.221049065
    7.672672673   -2.206910326   -2.206910326   -2.206910322
    7.687687688   -2.194015998   -2.194015997   -2.194015993
    7.702702703   -2.188225200   -2.188225200   -2.188225196
    7.717717718   -2.184024849   -2.184024849   -2.184024845
    7.732732733   -2.176867939   -2.176867938   -2.176867934
    7.747747748   -2.168768560   -2.168768560   -2.168768556
    7.762762763   -2.162680385   -2.162680385   -2.162680381
    7.777777778   -2.158200319   -2.158200318   -2.158200314
    7.792792793   -2.154092318   -2.154092318   -2.154092314
    7.807807808   -2.150409267   -2.150409267   -2.150409263
    7.822822823   -2.148457734   -2.148457733   -2.148457729
    7.837837838   -2.148592728   -2.148592728   -2.148592724
    7.852852853   -2.148760692   -2.148760692   -2.148760688
    7.867867868   -2.147213684   -2.147213684   -2.147213680
    7.882882883   -2.142916792   -2.142916791   -2.142916787
    7.897897898   -2.136903097   -2.136903097   -2.136903093
    7.912912913   -2.133344582   -2.133344582   -2.133344578
    7.927927928   -2.137872936   -2.137872936   -2.137872932
    7.942942943   -2.151178592   -2.151178592   -2.151178588
    7.957957958   -2.163334461   -2.163334461   -2.163334457
    7.972972973   -2.162264204   -2.162264204   -2.162264200
    7.987987988   -2.148166225   -2.148166224   -2.148166220
    8.003003003   -2.129237940   -2.129237940   -2.129237936
    8.018018018   -2.111177744   -2.111177744   -2.111177740
    8.033033033   -2.096978013   -2.096978012   -2.096978008
    8.048048048   -2.087503662   -2.087503661   -2.087503657
    8.063063063   -2.082815243   -2.082815243   -2.082815239
    8.078078078   -2.081605253   -2.081605253   -2.081605249
    8.093093093   -2.078119599   -2.078119599   -2.078119595
    8.108108108   -2.069403440   -2.069403440   -2.069403436
    8.123123123   -2.059754450   -2.059754449   -2.059754445
    8.138138138   -2.053054883   -2.053054883   -2.053054879
    8.153153153   -2.048208689   -2.048208689   -2.048208685
    8.168168168   -2.043650941   -2.043650941   -2.043650937
    8.183183183   -2.040078014   -2.040078013   -2.040078009
    8.198198198   -2.036720105   -2.036720105   -2.036720100
    8.213213213   -2.031852532   -2.031852532   -2.031852528
    8.228228228   -2.025658490   -2.025658490   -2.025658486
    8.243243243   -2.018588316   -2.018588315   -2.018588311
    8.258258258   -2.008743013   -2.008743013   -2.008743009
    8.273273273   -1.996931796   -1.996931796   -1.996931792
    8.288288288   -1.986576375   -1.986576374   -1.986576370
    8.303303303   -1.978727428   -1.978727428   -1.978727424
    8.318318318   -1.971535772   -1.971535772   -1.971535768
    8.333333333   -1.962050051   -1.962050051   -1.962050047
    8.348348348   -1.948983285   -1.948983285   -1.948983281
    8.363363363   -1.933689294   -1.933689293   -1.933689289
    8.378378378   -1.917958453   -1.917958452   -1.917958448
    8.393393393   -1.905447538   -1.905447538   -1.905447534
    8.408408408   -1.901918920   -1.901918920   -1.901918916
    8.423423423   -1.907721215   -1.907721215   -1.907721211
    8.438438438   -1.914798545   -1.914798544   -1.914798540
    8.453453453   -1.915901288   -1.915901287   -1.915901283
    8.468468468   -1.911388448   -1.911388448   -1.911388444
    8.483483483   -1.903651747   -1.903651747   -1.903651743
    8.498498498   -1.892902378   -1.892902378   -1.892902374
    8.513513514   -1.879693312   -1.879693312   -1.879693308
    8.528528529   -1.865099055   -1.865099055   -1.865099051
    8.543543544   -1.851772056   -1.851772056   -1.851772051
    8.558558559   -1.843153666   -1.843153666   -1.843153662
    8.573573574   -1.839621396   -1.839621395   -1.839621391
    8.588588589   -1.838404544   -1.838404544   -1.838404540
    8.603603604   -1.835477916   -1.835477916   -1.835477912
    8.618618619   -1.826770035   -1.826770035   -1.826770031
    8.633633634   -1.810386669   -1.810386668   -1.810386664
    8.648648649   -1.788749707   -1.788749707   -1.788749703
    8.663663664   -1.766292270   -1.766292270   -1.766292266
    8.678678679   -1.745455803   -1.745455803   -1.745455799
    8.693693694   -1.727537743   -1.727537742   -1.727537738
    8.708708709   -1.714425038   -1.714425037   -1.714425033
    8.723723724   -1.708637516   -1.708637516   -1.708637512
    8.738738739   -1.709749924   -1.709749924   -1.709749920
    8.753753754   -1.712191872   -1.712191872   -1.712191868
    8.768768769   -1.711613930   -1.711613929   -1.711613925
    8.783783784   -1.707853955   -1.707853955   -1.707853951
    8.798798799   -1.701197640   -1.701197640   -1.701197636
    8.813813814   -1.691963379   -1.691963379   -1.691963375
    8.828828829   -1.680427303   -1.680427302   -1.680427298
    8.843843844   -1.665614330   -1.665614330   -1.665614325
    8.858858859   -1.648256032   -1.648256032   -1.648256028
    8.873873874   -1.632567906   -1.632567906   -1.632567902
    8.888888889   -1.621102338   -1.621102338   -1.621102334
    8.903903904   -1.611679309   -1.611679309   -1.611679305
    8.918918919   -1.601416209   -1.601416209   -1.601416205
    8.933933934   -1.591005230   -1.591005230   -1.591005226
    8.948948949   -1.583451337   -1.583451336   -1.583451332
    8.963963964   -1.580702334   -1.580702333   -1.580702329
    8.978978979   -1.582451427   -1.582451427   -1.582451423
    8.993993994   -1.584148570   -1.584148570   -1.584148566
    9.009009009   -1.581030798   -1.581030798   -1.581030794
    9.024024024   -1.574922851   -1.574922851   -1.574922847
    9.039039039   -1.569206151   -1.569206151   -1.569206147
    9.054054054   -1.564253152   -1.564253152   -1.564253148
    9.069069069   -1.560874553   -1.560874553   -1.560874549
    9.084084084   -1.559314720   -1.559314720   -1.559314716
    9.099099099   -1.557131668   -1.557131668   -1.557131663
    9.114114114   -1.551489540   -1.551489540   -1.551489536
    9.129129129   -1.541229251   -1.541229250   -1.541229246
    9.144144144   -1.528340416   -1.528340416   -1.528340412
    9.159159159   -1.515261783   -1.515261783   -1.515261778
    9.174174174   -1.503104375   -1.503104374   -1.503104370
    9.189189189   -1.493658534   -1.493658534   -1.493658530
    9.204204204   -1.486860401   -1.486860401   -1.486860397
    9.219219219   -1.479431933   -1.479431932   -1.479431928
    9.234234234   -1.468639169   -1.468639169   -1.468639165
    9.249249249   -1.456133151   -1.456133151   -1.456133147
    9.264264264   -1.445569585   -1.445569585   -1.445569581
    9.279279279   -1.437984277   -1.437984277   -1.437984273
    9.294294294   -1.433186102   -1.433186101   -1.433186097
    9.309309309   -1.431117447   -1.431117447   -1.431117443
    9.324324324   -1.430307690   -1.430307690   -1.430307686
    9.339339339   -1.427483456   -1.427483455   -1.427483451
    9.354354354   -1.420408079   -1.420408079   -1.420408075
    9.369369369   -1.410191458   -1.410191457   -1.410191453
    9.384384384   -1.400393332   -1.400393332   -1.400393328
    9.399399399   -1.394055055   -1.394055055   -1.394055051
    9.414414414   -1.391425615   -1.391425615   -1.391425611
    9.429429429   -1.390147248   -1.390147248   -1.390147244
    9.444444444   -1.386784909   -1.386784909   -1.386784905
    9.459459459   -1.379297074   -1.379297073   -1.379297069
    9.474474474   -1.369612106   -1.369612106   -1.369612102
    9.489489489   -1.360810858   -1.360810857   -1.360810853
    9.504504505   -1.353195392   -1.353195392   -1.353195388
    9.519519520   -1.345490286   -1.345490285   -1.345490281
    9.534534535   -1.336738007   -1.336738007   -1.336738003
    9.549549550   -1.326687389   -1.326687388   -1.326687384
    9.564564565   -1.315904935   -1.315904935   -1.315904931
    9.579579580   -1.305684801   -1.305684801   -1.305684797
    9.594594595   -1.297852179   -1.297852179   -1.297852175
    9.609609610   -1.292779860   -1.292779860   -1.292779855
    9.624624625   -1.288738666   -1.288738666   -1.288738661
    9.639639640   -1.284103851   -1.284103851   -1.284103847
    9.654654655   -1.276493646   -1.276493646   -1.276493642
    9.669669670   -1.264647966   -1.264647965   -1.264647961
    9.684684685   -1.251670271   -1.251670270   -1.251670266
    9.699699700   -1.241675982   -1.241675982   -1.241675978
    9.714714715   -1.236413243   -1.236413243   -1.236413239
    9.729729730   -1.234441766   -1.234441766   -1.234441762
    9.744744745   -1.231734773   -1.231734773   -1.231734768
    9.759759760   -1.224897488   -1.224897488   -1.224897483
    9.774774775   -1.214435622   -1.214435621   -1.214435617
    9.789789790   -1.202588056   -1.202588056   -1.202588052
    9.804804805   -1.190111956   -1.190111956   -1.190111952
    9.819819820   -1.177788925   -1.177788925   -1.177788921
    9.834834835   -1.167512374   -1.167512374   -1.167512370
    9.849849850   -1.160092405   -1.160092405   -1.160092401
    9.864864865   -1.154389047   -1.154389047   -1.154389043
    9.879879880   -1.148971546   -1.148971546   -1.148971541
    9.894894895   -1.142271907   -1.142271907   -1.142271903
    9.909909910   -1.132729185   -1.132729185   -1.132729181
    9.924924925   -1.119792861   -1.119792860   -1.119792856
    9.939939940   -1.104411538   -1.104411538   -1.104411534
    9.954954955   -1.088724019   -1.088724018   -1.088724014
    9.969969970   -1.075855933   -1.075855933   -1.075855929
    9.984984985   -1.068237968   -1.068237967   -1.068237963
   10.000000000   -1.065298492   -1.065298492   -1.065298488
   10.015015015   -1.063975422   -1.063975422   -1.063975418
   10.030030030   -1.061713078   -1.061713078   -1.061713074
   10.045045045   -1.058067216   -1.058067215   -1.058067211
   10.060060060   -1.053165807   -1.053165807   -1.053165803
   10.075075075   -1.046964510   -1.046964510   -1.046964506
   10.090090090   -1.039964494   -1.039964493   -1.039964489
   10.105105105   -1.033117210   -1.033117209   -1.033117205
   10.120120120   -1.027363020   -1.027363020   -1.027363016
   10.135135135   -1.022925088   -1.022925088   -1.022925084
   10.150150150   -1.019772787   -1.019772787   -1.019772783
   10.165165165   -1.018881663   -1.018881663   -1.018881659
   10.180180180   -1.020469276   -1.020469276   -1.020469272
   10.195195195   -1.021462926   -1.021462926   -1.021462921
   10.210210210   -1.018593763   -1.018593762   -1.018593758
   10.225225225   -1.011642734   -1.011642734   -1.011642730
   10.240240240   -1.002386844   -1.002386844   -1.002386840
   10.255255255   -0.993311904   -0.993311903   -0.993311899
   10.270270270   -0.986477849   -0.986477848   -0.986477844
   10.285285285   -0.982153682   -0.982153682   -0.982153678
   10.300300300   -0.978531685   -0.978531685   -0.978531681
   10.315315315   -0.974107971   -0.974107971   -0.974107967
   10.330330330   -0.969197822   -0.969197822   -0.969197818
   10.345345345   -0.964392288   -0.964392288   -0.964392284
   10.360360360   -0.959835410   -0.959835409   -0.959835405
   10.375375375   -0.955671222   -0.955671222   -0.955671218
   10.390390390   -0.952544031   -0.952544031   -0.952544027
   10.405405405   -0.950889422   -0.950889422   -0.950889417
   10.420420420   -0.949778084   -0.949778083   -0.949778079
   10.435435435   -0.948129448   -0.948129448   -0.948129444
   10.450450450   -0.946699137   -0.946699136   -0.946699132
   10.465465465   -0.946230292   -0.946230292   -0.946230288
   10.480480480   -0.945388143   -0.945388143   -0.945388139
   10.495495495   -0.942554509   -0.942554509   -0.942554505
   10.510510511   -0.936512466   -0.936512466   -0.936512462
   10.525525526   -0.926876836   -0.926876836   -0.926876832
   10.540540541   -0.915318911   -0.915318911   -0.915318907
   10.555555556   -0.904371665   -0.904371665   -0.904371661
   10.570570571   -0.895178161   -0.895178161   -0.895178157
   10.585585586   -0.886761954   -0.886761954   -0.886761949
   10.600600601   -0.877108529   -0.877108529   -0.877108525
   10.615615616   -0.865595309   -0.865595309   -0.865595305
   10.630630631   -0.853729405   -0.853729404   -0.853729400
   10.645645646   -0.843706218   -0.843706218   -0.843706214
   10.660660661   -0.836406552   -0.836406552   -0.836406548
   10.675675676   -0.830653824   -0.830653824   -0.830653820
   10.690690691   -0.825129753   -0.825129753   -0.825129748
   10.705705706   -0.819565856   -0.819565856   -0.819565852
   10.720720721   -0.814809678   -0.814809677   -0.814809673
   10.735735736   -0.811525774   -0.811525774   -0.811525770
   10.750750751   -0.808376397   -0.808376397   -0.808376393
   10.765765766   -0.803425123   -0.803425122   -0.803425118
   10.780780781   -0.796375581   -0.796375580   -0.796375576
   10.795795796   -0.787997280   -0.787997280   -0.787997275
   10.810810811   -0.779228367   -0.779228367   -0.779228362
   10.825825826   -0.771081502   -0.771081502   -0.771081497
   10.840840841   -0.764463207   -0.764463207   -0.764463203
   10.855855856   -0.759610692   -0.759610692   -0.759610687
   10.870870871   -0.755583750   -0.755583750   -0.755583746
   10.885885886   -0.751252442   -0.751252442   -0.751252438
   10.900900901   -0.746642590   -0.746642590   -0.746642585
   10.915915916   -0.743070939   -0.743070939   -0.743070934
   10.930930931   -0.741064008   -0.741064008   -0.741064004
   10.945945946   -0.739143259   -0.739143259   -0.739143255
   10.960960961   -0.735382302   -0.735382302   -0.735382298
   10.975975976   -0.728719750   -0.728719750   -0.728719745
   10.990990991   -0.719239988   -0.719239988   -0.719239983
   11.006006006   -0.708376808   -0.708376808   -0.708376804
   11.021021021   -0.698536487   -0.698536486   -0.698536482
   11.036036036   -0.690837862   -0.690837862   -0.690837858
   11.051051051   -0.684661755   -0.684661754   -0.684661750
   11.066066066   -0.679545742   -0.679545742   -0.679545738
   11.081081081   -0.675191205   -0.675191205   -0.675191201
   11.096096096   -0.671074824   -0.671074824   -0.671074820
   11.111111111   -0.666866392   -0.666866392   -0.666866388
   11.126126126   -0.662923841   -0.662923840   -0.662923836
   11.141141141   -0.659722750   -0.659722750   -0.659722746
   11.156156156   -0.657338312   -0.657338311   -0.657338307
   11.171171171   -0.656017118   -0.656017118   -0.656017114
   11.186186186   -0.655472028   -0.655472028   -0.655472023
   11.201201201   -0.654250066   -0.654250065   -0.654250061
   11.216216216   -0.650944049   -0.650944049   -0.650944045
   11.231231231   -0.645495263   -0.645495263   -0.645495259
   11.246246246   -0.639257635   -0.639257635   -0.639257631
   11.261261261   -0.633826907   -0.633826907   -0.633826903
   11.276276276   -0.629327391   -0.629327391   -0.629327387
   11.291291291   -0.624699355   -0.624699355   -0.624699351
   11.306306306   -0.619639183   -0.619639182   -0.619639178
   11.321321321   -0.614801687   -0.614801687   -0.614801683
   11.336336336   -0.610637718   -0.610637718   -0.610637714
   11.351351351   -0.606551487   -0.606551486   -0.606551482
   11.366366366   -0.601672115   -0.601672115   -0.601672111
   11.381381381   -0.595581596   -0.595581596   -0.595581592
   11.396396396   -0.588049135   -0.588049135   -0.588049131
   11.411411411   -0.579128900   -0.579128899   -0.579128895
   11.426426426   -0.569361251   -0.569361251   -0.569361247
   11.441441441   -0.559621668   -0.559621667   -0.559621663
   11.456456456   -0.551245642   -0.551245642   -0.551245638
   11.471471471   -0.545187229   -0.545187229   -0.545187225
   11.486486486   -0.541258903   -0.541258903   -0.541258899
   11.501501502   -0.538875547   -0.538875547   -0.538875542
   11.516516517   -0.537604207   -0.537604207   -0.537604202
   11.531531532   -0.537252252   -0.537252252   -0.537252248
   11.546546547   -0.537373071   -0.537373070   -0.537373066
   11.561561562   -0.536897009   -0.536897008   -0.536897004
   11.576576577   -0.534764614   -0.534764614   -0.534764610
   11.591591592   -0.531223968   -0.531223967   -0.531223963
   11.606606607   -0.527512691   -0.527512691   -0.527512686
   11.621621622   -0.524124949   -0.524124949   -0.524124945
   11.636636637   -0.520722621   -0.520722621   -0.520722617
   11.651651652   -0.517275055   -0.517275055   -0.517275051
   11.666666667   -0.513948697   -0.513948697   -0.513948692
   11.681681682   -0.511014938   -0.511014938   -0.511014934
   11.696696697   -0.508496562   -0.508496562   -0.508496558
   11.711711712   -0.505518461   -0.505518461   -0.505518456
   11.726726727   -0.501261851   -0.501261850   -0.501261846
   11.741741742   -0.495943664   -0.495943664   -0.495943659
   11.756756757   -0.490191942   -0.490191941   -0.490191937
   11.771771772   -0.484508783   -0.484508783   -0.484508779
   11.786786787   -0.479219090   -0.479219089   -0.479219085
   11.801801802   -0.473946443   -0.473946443   -0.473946439
   11.816816817   -0.468310756   -0.468310755   -0.468310751
   11.831831832   -0.462972933   -0.462972933   -0.462972928
   11.846846847   -0.459432638   -0.459432638   -0.459432633
   11.861861862   -0.458219311   -0.458219310   -0.458219306
   11.876876877   -0.458607049   -0.458607049   -0.458607044
   11.891891892   -0.460174988   -0.460174988   -0.460174984
   11.906906907   -0.463042342   -0.463042342   -0.463042338
   11.921921922   -0.466861836   -0.466861836   -0.466861832
   11.936936937   -0.470661769   -0.470661769   -0.470661764
   11.951951952   -0.473424550   -0.473424549   -0.473424545
   11.966966967   -0.474507438   -0.474507438   -0.474507434
   11.981981982   -0.473749227   -0.473749227   -0.473749223
   11.996996997   -0.471104458   -0.471104458   -0.471104454
   12.012012012   -0.466521449   -0.466521449   -0.466521445
   12.027027027   -0.460325301   -0.460325301   -0.460325297
   12.042042042   -0.453227711   -0.453227711   -0.453227706
   12.057057057   -0.445979398   -0.445979398   -0.445979393
   12.072072072   -0.439355696   -0.439355695   -0.439355691
   12.087087087   -0.434257432   -0.434257432   -0.434257428
   12.102102102   -0.430651667   -0.430651667   -0.430651663
   12.117117117   -0.427726650   -0.427726650   -0.427726646
   12.132132132   -0.424802431   -0.424802431   -0.424802426
   12.147147147   -0.421285938   -0.421285938   -0.421285933
   12.162162162   -0.416587801   -0.416587801   -0.416587796
   12.177177177   -0.410678854   -0.410678854   -0.410678850
   12.192192192   -0.404368224   -0.404368224   -0.404368219
   12.207207207   -0.398851025   -0.398851024   -0.398851020
   12.222222222   -0.395035627   -0.395035626   -0.395035622
   12.237237237   -0.393153728   -0.393153727   -0.393153723
   12.252252252   -0.392783964   -0.392783964   -0.392783959
   12.267267267   -0.393153778   -0.393153778   -0.393153774
   12.282282282   -0.393426450   -0.393426450   -0.393426445
   12.297297297   -0.393145809   -0.393145809   -0.393145805
   12.312312312   -0.392175840   -0.392175840   -0.392175835
   12.327327327   -0.390037672   -0.390037671   -0.390037667
   12.342342342   -0.386388384   -0.386388383   -0.386388379
   12.357357357   -0.381897563   -0.381897562   -0.381897558
   12.372372372   -0.377601883   -0.377601882   -0.377601878
   12.387387387   -0.374040359   -0.374040358   -0.374040354
   12.402402402   -0.371251205   -0.371251205   -0.371251201
   12.417417417   -0.368982169   -0.368982168   -0.368982164
   12.432432432   -0.366467308   -0.366467308   -0.366467303
   12.447447447   -0.362627476   -0.362627476   -0.362627471
   12.462462462   -0.357122060   -0.357122059   -0.357122055
   12.477477477   -0.350764741   -0.350764741   -0.350764737
   12.492492492   -0.344835038   -0.344835038   -0.344835034
   12.507507508   -0.339983550   -0.339983550   -0.339983545
   12.522522523   -0.336232034   -0.336232033   -0.336232029
   12.537537538   -0.333965146   -0.333965146   -0.333965141
   12.552552553   -0.333301950   -0.333301950   -0.333301945
   12.567567568   -0.333196826   -0.333196825   -0.333196821
   12.582582583   -0.332760436   -0.332760435   -0.332760431
   12.597597598   -0.331936943   -0.331936943   -0.331936938
   12.612612613   -0.330469495   -0.330469494   -0.330469490
   12.627627628   -0.328143158   -0.328143158   -0.328143153
   12.642642643   -0.325012317   -0.325012316   -0.325012312
   12.657657658   -0.321031505   -0.321031505   -0.321031501
   12.672672673   -0.316293939   -0.316293939   -0.316293935
   12.687687688   -0.311181393   -0.311181393   -0.311181389
   12.702702703   -0.306325223   -0.306325223   -0.306325218
   12.717717718   -0.302146343   -0.302146342   -0.302146338
   12.732732733   -0.298367832   -0.298367832   -0.298367828
   12.747747748   -0.294116784   -0.294116784   -0.294116779
   12.762762763   -0.288958339   -0.288958338   -0.288958334
   12.777777778   -0.283674730   -0.283674730   -0.283674725
   12.792792793   -0.279261257   -0.279261257   -0.279261253
   12.807807808   -0.276078373   -0.276078373   -0.276078368
   12.822822823   -0.274011774   -0.274011774   -0.274011770
   12.837837838   -0.272556424   -0.272556423   -0.272556419
   12.852852853   -0.271107353   -0.271107353   -0.271107349
   12.867867868   -0.269134680   -0.269134679   -0.269134675
   12.882882883   -0.266345471   -0.266345471   -0.266345466
   12.897897898   -0.263077789   -0.263077788   -0.263077784
   12.912912913   -0.259984771   -0.259984771   -0.259984766
   12.927927928   -0.257179424   -0.257179424   -0.257179419
   12.942942943   -0.254337928   -0.254337928   -0.254337924
   12.957957958   -0.251296574   -0.251296574   -0.251296569
   12.972972973   -0.248244456   -0.248244455   -0.248244451
   12.987987988   -0.245429710   -0.245429710   -0.245429705
   13.003003003   -0.242570102   -0.242570102   -0.242570098
   13.018018018   -0.239180764   -0.239180764   -0.239180759
   13.033033033   -0.235305667   -0.235305666   -0.235305662
   13.048048048   -0.231295139   -0.231295139   -0.231295134
   13.063063063   -0.227443236   -0.227443235   -0.227443231
   13.078078078   -0.223987092   -0.223987091   -0.223987087
   13.093093093   -0.220834475   -0.220834475   -0.220834471
   13.108108108   -0.217628430   -0.217628430   -0.217628425
   13.123123123   -0.214434220   -0.214434220   -0.214434216
   13.138138138   -0.211247950   -0.211247949   -0.211247945
   13.153153153   -0.207528422   -0.207528421   -0.207528417
   13.168168168   -0.203163125   -0.203163125   -0.203163121
   13.183183183   -0.198798800   -0.198798799   -0.198798795
   13.198198198   -0.195019685   -0.195019685   -0.195019681
   13.213213213   -0.191788004   -0.191788004   -0.191787999
   13.228228228   -0.188617649   -0.188617649   -0.188617645
   13.243243243   -0.185124281   -0.185124281   -0.185124276
   13.258258258   -0.181231763   -0.181231763   -0.181231759
   13.273273273   -0.177282252   -0.177282251   -0.177282247
   13.288288288   -0.173893301   -0.173893301   -0.173893297
   13.303303303   -0.171141013   -0.171141012   -0.171141008
   13.318318318   -0.168605110   -0.168605110   -0.168605106
   13.333333333   -0.166362949   -0.166362949   -0.166362944
   13.348348348   -0.164686068   -0.164686068   -0.164686064
   13.363363363   -0.163091444   -0.163091444   -0.163091440
   13.378378378   -0.160802767   -0.160802767   -0.160802762
   13.393393393   -0.157722210   -0.157722210   -0.157722206
   13.408408408   -0.154257334   -0.154257334   -0.154257329
   13.423423423   -0.150439170   -0.150439169   -0.150439165
   13.438438438   -0.145891043   -0.145891042   -0.145891038
   13.453453453   -0.140780553   -0.140780553   -0.140780548
   13.468468468   -0.135687116   -0.135687116   -0.135687112
   13.483483483   -0.130930416   -0.130930416   -0.130930412
   13.498498498   -0.126500694   -0.126500694   -0.126500689
   13.513513514   -0.122344287   -0.122344287   -0.122344282
   13.528528529   -0.118772315   -0.118772315   -0.118772310
   13.543543544   -0.115930123   -0.115930123   -0.115930118
   13.558558559   -0.113455193   -0.113455193   -0.113455188
   13.573573574   -0.111002945   -0.111002945   -0.111002940
   13.588588589   -0.108797756   -0.108797755   -0.108797751
   13.603603604   -0.107257989   -0.107257989   -0.107257984
   13.618618619   -0.106297231   -0.106297231   -0.106297226
   13.633633634   -0.105344213   -0.105344213   -0.105344209
   13.648648649   -0.103723197   -0.103723197   -0.103723192
   13.663663664   -0.101035687   -0.101035687   -0.101035683
   13.678678679   -0.097476311   -0.097476311   -0.097476307
   13.693693694   -0.093449869   -0.093449868   -0.093449864
   13.708708709   -0.088897503   -0.088897503   -0.088897498
   13.723723724   -0.083549528   -0.083549527   -0.083549523
   13.738738739   -0.077818822   -0.077818821   -0.077818817
   13.753753754   -0.072567436   -0.072567436   -0.072567431
   13.768768769   -0.068032657   -0.068032656   -0.068032652
   13.783783784   -0.063856040   -0.063856040   -0.063856036
   13.798798799   -0.060107601   -0.060107600   -0.060107596
   13.813813814   -0.057072330   -0.057072330   -0.057072326
   13.828828829   -0.054711600   -0.054711600   -0.054711595
   13.843843844   -0.053032755   -0.053032754   -0.053032750
   13.858858859   -0.052101747   -0.052101746   -0.052101742
   13.873873874   -0.051592940   -0.051592939   -0.051592935
   13.888888889   -0.050969894   -0.050969894   -0.050969889
   13.903903904   -0.050019886   -0.050019885   -0.050019881
   13.918918919   -0.048618311   -0.048618311   -0.048618307
   13.933933934   -0.046508561   -0.046508561   -0.046508556
   13.948948949   -0.043629394   -0.043629394   -0.043629389
   13.963963964   -0.040256400   -0.040256400   -0.040256396
   13.978978979   -0.036868492   -0.036868492   -0.036868487
   13.993993994   -0.033997907   -0.033997907   -0.033997902
   14.009009009   -0.031802837   -0.031802837   -0.031802832
   14.024024024   -0.029920288   -0.029920288   -0.029920283
   14.039039039   -0.027974385   -0.027974385   -0.027974380
   14.054054054   -0.025857082   -0.025857082   -0.025857078
   14.069069069   -0.023617324   -0.023617324   -0.023617320
   14.084084084   -0.021309174   -0.021309173   -0.021309169
   14.099099099   -0.018949748   -0.018949748   -0.018949743
   14.114114114   -0.016621811   -0.016621811   -0.016621806
   14.129129129   -0.014355885   -0.014355885   -0.014355881
   14.144144144   -0.012227583   -0.012227583   -0.012227578
   14.159159159   -0.010462230   -0.010462230   -0.010462225
   14.174174174   -0.009167566   -0.009167566   -0.009167561
   14.189189189   -0.008193549   -0.008193549   -0.008193545
   14.204204204   -0.007230347   -0.007230346   -0.007230342
   14.219219219   -0.006092287   -0.006092287   -0.006092282
   14.234234234   -0.004919731   -0.004919731   -0.004919727
   14.249249249   -0.004028798   -0.004028798   -0.004028794
   14.264264264   -0.003759516   -0.003759516   -0.003759511
   14.279279279   -0.004087340   -0.004087340   -0.004087335
   14.294294294   -0.004504933   -0.004504932   -0.004504928
   14.309309309   -0.004499652   -0.004499652   -0.004499647
   14.324324324   -0.003830885   -0.003830885   -0.003830881
   14.339339339   -0.002422111   -0.002422111   -0.002422107
   14.354354354   -0.000181683   -0.000181683   -0.000181679
   14.369369369    0.002774785    0.002774785    0.002774790
   14.384384384    0.005962096    0.005962096    0.005962101
   14.399399399    0.008874966    0.008874967    0.008874971
   14.414414414    0.011317853    0.011317853    0.011317857
   14.429429429    0.013465383    0.013465383    0.013465387
   14.444444444    0.015496570    0.015496570    0.015496575
   14.459459459    0.017128103    0.017128104    0.017128108
   14.474474474    0.018177758    0.018177758    0.018177763
   14.489489489    0.019277215    0.019277215    0.019277220
   14.504504505    0.021212560    0.021212560    0.021212564
   14.519519520    0.024002729    0.024002729    0.024002734
   14.534534535    0.027233727    0.027233727    0.027233732
   14.549549550    0.030489967    0.030489968    0.030489972
   14.564564565    0.033441644    0.033441644    0.033441648
   14.579579580    0.035905524    0.035905525    0.035905529
   14.594594595    0.037777616    0.037777616    0.037777620
   14.609609610    0.038857327    0.038857327    0.038857332
   14.624624625    0.039061204    0.039061205    0.039061209
   14.639639640    0.038912932    0.038912932    0.038912937
   14.654654655    0.039009169    0.039009169    0.039009174
   14.669669670    0.039296074    0.039296074    0.039296078
   14.684684685    0.039774802    0.039774802    0.039774807
   14.699699700    0.040802584    0.040802584    0.040802589
   14.714714715    0.042414546    0.042414546    0.042414551
   14.729729730    0.044242924    0.044242924    0.044242929
   14.744744745    0.045760435    0.045760436    0.045760440
   14.759759760    0.046679595    0.046679596    0.046679600
   14.774774775    0.047207290    0.047207291    0.047207295
   14.789789790    0.047655571    0.047655571    0.047655576
   14.804804805    0.048179556    0.048179556    0.048179560
   14.819819820    0.049134018    0.049134018    0.049134023
   14.834834835    0.051004450    0.051004450    0.051004454
   14.849849850    0.053725579    0.053725580    0.053725584
   14.864864865    0.056518491    0.056518491    0.056518496
   14.879879880    0.058535070    0.058535070    0.058535075
   14.894894895    0.059629573    0.059629573    0.059629578
   14.909909910    0.060302147    0.060302148    0.060302152
   14.924924925    0.061101783    0.061101783    0.061101788
   14.939939940    0.062465093    0.062465093    0.062465098
   14.954954955    0.064673041    0.064673042    0.064673046
   14.969969970    0.067549652    0.067549653    0.067549657
   14.984984985    0.070657228    0.070657228    0.070657233
   15.000000000    0.073579992    0.073579992    0.073579997
