# energy grid [eV]     ieps_x  ieps_y  ieps_z
#
    0.000000000   13.637086410   13.637086410   13.637086410
    0.015015015   13.634057294   13.634057294   13.634057294
    0.030030030   13.628823630   13.628823630   13.628823630
    0.045045045   13.622509402   13.622509402   13.622509402
    0.060060060   13.615138581   13.615138581   13.615138581
    0.075075075   13.606723319   13.606723319   13.606723319
    0.090090090   13.597277162   13.597277162   13.597277162
    0.105105105   13.586814990   13.586814990   13.586814990
    0.120120120   13.575352895   13.575352895   13.575352895
    0.135135135   13.562908047   13.562908047   13.562908047
    0.150150150   13.549498572   13.549498572   13.549498572
    0.165165165   13.535143422   13.535143422   13.535143422
    0.180180180   13.519862250   13.519862250   13.519862250
    0.195195195   13.503675285   13.503675285   13.503675285
    0.210210210   13.486603219   13.486603219   13.486603219
    0.225225225   13.468667099   13.468667099   13.468667099
    0.240240240   13.449888218   13.449888218   13.449888218
    0.255255255   13.430288026   13.430288026   13.430288026
    0.270270270   13.409888044   13.409888044   13.409888044
    0.285285285   13.388709783   13.388709783   13.388709783
    0.300300300   13.366774677   13.366774677   13.366774677
    0.315315315   13.344104022   13.344104022   13.344104022
    0.330330330   13.320718923   13.320718923   13.320718924
    0.345345345   13.296640251   13.296640251   13.296640251
    0.360360360   13.271888598   13.271888598   13.271888598
    0.375375375   13.246484253   13.246484253   13.246484253
    0.390390390   13.220447172   13.220447172   13.220447172
    0.405405405   13.193796958   13.193796958   13.193796958
    0.420420420   13.166552846   13.166552846   13.166552846
    0.435435435   13.138733690   13.138733690   13.138733690
    0.450450450   13.110357960   13.110357960   13.110357960
    0.465465465   13.081443730   13.081443730   13.081443730
    0.480480480   13.052008681   13.052008681   13.052008681
    0.495495495   13.022070103   13.022070103   13.022070103
    0.510510511   12.991644892   12.991644892   12.991644892
    0.525525526   12.960749558   12.960749558   12.960749558
    0.540540541   12.929400231   12.929400231   12.929400231
    0.555555556   12.897612664   12.897612664   12.897612664
    0.570570571   12.865402242   12.865402242   12.865402242
    0.585585586   12.832783990   12.832783990   12.832783990
    0.600600601   12.799772579   12.799772579   12.799772579
    0.615615616   12.766382338   12.766382338   12.766382338
    0.630630631   12.732627259   12.732627259   12.732627259
    0.645645646   12.698521005   12.698521005   12.698521005
    0.660660661   12.664076925   12.664076925   12.664076925
    0.675675676   12.629308051   12.629308051   12.629308051
    0.690690691   12.594227118   12.594227118   12.594227118
    0.705705706   12.558846564   12.558846564   12.558846564
    0.720720721   12.523178539   12.523178539   12.523178539
    0.735735736   12.487234917   12.487234917   12.487234917
    0.750750751   12.451027297   12.451027297   12.451027297
    0.765765766   12.414567014   12.414567014   12.414567014
    0.780780781   12.377865143   12.377865143   12.377865143
    0.795795796   12.340932507   12.340932507   12.340932507
    0.810810811   12.303779685   12.303779685   12.303779685
    0.825825826   12.266417011   12.266417011   12.266417011
    0.840840841   12.228854588   12.228854588   12.228854588
    0.855855856   12.191102288   12.191102288   12.191102288
    0.870870871   12.153169756   12.153169756   12.153169756
    0.885885886   12.115066422   12.115066422   12.115066422
    0.900900901   12.076801496   12.076801496   12.076801496
    0.915915916   12.038383981   12.038383981   12.038383981
    0.930930931   11.999822672   11.999822672   11.999822672
    0.945945946   11.961126161   11.961126161   11.961126161
    0.960960961   11.922302843   11.922302843   11.922302843
    0.975975976   11.883360918   11.883360918   11.883360918
    0.990990991   11.844308396   11.844308396   11.844308396
    1.006006006   11.805153098   11.805153098   11.805153098
    1.021021021   11.765902663   11.765902663   11.765902663
    1.036036036   11.726564548   11.726564548   11.726564548
    1.051051051   11.687146035   11.687146035   11.687146035
    1.066066066   11.647654231   11.647654231   11.647654231
    1.081081081   11.608096071   11.608096071   11.608096071
    1.096096096   11.568478323   11.568478324   11.568478324
    1.111111111   11.528807592   11.528807592   11.528807592
    1.126126126   11.489090318   11.489090318   11.489090318
    1.141141141   11.449332784   11.449332784   11.449332784
    1.156156156   11.409541115   11.409541115   11.409541115
    1.171171171   11.369721285   11.369721285   11.369721285
    1.186186186   11.329879115   11.329879115   11.329879115
    1.201201201   11.290020279   11.290020279   11.290020279
    1.216216216   11.250150305   11.250150305   11.250150305
    1.231231231   11.210274578   11.210274578   11.210274578
    1.246246246   11.170398343   11.170398343   11.170398343
    1.261261261   11.130526707   11.130526707   11.130526707
    1.276276276   11.090664642   11.090664642   11.090664642
    1.291291291   11.050816987   11.050816987   11.050816987
    1.306306306   11.010988451   11.010988451   11.010988451
    1.321321321   10.971183614   10.971183614   10.971183614
    1.336336336   10.931406932   10.931406932   10.931406932
    1.351351351   10.891662737   10.891662737   10.891662737
    1.366366366   10.851955239   10.851955239   10.851955239
    1.381381381   10.812288531   10.812288531   10.812288531
    1.396396396   10.772666591   10.772666591   10.772666591
    1.411411411   10.733093280   10.733093280   10.733093280
    1.426426426   10.693572349   10.693572349   10.693572349
    1.441441441   10.654107439   10.654107439   10.654107439
    1.456456456   10.614702085   10.614702085   10.614702085
    1.471471471   10.575359715   10.575359715   10.575359715
    1.486486486   10.536083655   10.536083655   10.536083655
    1.501501502   10.496877130   10.496877130   10.496877130
    1.516516517   10.457743267   10.457743267   10.457743267
    1.531531532   10.418685095   10.418685095   10.418685095
    1.546546547   10.379705548   10.379705548   10.379705548
    1.561561562   10.340807470   10.340807470   10.340807470
    1.576576577   10.301993611   10.301993611   10.301993611
    1.591591592   10.263266634   10.263266634   10.263266634
    1.606606607   10.224629115   10.224629115   10.224629115
    1.621621622   10.186083545   10.186083545   10.186083545
    1.636636637   10.147632333   10.147632333   10.147632333
    1.651651652   10.109277805   10.109277805   10.109277805
    1.666666667   10.071022208   10.071022208   10.071022208
    1.681681682   10.032867713   10.032867713   10.032867713
    1.696696697    9.994816414    9.994816414    9.994816414
    1.711711712    9.956870331    9.956870331    9.956870331
    1.726726727    9.919031411    9.919031411    9.919031411
    1.741741742    9.881301532    9.881301532    9.881301532
    1.756756757    9.843682502    9.843682502    9.843682502
    1.771771772    9.806176061    9.806176061    9.806176061
    1.786786787    9.768783884    9.768783884    9.768783884
    1.801801802    9.731507582    9.731507582    9.731507582
    1.816816817    9.694348703    9.694348703    9.694348703
    1.831831832    9.657308733    9.657308733    9.657308733
    1.846846847    9.620389098    9.620389098    9.620389098
    1.861861862    9.583591169    9.583591169    9.583591169
    1.876876877    9.546916256    9.546916256    9.546916256
    1.891891892    9.510365616    9.510365616    9.510365616
    1.906906907    9.473940452    9.473940452    9.473940452
    1.921921922    9.437641913    9.437641913    9.437641913
    1.936936937    9.401471097    9.401471097    9.401471097
    1.951951952    9.365429052    9.365429052    9.365429052
    1.966966967    9.329516778    9.329516778    9.329516778
    1.981981982    9.293735226    9.293735226    9.293735226
    1.996996997    9.258085302    9.258085302    9.258085302
    2.012012012    9.222567866    9.222567866    9.222567866
    2.027027027    9.187183734    9.187183734    9.187183734
    2.042042042    9.151933679    9.151933679    9.151933679
    2.057057057    9.116818432    9.116818432    9.116818432
    2.072072072    9.081838686    9.081838686    9.081838686
    2.087087087    9.046995090    9.046995090    9.046995090
    2.102102102    9.012288257    9.012288257    9.012288257
    2.117117117    8.977718764    8.977718764    8.977718764
    2.132132132    8.943287147    8.943287147    8.943287147
    2.147147147    8.908993911    8.908993911    8.908993911
    2.162162162    8.874839524    8.874839524    8.874839524
    2.177177177    8.840824421    8.840824421    8.840824421
    2.192192192    8.806949003    8.806949003    8.806949003
    2.207207207    8.773213642    8.773213642    8.773213642
    2.222222222    8.739618677    8.739618677    8.739618677
    2.237237237    8.706164417    8.706164417    8.706164417
    2.252252252    8.672851141    8.672851141    8.672851141
    2.267267267    8.639679102    8.639679102    8.639679102
    2.282282282    8.606648523    8.606648523    8.606648523
    2.297297297    8.573759601    8.573759601    8.573759601
    2.312312312    8.541012507    8.541012507    8.541012507
    2.327327327    8.508407386    8.508407386    8.508407387
    2.342342342    8.475944360    8.475944360    8.475944360
    2.357357357    8.443623525    8.443623525    8.443623525
    2.372372372    8.411444955    8.411444955    8.411444955
    2.387387387    8.379408700    8.379408700    8.379408700
    2.402402402    8.347514790    8.347514790    8.347514790
    2.417417417    8.315763232    8.315763232    8.315763232
    2.432432432    8.284154014    8.284154014    8.284154014
    2.447447447    8.252687103    8.252687103    8.252687103
    2.462462462    8.221362445    8.221362445    8.221362445
    2.477477477    8.190179971    8.190179971    8.190179971
    2.492492492    8.159139590    8.159139590    8.159139590
    2.507507508    8.128241194    8.128241194    8.128241194
    2.522522523    8.097484660    8.097484660    8.097484660
    2.537537538    8.066869847    8.066869847    8.066869847
    2.552552553    8.036396595    8.036396595    8.036396595
    2.567567568    8.006064734    8.006064734    8.006064734
    2.582582583    7.975874074    7.975874074    7.975874074
    2.597597598    7.945824412    7.945824412    7.945824412
    2.612612613    7.915915531    7.915915531    7.915915531
    2.627627628    7.886147200    7.886147200    7.886147200
    2.642642643    7.856519175    7.856519175    7.856519175
    2.657657658    7.827031198    7.827031198    7.827031198
    2.672672673    7.797682999    7.797682999    7.797682999
    2.687687688    7.768474298    7.768474298    7.768474298
    2.702702703    7.739404799    7.739404799    7.739404799
    2.717717718    7.710474199    7.710474199    7.710474199
    2.732732733    7.681682181    7.681682181    7.681682181
    2.747747748    7.653028419    7.653028419    7.653028419
    2.762762763    7.624512577    7.624512577    7.624512577
    2.777777778    7.596134308    7.596134308    7.596134308
    2.792792793    7.567893256    7.567893256    7.567893256
    2.807807808    7.539789056    7.539789056    7.539789056
    2.822822823    7.511821335    7.511821335    7.511821335
    2.837837838    7.483989710    7.483989710    7.483989710
    2.852852853    7.456293790    7.456293790    7.456293790
    2.867867868    7.428733176    7.428733176    7.428733176
    2.882882883    7.401307464    7.401307464    7.401307464
    2.897897898    7.374016238    7.374016238    7.374016238
    2.912912913    7.346859078    7.346859078    7.346859078
    2.927927928    7.319835558    7.319835558    7.319835558
    2.942942943    7.292945243    7.292945243    7.292945243
    2.957957958    7.266187693    7.266187693    7.266187693
    2.972972973    7.239562462    7.239562462    7.239562462
    2.987987988    7.213069097    7.213069097    7.213069097
    3.003003003    7.186707142    7.186707142    7.186707142
    3.018018018    7.160476134    7.160476134    7.160476134
    3.033033033    7.134375604    7.134375604    7.134375604
    3.048048048    7.108405079    7.108405079    7.108405079
    3.063063063    7.082564084    7.082564084    7.082564084
    3.078078078    7.056852134    7.056852134    7.056852135
    3.093093093    7.031268746    7.031268746    7.031268746
    3.108108108    7.005813427    7.005813427    7.005813427
    3.123123123    6.980485685    6.980485685    6.980485685
    3.138138138    6.955285021    6.955285021    6.955285021
    3.153153153    6.930210935    6.930210935    6.930210935
    3.168168168    6.905262921    6.905262921    6.905262921
    3.183183183    6.880440473    6.880440473    6.880440473
    3.198198198    6.855743079    6.855743079    6.855743079
    3.213213213    6.831170227    6.831170227    6.831170227
    3.228228228    6.806721399    6.806721399    6.806721399
    3.243243243    6.782396079    6.782396079    6.782396079
    3.258258258    6.758193744    6.758193744    6.758193744
    3.273273273    6.734113872    6.734113872    6.734113872
    3.288288288    6.710155937    6.710155937    6.710155937
    3.303303303    6.686319413    6.686319413    6.686319413
    3.318318318    6.662603770    6.662603770    6.662603770
    3.333333333    6.639008478    6.639008478    6.639008478
    3.348348348    6.615533005    6.615533005    6.615533005
    3.363363363    6.592176818    6.592176818    6.592176818
    3.378378378    6.568939381    6.568939381    6.568939381
    3.393393393    6.545820159    6.545820159    6.545820159
    3.408408408    6.522818615    6.522818615    6.522818615
    3.423423423    6.499934210    6.499934210    6.499934210
    3.438438438    6.477166407    6.477166407    6.477166407
    3.453453453    6.454514666    6.454514666    6.454514666
    3.468468468    6.431978446    6.431978446    6.431978446
    3.483483483    6.409557207    6.409557207    6.409557207
    3.498498498    6.387250408    6.387250408    6.387250408
    3.513513514    6.365057507    6.365057507    6.365057507
    3.528528529    6.342977963    6.342977963    6.342977963
    3.543543544    6.321011233    6.321011233    6.321011233
    3.558558559    6.299156776    6.299156776    6.299156776
    3.573573574    6.277414051    6.277414051    6.277414051
    3.588588589    6.255782514    6.255782514    6.255782514
    3.603603604    6.234261624    6.234261624    6.234261624
    3.618618619    6.212850840    6.212850840    6.212850841
    3.633633634    6.191549621    6.191549621    6.191549621
    3.648648649    6.170357426    6.170357426    6.170357426
    3.663663664    6.149273714    6.149273714    6.149273714
    3.678678679    6.128297946    6.128297946    6.128297946
    3.693693694    6.107429582    6.107429582    6.107429582
    3.708708709    6.086668084    6.086668084    6.086668084
    3.723723724    6.066012914    6.066012914    6.066012914
    3.738738739    6.045463534    6.045463534    6.045463534
    3.753753754    6.025019409    6.025019409    6.025019409
    3.768768769    6.004680003    6.004680003    6.004680003
    3.783783784    5.984444781    5.984444781    5.984444781
    3.798798799    5.964313209    5.964313209    5.964313209
    3.813813814    5.944284756    5.944284756    5.944284756
    3.828828829    5.924358890    5.924358890    5.924358890
    3.843843844    5.904535080    5.904535080    5.904535080
    3.858858859    5.884812797    5.884812798    5.884812798
    3.873873874    5.865191514    5.865191514    5.865191514
    3.888888889    5.845670704    5.845670704    5.845670704
    3.903903904    5.826249841    5.826249841    5.826249841
    3.918918919    5.806928401    5.806928401    5.806928401
    3.933933934    5.787705861    5.787705861    5.787705861
    3.948948949    5.768581701    5.768581701    5.768581701
    3.963963964    5.749555401    5.749555401    5.749555401
    3.978978979    5.730626442    5.730626442    5.730626442
    3.993993994    5.711794307    5.711794307    5.711794307
    4.009009009    5.693058481    5.693058481    5.693058481
    4.024024024    5.674418451    5.674418451    5.674418451
    4.039039039    5.655873705    5.655873705    5.655873705
    4.054054054    5.637423731    5.637423731    5.637423731
    4.069069069    5.619068022    5.619068022    5.619068022
    4.084084084    5.600806070    5.600806070    5.600806070
    4.099099099    5.582637370    5.582637370    5.582637370
    4.114114114    5.564561419    5.564561419    5.564561419
    4.129129129    5.546577714    5.546577714    5.546577714
    4.144144144    5.528685756    5.528685756    5.528685756
    4.159159159    5.510885047    5.510885047    5.510885047
    4.174174174    5.493175089    5.493175089    5.493175089
    4.189189189    5.475555389    5.475555389    5.475555389
    4.204204204    5.458025454    5.458025454    5.458025454
    4.219219219    5.440584793    5.440584793    5.440584793
    4.234234234    5.423232918    5.423232918    5.423232918
    4.249249249    5.405969341    5.405969341    5.405969341
    4.264264264    5.388793578    5.388793578    5.388793578
    4.279279279    5.371705145    5.371705145    5.371705145
    4.294294294    5.354703562    5.354703562    5.354703562
    4.309309309    5.337788349    5.337788349    5.337788349
    4.324324324    5.320959029    5.320959029    5.320959029
    4.339339339    5.304215129    5.304215129    5.304215129
    4.354354354    5.287556173    5.287556173    5.287556173
    4.369369369    5.270981692    5.270981692    5.270981692
    4.384384384    5.254491217    5.254491217    5.254491217
    4.399399399    5.238084281    5.238084281    5.238084281
    4.414414414    5.221760418    5.221760418    5.221760418
    4.429429429    5.205519167    5.205519167    5.205519167
    4.444444444    5.189360066    5.189360066    5.189360066
    4.459459459    5.173282658    5.173282658    5.173282658
    4.474474474    5.157286485    5.157286485    5.157286485
    4.489489489    5.141371093    5.141371093    5.141371093
    4.504504505    5.125536030    5.125536030    5.125536030
    4.519519520    5.109780847    5.109780847    5.109780847
    4.534534535    5.094105094    5.094105094    5.094105094
    4.549549550    5.078508326    5.078508326    5.078508326
    4.564564565    5.062990100    5.062990100    5.062990100
    4.579579580    5.047549973    5.047549973    5.047549973
    4.594594595    5.032187507    5.032187507    5.032187507
    4.609609610    5.016902264    5.016902264    5.016902264
    4.624624625    5.001693808    5.001693808    5.001693808
    4.639639640    4.986561707    4.986561707    4.986561707
    4.654654655    4.971505530    4.971505530    4.971505530
    4.669669670    4.956524848    4.956524848    4.956524848
    4.684684685    4.941619234    4.941619234    4.941619234
    4.699699700    4.926788264    4.926788264    4.926788264
    4.714714715    4.912031516    4.912031516    4.912031516
    4.729729730    4.897348570    4.897348570    4.897348570
    4.744744745    4.882739007    4.882739007    4.882739007
    4.759759760    4.868202412    4.868202412    4.868202412
    4.774774775    4.853738370    4.853738370    4.853738370
    4.789789790    4.839346471    4.839346471    4.839346471
    4.804804805    4.825026305    4.825026305    4.825026305
    4.819819820    4.810777465    4.810777465    4.810777465
    4.834834835    4.796599545    4.796599545    4.796599545
    4.849849850    4.782492142    4.782492142    4.782492142
    4.864864865    4.768454857    4.768454857    4.768454857
    4.879879880    4.754487289    4.754487289    4.754487289
    4.894894895    4.740589042    4.740589042    4.740589042
    4.909909910    4.726759722    4.726759722    4.726759722
    4.924924925    4.712998937    4.712998937    4.712998937
    4.939939940    4.699306296    4.699306296    4.699306296
    4.954954955    4.685681411    4.685681411    4.685681411
    4.969969970    4.672123896    4.672123896    4.672123896
    4.984984985    4.658633367    4.658633367    4.658633367
    5.000000000    4.645209442    4.645209442    4.645209442
    5.015015015    4.631851742    4.631851742    4.631851742
    5.030030030    4.618559889    4.618559889    4.618559889
    5.045045045    4.605333507    4.605333507    4.605333507
    5.060060060    4.592172224    4.592172224    4.592172224
    5.075075075    4.579075667    4.579075667    4.579075667
    5.090090090    4.566043467    4.566043467    4.566043467
    5.105105105    4.553075257    4.553075257    4.553075257
    5.120120120    4.540170672    4.540170672    4.540170672
    5.135135135    4.527329349    4.527329349    4.527329349
    5.150150150    4.514550926    4.514550926    4.514550926
    5.165165165    4.501835045    4.501835045    4.501835045
    5.180180180    4.489181349    4.489181349    4.489181349
    5.195195195    4.476589482    4.476589482    4.476589482
    5.210210210    4.464059091    4.464059091    4.464059091
    5.225225225    4.451589826    4.451589826    4.451589826
    5.240240240    4.439181338    4.439181338    4.439181338
    5.255255255    4.426833280    4.426833280    4.426833280
    5.270270270    4.414545306    4.414545306    4.414545306
    5.285285285    4.402317074    4.402317074    4.402317074
    5.300300300    4.390148242    4.390148242    4.390148242
    5.315315315    4.378038473    4.378038473    4.378038473
    5.330330330    4.365987428    4.365987428    4.365987428
    5.345345345    4.353994772    4.353994772    4.353994772
    5.360360360    4.342060173    4.342060173    4.342060173
    5.375375375    4.330183299    4.330183299    4.330183299
    5.390390390    4.318363821    4.318363821    4.318363821
    5.405405405    4.306601411    4.306601411    4.306601411
    5.420420420    4.294895744    4.294895744    4.294895744
    5.435435435    4.283246496    4.283246496    4.283246496
    5.450450450    4.271653347    4.271653347    4.271653347
    5.465465465    4.260115975    4.260115975    4.260115975
    5.480480480    4.248634063    4.248634063    4.248634063
    5.495495495    4.237207296    4.237207296    4.237207296
    5.510510511    4.225835359    4.225835359    4.225835359
    5.525525526    4.214517939    4.214517939    4.214517939
    5.540540541    4.203254726    4.203254726    4.203254726
    5.555555556    4.192045413    4.192045413    4.192045413
    5.570570571    4.180889691    4.180889691    4.180889691
    5.585585586    4.169787256    4.169787256    4.169787256
    5.600600601    4.158737805    4.158737805    4.158737805
    5.615615616    4.147741037    4.147741037    4.147741037
    5.630630631    4.136796652    4.136796652    4.136796652
    5.645645646    4.125904352    4.125904352    4.125904352
    5.660660661    4.115063841    4.115063841    4.115063841
    5.675675676    4.104274826    4.104274826    4.104274826
    5.690690691    4.093537014    4.093537014    4.093537014
    5.705705706    4.082850114    4.082850114    4.082850114
    5.720720721    4.072213837    4.072213837    4.072213837
    5.735735736    4.061627897    4.061627897    4.061627897
    5.750750751    4.051092007    4.051092007    4.051092007
    5.765765766    4.040605885    4.040605885    4.040605885
    5.780780781    4.030169247    4.030169247    4.030169247
    5.795795796    4.019781815    4.019781815    4.019781815
    5.810810811    4.009443308    4.009443308    4.009443308
    5.825825826    3.999153451    3.999153451    3.999153451
    5.840840841    3.988911968    3.988911968    3.988911968
    5.855855856    3.978718586    3.978718586    3.978718586
    5.870870871    3.968573032    3.968573032    3.968573032
    5.885885886    3.958475036    3.958475036    3.958475036
    5.900900901    3.948424330    3.948424330    3.948424330
    5.915915916    3.938420647    3.938420647    3.938420647
    5.930930931    3.928463722    3.928463722    3.928463722
    5.945945946    3.918553290    3.918553290    3.918553290
    5.960960961    3.908689089    3.908689089    3.908689089
    5.975975976    3.898870860    3.898870860    3.898870860
    5.990990991    3.889098343    3.889098343    3.889098343
    6.006006006    3.879371280    3.879371280    3.879371280
    6.021021021    3.869689416    3.869689416    3.869689416
    6.036036036    3.860052497    3.860052497    3.860052497
    6.051051051    3.850460271    3.850460271    3.850460271
    6.066066066    3.840912485    3.840912485    3.840912485
    6.081081081    3.831408890    3.831408890    3.831408890
    6.096096096    3.821949239    3.821949239    3.821949239
    6.111111111    3.812533284    3.812533284    3.812533284
    6.126126126    3.803160781    3.803160781    3.803160781
    6.141141141    3.793831486    3.793831486    3.793831486
    6.156156156    3.784545158    3.784545158    3.784545158
    6.171171171    3.775301555    3.775301555    3.775301555
    6.186186186    3.766100438    3.766100438    3.766100438
    6.201201201    3.756941570    3.756941570    3.756941570
    6.216216216    3.747824716    3.747824716    3.747824716
    6.231231231    3.738749639    3.738749639    3.738749639
    6.246246246    3.729716107    3.729716107    3.729716107
    6.261261261    3.720723888    3.720723888    3.720723888
    6.276276276    3.711772752    3.711772752    3.711772752
    6.291291291    3.702862469    3.702862469    3.702862469
    6.306306306    3.693992813    3.693992813    3.693992813
    6.321321321    3.685163556    3.685163556    3.685163556
    6.336336336    3.676374475    3.676374475    3.676374475
    6.351351351    3.667625345    3.667625345    3.667625345
    6.366366366    3.658915945    3.658915945    3.658915945
    6.381381381    3.650246055    3.650246055    3.650246055
    6.396396396    3.641615454    3.641615454    3.641615454
    6.411411411    3.633023925    3.633023925    3.633023925
    6.426426426    3.624471252    3.624471252    3.624471252
    6.441441441    3.615957219    3.615957219    3.615957219
    6.456456456    3.607481612    3.607481612    3.607481612
    6.471471471    3.599044218    3.599044218    3.599044218
    6.486486486    3.590644827    3.590644827    3.590644827
    6.501501502    3.582283228    3.582283228    3.582283228
    6.516516517    3.573959213    3.573959213    3.573959213
    6.531531532    3.565672574    3.565672574    3.565672574
    6.546546547    3.557423106    3.557423106    3.557423106
    6.561561562    3.549210602    3.549210602    3.549210602
    6.576576577    3.541034860    3.541034860    3.541034860
    6.591591592    3.532895678    3.532895678    3.532895678
    6.606606607    3.524792854    3.524792854    3.524792854
    6.621621622    3.516726188    3.516726188    3.516726188
    6.636636637    3.508695482    3.508695482    3.508695482
    6.651651652    3.500700539    3.500700539    3.500700539
    6.666666667    3.492741162    3.492741162    3.492741162
    6.681681682    3.484817156    3.484817156    3.484817156
    6.696696697    3.476928328    3.476928328    3.476928328
    6.711711712    3.469074485    3.469074485    3.469074485
    6.726726727    3.461255435    3.461255435    3.461255435
    6.741741742    3.453470989    3.453470989    3.453470989
    6.756756757    3.445720958    3.445720958    3.445720958
    6.771771772    3.438005153    3.438005153    3.438005153
    6.786786787    3.430323388    3.430323388    3.430323388
    6.801801802    3.422675477    3.422675477    3.422675477
    6.816816817    3.415061237    3.415061237    3.415061237
    6.831831832    3.407480483    3.407480483    3.407480483
    6.846846847    3.399933034    3.399933034    3.399933034
    6.861861862    3.392418708    3.392418708    3.392418708
    6.876876877    3.384937326    3.384937326    3.384937326
    6.891891892    3.377488709    3.377488709    3.377488709
    6.906906907    3.370072680    3.370072680    3.370072680
    6.921921922    3.362689061    3.362689061    3.362689061
    6.936936937    3.355337677    3.355337677    3.355337677
    6.951951952    3.348018354    3.348018354    3.348018354
    6.966966967    3.340730919    3.340730919    3.340730919
    6.981981982    3.333475198    3.333475198    3.333475198
    6.996996997    3.326251022    3.326251022    3.326251022
    7.012012012    3.319058219    3.319058219    3.319058219
    7.027027027    3.311896621    3.311896621    3.311896621
    7.042042042    3.304766059    3.304766059    3.304766059
    7.057057057    3.297666367    3.297666367    3.297666367
    7.072072072    3.290597379    3.290597379    3.290597379
    7.087087087    3.283558929    3.283558929    3.283558929
    7.102102102    3.276550854    3.276550854    3.276550854
    7.117117117    3.269572990    3.269572990    3.269572990
    7.132132132    3.262625176    3.262625176    3.262625176
    7.147147147    3.255707250    3.255707250    3.255707250
    7.162162162    3.248819053    3.248819053    3.248819053
    7.177177177    3.241960425    3.241960425    3.241960425
    7.192192192    3.235131209    3.235131209    3.235131209
    7.207207207    3.228331248    3.228331248    3.228331248
    7.222222222    3.221560384    3.221560384    3.221560384
    7.237237237    3.214818465    3.214818465    3.214818465
    7.252252252    3.208105334    3.208105334    3.208105334
    7.267267267    3.201420838    3.201420838    3.201420838
    7.282282282    3.194764826    3.194764826    3.194764826
    7.297297297    3.188137147    3.188137147    3.188137147
    7.312312312    3.181537648    3.181537648    3.181537648
    7.327327327    3.174966182    3.174966182    3.174966182
    7.342342342    3.168422599    3.168422599    3.168422599
    7.357357357    3.161906752    3.161906752    3.161906752
    7.372372372    3.155418494    3.155418494    3.155418494
    7.387387387    3.148957678    3.148957678    3.148957678
    7.402402402    3.142524161    3.142524161    3.142524161
    7.417417417    3.136117797    3.136117797    3.136117797
    7.432432432    3.129738443    3.129738443    3.129738443
    7.447447447    3.123385958    3.123385958    3.123385958
    7.462462462    3.117060199    3.117060199    3.117060199
    7.477477477    3.110761026    3.110761026    3.110761026
    7.492492492    3.104488299    3.104488299    3.104488299
    7.507507508    3.098241879    3.098241879    3.098241879
    7.522522523    3.092021628    3.092021628    3.092021628
    7.537537538    3.085827409    3.085827409    3.085827409
    7.552552553    3.079659085    3.079659085    3.079659085
    7.567567568    3.073516520    3.073516520    3.073516520
    7.582582583    3.067399580    3.067399580    3.067399580
    7.597597598    3.061308131    3.061308131    3.061308131
    7.612612613    3.055242040    3.055242040    3.055242040
    7.627627628    3.049201174    3.049201174    3.049201174
    7.642642643    3.043185401    3.043185401    3.043185401
    7.657657658    3.037194592    3.037194592    3.037194592
    7.672672673    3.031228616    3.031228616    3.031228616
    7.687687688    3.025287343    3.025287343    3.025287343
    7.702702703    3.019370646    3.019370646    3.019370646
    7.717717718    3.013478396    3.013478396    3.013478396
    7.732732733    3.007610468    3.007610468    3.007610468
    7.747747748    3.001766734    3.001766734    3.001766734
    7.762762763    2.995947070    2.995947070    2.995947070
    7.777777778    2.990151351    2.990151351    2.990151351
    7.792792793    2.984379452    2.984379452    2.984379452
    7.807807808    2.978631252    2.978631252    2.978631252
    7.822822823    2.972906628    2.972906628    2.972906628
    7.837837838    2.967205457    2.967205457    2.967205457
    7.852852853    2.961527620    2.961527620    2.961527620
    7.867867868    2.955872996    2.955872996    2.955872996
    7.882882883    2.950241465    2.950241465    2.950241465
    7.897897898    2.944632909    2.944632909    2.944632909
    7.912912913    2.939047210    2.939047210    2.939047210
    7.927927928    2.933484251    2.933484251    2.933484251
    7.942942943    2.927943915    2.927943915    2.927943915
    7.957957958    2.922426086    2.922426086    2.922426086
    7.972972973    2.916930649    2.916930649    2.916930649
    7.987987988    2.911457490    2.911457490    2.911457490
    8.003003003    2.906006494    2.906006494    2.906006494
    8.018018018    2.900577549    2.900577549    2.900577549
    8.033033033    2.895170542    2.895170542    2.895170542
    8.048048048    2.889785361    2.889785361    2.889785361
    8.063063063    2.884421895    2.884421895    2.884421895
    8.078078078    2.879080034    2.879080034    2.879080034
    8.093093093    2.873759668    2.873759668    2.873759668
    8.108108108    2.868460687    2.868460687    2.868460687
    8.123123123    2.863182984    2.863182984    2.863182984
    8.138138138    2.857926450    2.857926450    2.857926450
    8.153153153    2.852690978    2.852690978    2.852690978
    8.168168168    2.847476462    2.847476462    2.847476462
    8.183183183    2.842282796    2.842282796    2.842282796
    8.198198198    2.837109874    2.837109874    2.837109874
    8.213213213    2.831957591    2.831957591    2.831957591
    8.228228228    2.826825845    2.826825845    2.826825845
    8.243243243    2.821714530    2.821714530    2.821714530
    8.258258258    2.816623545    2.816623545    2.816623545
    8.273273273    2.811552786    2.811552786    2.811552786
    8.288288288    2.806502154    2.806502154    2.806502154
    8.303303303    2.801471545    2.801471545    2.801471545
    8.318318318    2.796460861    2.796460861    2.796460861
    8.333333333    2.791470000    2.791470000    2.791470000
    8.348348348    2.786498865    2.786498865    2.786498865
    8.363363363    2.781547356    2.781547356    2.781547356
    8.378378378    2.776615375    2.776615375    2.776615375
    8.393393393    2.771702824    2.771702824    2.771702824
    8.408408408    2.766809608    2.766809608    2.766809608
    8.423423423    2.761935629    2.761935629    2.761935629
    8.438438438    2.757080791    2.757080791    2.757080791
    8.453453453    2.752244999    2.752244999    2.752244999
    8.468468468    2.747428160    2.747428160    2.747428160
    8.483483483    2.742630178    2.742630178    2.742630178
    8.498498498    2.737850959    2.737850959    2.737850959
    8.513513514    2.733090412    2.733090412    2.733090412
    8.528528529    2.728348443    2.728348443    2.728348443
    8.543543544    2.723624961    2.723624961    2.723624961
    8.558558559    2.718919874    2.718919874    2.718919874
    8.573573574    2.714233091    2.714233091    2.714233091
    8.588588589    2.709564522    2.709564522    2.709564522
    8.603603604    2.704914077    2.704914077    2.704914077
    8.618618619    2.700281667    2.700281667    2.700281667
    8.633633634    2.695667204    2.695667204    2.695667204
    8.648648649    2.691070598    2.691070598    2.691070598
    8.663663664    2.686491762    2.686491762    2.686491762
    8.678678679    2.681930609    2.681930609    2.681930609
    8.693693694    2.677387052    2.677387052    2.677387052
    8.708708709    2.672861005    2.672861005    2.672861005
    8.723723724    2.668352382    2.668352382    2.668352382
    8.738738739    2.663861098    2.663861098    2.663861098
    8.753753754    2.659387069    2.659387069    2.659387069
    8.768768769    2.654930210    2.654930210    2.654930210
    8.783783784    2.650490437    2.650490437    2.650490437
    8.798798799    2.646067667    2.646067667    2.646067667
    8.813813814    2.641661817    2.641661817    2.641661817
    8.828828829    2.637272805    2.637272805    2.637272805
    8.843843844    2.632900550    2.632900550    2.632900550
    8.858858859    2.628544969    2.628544969    2.628544969
    8.873873874    2.624205982    2.624205982    2.624205982
    8.888888889    2.619883508    2.619883508    2.619883508
    8.903903904    2.615577468    2.615577468    2.615577468
    8.918918919    2.611287782    2.611287782    2.611287782
    8.933933934    2.607014371    2.607014371    2.607014371
    8.948948949    2.602757156    2.602757156    2.602757156
    8.963963964    2.598516060    2.598516060    2.598516060
    8.978978979    2.594291004    2.594291004    2.594291004
    8.993993994    2.590081911    2.590081911    2.590081911
    9.009009009    2.585888705    2.585888705    2.585888705
    9.024024024    2.581711309    2.581711309    2.581711309
    9.039039039    2.577549647    2.577549647    2.577549647
    9.054054054    2.573403644    2.573403644    2.573403644
    9.069069069    2.569273224    2.569273224    2.569273224
    9.084084084    2.565158313    2.565158313    2.565158313
    9.099099099    2.561058837    2.561058837    2.561058837
    9.114114114    2.556974723    2.556974723    2.556974723
    9.129129129    2.552905895    2.552905895    2.552905895
    9.144144144    2.548852282    2.548852282    2.548852282
    9.159159159    2.544813812    2.544813812    2.544813812
    9.174174174    2.540790411    2.540790411    2.540790411
    9.189189189    2.536782009    2.536782009    2.536782009
    9.204204204    2.532788533    2.532788533    2.532788533
    9.219219219    2.528809914    2.528809914    2.528809914
    9.234234234    2.524846080    2.524846080    2.524846080
    9.249249249    2.520896962    2.520896962    2.520896962
    9.264264264    2.516962489    2.516962489    2.516962489
    9.279279279    2.513042593    2.513042593    2.513042593
    9.294294294    2.509137204    2.509137204    2.509137204
    9.309309309    2.505246254    2.505246254    2.505246254
    9.324324324    2.501369674    2.501369674    2.501369674
    9.339339339    2.497507398    2.497507398    2.497507398
    9.354354354    2.493659358    2.493659358    2.493659358
    9.369369369    2.489825486    2.489825486    2.489825486
    9.384384384    2.486005716    2.486005716    2.486005716
    9.399399399    2.482199981    2.482199981    2.482199981
    9.414414414    2.478408217    2.478408217    2.478408217
    9.429429429    2.474630357    2.474630357    2.474630357
    9.444444444    2.470866336    2.470866336    2.470866336
    9.459459459    2.467116089    2.467116089    2.467116089
    9.474474474    2.463379552    2.463379552    2.463379552
    9.489489489    2.459656661    2.459656661    2.459656661
    9.504504505    2.455947353    2.455947353    2.455947353
    9.519519520    2.452251563    2.452251563    2.452251563
    9.534534535    2.448569229    2.448569229    2.448569229
    9.549549550    2.444900288    2.444900288    2.444900288
    9.564564565    2.441244678    2.441244678    2.441244678
    9.579579580    2.437602337    2.437602337    2.437602337
    9.594594595    2.433973203    2.433973203    2.433973203
    9.609609610    2.430357216    2.430357216    2.430357216
    9.624624625    2.426754313    2.426754313    2.426754313
    9.639639640    2.423164435    2.423164435    2.423164435
    9.654654655    2.419587521    2.419587521    2.419587521
    9.669669670    2.416023512    2.416023512    2.416023512
    9.684684685    2.412472348    2.412472348    2.412472348
    9.699699700    2.408933969    2.408933969    2.408933969
    9.714714715    2.405408316    2.405408316    2.405408316
    9.729729730    2.401895332    2.401895332    2.401895332
    9.744744745    2.398394957    2.398394957    2.398394957
    9.759759760    2.394907134    2.394907134    2.394907134
    9.774774775    2.391431805    2.391431805    2.391431805
    9.789789790    2.387968913    2.387968913    2.387968913
    9.804804805    2.384518401    2.384518401    2.384518401
    9.819819820    2.381080212    2.381080212    2.381080212
    9.834834835    2.377654289    2.377654289    2.377654289
    9.849849850    2.374240577    2.374240577    2.374240577
    9.864864865    2.370839020    2.370839020    2.370839020
    9.879879880    2.367449562    2.367449562    2.367449562
    9.894894895    2.364072149    2.364072149    2.364072149
    9.909909910    2.360706725    2.360706725    2.360706725
    9.924924925    2.357353235    2.357353235    2.357353235
    9.939939940    2.354011627    2.354011627    2.354011627
    9.954954955    2.350681844    2.350681844    2.350681844
    9.969969970    2.347363835    2.347363835    2.347363835
    9.984984985    2.344057545    2.344057545    2.344057545
   10.000000000    2.340762922    2.340762922    2.340762922
   10.015015015    2.337479912    2.337479912    2.337479912
   10.030030030    2.334208464    2.334208464    2.334208464
   10.045045045    2.330948524    2.330948524    2.330948524
   10.060060060    2.327700042    2.327700042    2.327700042
   10.075075075    2.324462964    2.324462964    2.324462964
   10.090090090    2.321237241    2.321237241    2.321237241
   10.105105105    2.318022820    2.318022820    2.318022820
   10.120120120    2.314819652    2.314819652    2.314819652
   10.135135135    2.311627684    2.311627684    2.311627684
   10.150150150    2.308446868    2.308446868    2.308446868
   10.165165165    2.305277154    2.305277154    2.305277154
   10.180180180    2.302118490    2.302118490    2.302118490
   10.195195195    2.298970828    2.298970828    2.298970828
   10.210210210    2.295834120    2.295834120    2.295834120
   10.225225225    2.292708315    2.292708315    2.292708315
   10.240240240    2.289593365    2.289593365    2.289593365
   10.255255255    2.286489221    2.286489221    2.286489221
   10.270270270    2.283395837    2.283395837    2.283395837
   10.285285285    2.280313162    2.280313162    2.280313162
   10.300300300    2.277241151    2.277241151    2.277241151
   10.315315315    2.274179756    2.274179756    2.274179756
   10.330330330    2.271128929    2.271128929    2.271128929
   10.345345345    2.268088623    2.268088623    2.268088623
   10.360360360    2.265058793    2.265058793    2.265058793
   10.375375375    2.262039391    2.262039391    2.262039391
   10.390390390    2.259030371    2.259030371    2.259030371
   10.405405405    2.256031689    2.256031689    2.256031689
   10.420420420    2.253043297    2.253043297    2.253043297
   10.435435435    2.250065150    2.250065150    2.250065150
   10.450450450    2.247097204    2.247097204    2.247097204
   10.465465465    2.244139413    2.244139413    2.244139413
   10.480480480    2.241191733    2.241191733    2.241191733
   10.495495495    2.238254119    2.238254119    2.238254119
   10.510510511    2.235326527    2.235326527    2.235326527
   10.525525526    2.232408914    2.232408914    2.232408914
   10.540540541    2.229501235    2.229501235    2.229501235
   10.555555556    2.226603446    2.226603446    2.226603446
   10.570570571    2.223715505    2.223715505    2.223715505
   10.585585586    2.220837369    2.220837369    2.220837369
   10.600600601    2.217968994    2.217968994    2.217968994
   10.615615616    2.215110339    2.215110339    2.215110339
   10.630630631    2.212261360    2.212261360    2.212261360
   10.645645646    2.209422015    2.209422015    2.209422015
   10.660660661    2.206592264    2.206592264    2.206592264
   10.675675676    2.203772063    2.203772063    2.203772063
   10.690690691    2.200961371    2.200961371    2.200961371
   10.705705706    2.198160148    2.198160148    2.198160148
   10.720720721    2.195368351    2.195368351    2.195368351
   10.735735736    2.192585941    2.192585941    2.192585941
   10.750750751    2.189812876    2.189812876    2.189812876
   10.765765766    2.187049117    2.187049117    2.187049117
   10.780780781    2.184294622    2.184294622    2.184294622
   10.795795796    2.181549353    2.181549353    2.181549353
   10.810810811    2.178813268    2.178813268    2.178813268
   10.825825826    2.176086329    2.176086329    2.176086329
   10.840840841    2.173368497    2.173368497    2.173368497
   10.855855856    2.170659731    2.170659731    2.170659731
   10.870870871    2.167959993    2.167959993    2.167959993
   10.885885886    2.165269245    2.165269245    2.165269245
   10.900900901    2.162587447    2.162587447    2.162587447
   10.915915916    2.159914562    2.159914562    2.159914562
   10.930930931    2.157250550    2.157250550    2.157250550
   10.945945946    2.154595375    2.154595375    2.154595375
   10.960960961    2.151948999    2.151948999    2.151948999
   10.975975976    2.149311383    2.149311383    2.149311383
   10.990990991    2.146682490    2.146682490    2.146682490
   11.006006006    2.144062284    2.144062284    2.144062284
   11.021021021    2.141450727    2.141450727    2.141450727
   11.036036036    2.138847783    2.138847783    2.138847783
   11.051051051    2.136253414    2.136253414    2.136253414
   11.066066066    2.133667585    2.133667585    2.133667585
   11.081081081    2.131090259    2.131090259    2.131090259
   11.096096096    2.128521400    2.128521400    2.128521400
   11.111111111    2.125960972    2.125960972    2.125960972
   11.126126126    2.123408940    2.123408940    2.123408940
   11.141141141    2.120865268    2.120865268    2.120865268
   11.156156156    2.118329920    2.118329920    2.118329920
   11.171171171    2.115802862    2.115802862    2.115802862
   11.186186186    2.113284059    2.113284059    2.113284059
   11.201201201    2.110773475    2.110773475    2.110773475
   11.216216216    2.108271077    2.108271077    2.108271077
   11.231231231    2.105776829    2.105776829    2.105776829
   11.246246246    2.103290698    2.103290698    2.103290698
   11.261261261    2.100812649    2.100812649    2.100812649
   11.276276276    2.098342649    2.098342649    2.098342649
   11.291291291    2.095880663    2.095880663    2.095880663
   11.306306306    2.093426659    2.093426659    2.093426659
   11.321321321    2.090980602    2.090980602    2.090980602
   11.336336336    2.088542460    2.088542460    2.088542460
   11.351351351    2.086112199    2.086112199    2.086112199
   11.366366366    2.083689787    2.083689787    2.083689787
   11.381381381    2.081275191    2.081275191    2.081275191
   11.396396396    2.078868378    2.078868378    2.078868378
   11.411411411    2.076469316    2.076469316    2.076469316
   11.426426426    2.074077973    2.074077973    2.074077973
   11.441441441    2.071694316    2.071694316    2.071694316
   11.456456456    2.069318314    2.069318314    2.069318314
   11.471471471    2.066949935    2.066949935    2.066949935
   11.486486486    2.064589147    2.064589147    2.064589147
   11.501501502    2.062235920    2.062235920    2.062235920
   11.516516517    2.059890221    2.059890221    2.059890221
   11.531531532    2.057552019    2.057552019    2.057552019
   11.546546547    2.055221284    2.055221284    2.055221284
   11.561561562    2.052897985    2.052897985    2.052897985
   11.576576577    2.050582091    2.050582091    2.050582091
   11.591591592    2.048273571    2.048273571    2.048273571
   11.606606607    2.045972396    2.045972396    2.045972396
   11.621621622    2.043678535    2.043678535    2.043678535
   11.636636637    2.041391958    2.041391958    2.041391958
   11.651651652    2.039112635    2.039112635    2.039112635
   11.666666667    2.036840536    2.036840536    2.036840536
   11.681681682    2.034575632    2.034575632    2.034575632
   11.696696697    2.032317894    2.032317894    2.032317894
   11.711711712    2.030067291    2.030067291    2.030067291
   11.726726727    2.027823796    2.027823796    2.027823796
   11.741741742    2.025587378    2.025587378    2.025587378
   11.756756757    2.023358009    2.023358009    2.023358009
   11.771771772    2.021135661    2.021135661    2.021135661
   11.786786787    2.018920304    2.018920304    2.018920304
   11.801801802    2.016711910    2.016711910    2.016711910
   11.816816817    2.014510452    2.014510452    2.014510452
   11.831831832    2.012315900    2.012315900    2.012315900
   11.846846847    2.010128227    2.010128227    2.010128227
   11.861861862    2.007947404    2.007947404    2.007947404
   11.876876877    2.005773405    2.005773405    2.005773405
   11.891891892    2.003606201    2.003606201    2.003606201
   11.906906907    2.001445766    2.001445766    2.001445766
   11.921921922    1.999292070    1.999292070    1.999292070
   11.936936937    1.997145089    1.997145089    1.997145089
   11.951951952    1.995004794    1.995004794    1.995004794
   11.966966967    1.992871158    1.992871158    1.992871158
   11.981981982    1.990744155    1.990744155    1.990744155
   11.996996997    1.988623757    1.988623757    1.988623757
   12.012012012    1.986509939    1.986509939    1.986509939
   12.027027027    1.984402674    1.984402674    1.984402674
   12.042042042    1.982301936    1.982301936    1.982301936
   12.057057057    1.980207698    1.980207698    1.980207698
   12.072072072    1.978119935    1.978119935    1.978119935
   12.087087087    1.976038620    1.976038620    1.976038620
   12.102102102    1.973963728    1.973963728    1.973963728
   12.117117117    1.971895234    1.971895234    1.971895234
   12.132132132    1.969833110    1.969833110    1.969833110
   12.147147147    1.967777333    1.967777333    1.967777333
   12.162162162    1.965727877    1.965727877    1.965727877
   12.177177177    1.963684717    1.963684717    1.963684717
   12.192192192    1.961647827    1.961647827    1.961647827
   12.207207207    1.959617183    1.959617183    1.959617183
   12.222222222    1.957592760    1.957592760    1.957592760
   12.237237237    1.955574533    1.955574533    1.955574533
   12.252252252    1.953562478    1.953562478    1.953562478
   12.267267267    1.951556570    1.951556570    1.951556570
   12.282282282    1.949556786    1.949556786    1.949556786
   12.297297297    1.947563100    1.947563100    1.947563100
   12.312312312    1.945575488    1.945575488    1.945575488
   12.327327327    1.943593927    1.943593927    1.943593927
   12.342342342    1.941618393    1.941618393    1.941618393
   12.357357357    1.939648862    1.939648862    1.939648862
   12.372372372    1.937685311    1.937685311    1.937685311
   12.387387387    1.935727715    1.935727715    1.935727715
   12.402402402    1.933776052    1.933776052    1.933776052
   12.417417417    1.931830299    1.931830299    1.931830299
   12.432432432    1.929890431    1.929890431    1.929890431
   12.447447447    1.927956426    1.927956426    1.927956426
   12.462462462    1.926028261    1.926028261    1.926028261
   12.477477477    1.924105913    1.924105913    1.924105913
   12.492492492    1.922189360    1.922189360    1.922189360
   12.507507508    1.920278578    1.920278578    1.920278578
   12.522522523    1.918373546    1.918373546    1.918373546
   12.537537538    1.916474240    1.916474240    1.916474240
   12.552552553    1.914580639    1.914580639    1.914580639
   12.567567568    1.912692720    1.912692720    1.912692720
   12.582582583    1.910810461    1.910810461    1.910810461
   12.597597598    1.908933840    1.908933840    1.908933840
   12.612612613    1.907062836    1.907062836    1.907062836
   12.627627628    1.905197426    1.905197426    1.905197426
   12.642642643    1.903337589    1.903337589    1.903337589
   12.657657658    1.901483303    1.901483303    1.901483303
   12.672672673    1.899634547    1.899634547    1.899634547
   12.687687688    1.897791299    1.897791299    1.897791299
   12.702702703    1.895953538    1.895953538    1.895953538
   12.717717718    1.894121243    1.894121243    1.894121243
   12.732732733    1.892294393    1.892294393    1.892294393
   12.747747748    1.890472966    1.890472966    1.890472966
   12.762762763    1.888656943    1.888656943    1.888656943
   12.777777778    1.886846301    1.886846301    1.886846301
   12.792792793    1.885041021    1.885041021    1.885041021
   12.807807808    1.883241082    1.883241082    1.883241082
   12.822822823    1.881446463    1.881446463    1.881446463
   12.837837838    1.879657144    1.879657144    1.879657144
   12.852852853    1.877873104    1.877873104    1.877873104
   12.867867868    1.876094324    1.876094324    1.876094324
   12.882882883    1.874320784    1.874320784    1.874320784
   12.897897898    1.872552462    1.872552462    1.872552462
   12.912912913    1.870789340    1.870789340    1.870789340
   12.927927928    1.869031398    1.869031398    1.869031398
   12.942942943    1.867278615    1.867278615    1.867278615
   12.957957958    1.865530972    1.865530972    1.865530972
   12.972972973    1.863788450    1.863788450    1.863788450
   12.987987988    1.862051029    1.862051029    1.862051029
   13.003003003    1.860318689    1.860318689    1.860318689
   13.018018018    1.858591412    1.858591412    1.858591412
   13.033033033    1.856869178    1.856869178    1.856869178
   13.048048048    1.855151968    1.855151968    1.855151968
   13.063063063    1.853439763    1.853439763    1.853439763
   13.078078078    1.851732545    1.851732545    1.851732545
   13.093093093    1.850030293    1.850030293    1.850030293
   13.108108108    1.848332990    1.848332990    1.848332990
   13.123123123    1.846640617    1.846640617    1.846640617
   13.138138138    1.844953155    1.844953155    1.844953155
   13.153153153    1.843270586    1.843270586    1.843270586
   13.168168168    1.841592891    1.841592891    1.841592891
   13.183183183    1.839920052    1.839920052    1.839920052
   13.198198198    1.838252051    1.838252051    1.838252051
   13.213213213    1.836588869    1.836588869    1.836588869
   13.228228228    1.834930489    1.834930489    1.834930489
   13.243243243    1.833276892    1.833276892    1.833276892
   13.258258258    1.831628061    1.831628061    1.831628061
   13.273273273    1.829983978    1.829983978    1.829983978
   13.288288288    1.828344624    1.828344624    1.828344624
   13.303303303    1.826709983    1.826709983    1.826709983
   13.318318318    1.825080036    1.825080036    1.825080036
   13.333333333    1.823454767    1.823454767    1.823454767
   13.348348348    1.821834157    1.821834157    1.821834157
   13.363363363    1.820218190    1.820218190    1.820218190
   13.378378378    1.818606847    1.818606847    1.818606847
   13.393393393    1.817000113    1.817000113    1.817000113
   13.408408408    1.815397969    1.815397969    1.815397969
   13.423423423    1.813800399    1.813800399    1.813800399
   13.438438438    1.812207386    1.812207386    1.812207386
   13.453453453    1.810618913    1.810618913    1.810618913
   13.468468468    1.809034963    1.809034963    1.809034963
   13.483483483    1.807455519    1.807455519    1.807455519
   13.498498498    1.805880565    1.805880565    1.805880565
   13.513513514    1.804310084    1.804310084    1.804310084
   13.528528529    1.802744059    1.802744059    1.802744059
   13.543543544    1.801182475    1.801182475    1.801182475
   13.558558559    1.799625314    1.799625314    1.799625314
   13.573573574    1.798072561    1.798072561    1.798072561
   13.588588589    1.796524199    1.796524199    1.796524199
   13.603603604    1.794980212    1.794980212    1.794980212
   13.618618619    1.793440585    1.793440585    1.793440585
   13.633633634    1.791905300    1.791905300    1.791905300
   13.648648649    1.790374342    1.790374342    1.790374342
   13.663663664    1.788847696    1.788847696    1.788847696
   13.678678679    1.787325346    1.787325346    1.787325346
   13.693693694    1.785807275    1.785807275    1.785807275
   13.708708709    1.784293468    1.784293468    1.784293468
   13.723723724    1.782783910    1.782783910    1.782783910
   13.738738739    1.781278584    1.781278584    1.781278584
   13.753753754    1.779777477    1.779777477    1.779777477
   13.768768769    1.778280572    1.778280572    1.778280572
   13.783783784    1.776787853    1.776787853    1.776787853
   13.798798799    1.775299307    1.775299307    1.775299307
   13.813813814    1.773814917    1.773814917    1.773814917
   13.828828829    1.772334668    1.772334668    1.772334668
   13.843843844    1.770858546    1.770858546    1.770858546
   13.858858859    1.769386535    1.769386535    1.769386535
   13.873873874    1.767918621    1.767918621    1.767918621
   13.888888889    1.766454789    1.766454789    1.766454789
   13.903903904    1.764995024    1.764995024    1.764995024
   13.918918919    1.763539311    1.763539311    1.763539311
   13.933933934    1.762087636    1.762087636    1.762087636
   13.948948949    1.760639983    1.760639983    1.760639983
   13.963963964    1.759196340    1.759196340    1.759196340
   13.978978979    1.757756690    1.757756690    1.757756690
   13.993993994    1.756321021    1.756321021    1.756321021
   14.009009009    1.754889317    1.754889317    1.754889317
   14.024024024    1.753461564    1.753461564    1.753461564
   14.039039039    1.752037748    1.752037748    1.752037748
   14.054054054    1.750617855    1.750617855    1.750617855
   14.069069069    1.749201870    1.749201870    1.749201870
   14.084084084    1.747789781    1.747789781    1.747789781
   14.099099099    1.746381573    1.746381573    1.746381573
   14.114114114    1.744977231    1.744977231    1.744977231
   14.129129129    1.743576743    1.743576743    1.743576743
   14.144144144    1.742180094    1.742180094    1.742180094
   14.159159159    1.740787271    1.740787271    1.740787271
   14.174174174    1.739398260    1.739398260    1.739398260
   14.189189189    1.738013048    1.738013048    1.738013048
   14.204204204    1.736631620    1.736631620    1.736631620
   14.219219219    1.735253964    1.735253964    1.735253964
   14.234234234    1.733880066    1.733880066    1.733880066
   14.249249249    1.732509913    1.732509913    1.732509913
   14.264264264    1.731143492    1.731143492    1.731143492
   14.279279279    1.729780789    1.729780789    1.729780789
   14.294294294    1.728421791    1.728421791    1.728421791
   14.309309309    1.727066485    1.727066485    1.727066485
   14.324324324    1.725714857    1.725714857    1.725714857
   14.339339339    1.724366896    1.724366896    1.724366896
   14.354354354    1.723022588    1.723022588    1.723022588
   14.369369369    1.721681920    1.721681920    1.721681920
   14.384384384    1.720344879    1.720344879    1.720344879
   14.399399399    1.719011452    1.719011452    1.719011452
   14.414414414    1.717681628    1.717681628    1.717681628
   14.429429429    1.716355392    1.716355392    1.716355392
   14.444444444    1.715032733    1.715032733    1.715032733
   14.459459459    1.713713638    1.713713638    1.713713638
   14.474474474    1.712398094    1.712398094    1.712398094
   14.489489489    1.711086089    1.711086089    1.711086089
   14.504504505    1.709777611    1.709777611    1.709777611
   14.519519520    1.708472647    1.708472647    1.708472647
   14.534534535    1.707171185    1.707171185    1.707171185
   14.549549550    1.705873213    1.705873213    1.705873213
   14.564564565    1.704578718    1.704578718    1.704578718
   14.579579580    1.703287688    1.703287688    1.703287688
   14.594594595    1.702000112    1.702000112    1.702000112
   14.609609610    1.700715977    1.700715977    1.700715977
   14.624624625    1.699435271    1.699435271    1.699435271
   14.639639640    1.698157983    1.698157983    1.698157983
   14.654654655    1.696884100    1.696884100    1.696884100
   14.669669670    1.695613611    1.695613611    1.695613611
   14.684684685    1.694346503    1.694346503    1.694346503
   14.699699700    1.693082766    1.693082766    1.693082766
   14.714714715    1.691822387    1.691822387    1.691822387
   14.729729730    1.690565355    1.690565355    1.690565355
   14.744744745    1.689311658    1.689311658    1.689311658
   14.759759760    1.688061285    1.688061285    1.688061285
   14.774774775    1.686814224    1.686814224    1.686814224
   14.789789790    1.685570464    1.685570464    1.685570464
   14.804804805    1.684329993    1.684329993    1.684329993
   14.819819820    1.683092800    1.683092800    1.683092800
   14.834834835    1.681858875    1.681858875    1.681858875
   14.849849850    1.680628204    1.680628204    1.680628204
   14.864864865    1.679400778    1.679400778    1.679400778
   14.879879880    1.678176586    1.678176586    1.678176586
   14.894894895    1.676955615    1.676955615    1.676955615
   14.909909910    1.675737855    1.675737855    1.675737855
   14.924924925    1.674523296    1.674523296    1.674523296
   14.939939940    1.673311925    1.673311925    1.673311925
   14.954954955    1.672103733    1.672103733    1.672103733
   14.969969970    1.670898708    1.670898708    1.670898708
   14.984984985    1.669696839    1.669696839    1.669696839
   15.000000000    1.668498117    1.668498117    1.668498117
