# energy grid [eV]     JDOS [1/eV]
#
    0.000000000    0.000000000
    0.015015015    0.000000000
    0.030030030    0.000000000
    0.045045045    0.000000000
    0.060060060    0.000000000
    0.075075075    0.000000000
    0.090090090    0.000000000
    0.105105105    0.000000000
    0.120120120    0.000000000
    0.135135135    0.000000000
    0.150150150    0.000000000
    0.165165165    0.000000000
    0.180180180    0.000000000
    0.195195195    0.000000000
    0.210210210    0.000000000
    0.225225225    0.000000000
    0.240240240    0.000000000
    0.255255255    0.000000000
    0.270270270    0.000000000
    0.285285285    0.000000000
    0.300300300    0.000000000
    0.315315315    0.000000000
    0.330330330    0.000000000
    0.345345345    0.000000001
    0.360360360    0.000000002
    0.375375375    0.000000004
    0.390390390    0.000000009
    0.405405405    0.000000019
    0.420420420    0.000000039
    0.435435435    0.000000074
    0.450450450    0.000000137
    0.465465465    0.000000241
    0.480480480    0.000000405
    0.495495495    0.000000652
    0.510510511    0.000001005
    0.525525526    0.000001481
    0.540540541    0.000002092
    0.555555556    0.000002831
    0.570570571    0.000003675
    0.585585586    0.000004584
    0.600600601    0.000005505
    0.615615616    0.000006386
    0.630630631    0.000007186
    0.645645646    0.000007890
    0.660660661    0.000008521
    0.675675676    0.000009138
    0.690690691    0.000009829
    0.705705706    0.000010694
    0.720720721    0.000011825
    0.735735736    0.000013276
    0.750750751    0.000015055
    0.765765766    0.000017104
    0.780780781    0.000019312
    0.795795796    0.000021529
    0.810810811    0.000023595
    0.825825826    0.000025374
    0.840840841    0.000026773
    0.855855856    0.000027763
    0.870870871    0.000028377
    0.885885886    0.000028696
    0.900900901    0.000028834
    0.915915916    0.000028918
    0.930930931    0.000029086
    0.945945946    0.000029479
    0.960960961    0.000030248
    0.975975976    0.000031551
    0.990990991    0.000033546
    1.006006006    0.000036362
    1.021021021    0.000040071
    1.036036036    0.000044655
    1.051051051    0.000049982
    1.066066066    0.000055808
    1.081081081    0.000061797
    1.096096096    0.000067560
    1.111111111    0.000072711
    1.126126126    0.000076911
    1.141141141    0.000079906
    1.156156156    0.000081562
    1.171171171    0.000081872
    1.186186186    0.000080985
    1.201201201    0.000079203
    1.216216216    0.000076990
    1.231231231    0.000074945
    1.246246246    0.000073751
    1.261261261    0.000074087
    1.276276276    0.000076525
    1.291291291    0.000081419
    1.306306306    0.000088824
    1.321321321    0.000098462
    1.336336336    0.000109745
    1.351351351    0.000121864
    1.366366366    0.000133918
    1.381381381    0.000145056
    1.396396396    0.000154624
    1.411411411    0.000162265
    1.426426426    0.000167981
    1.441441441    0.000172134
    1.456456456    0.000175390
    1.471471471    0.000178614
    1.486486486    0.000182735
    1.501501502    0.000188593
    1.516516517    0.000196806
    1.531531532    0.000207688
    1.546546547    0.000221246
    1.561561562    0.000237272
    1.576576577    0.000255511
    1.591591592    0.000275888
    1.606606607    0.000298704
    1.621621622    0.000324758
    1.636636637    0.000355331
    1.651651652    0.000392019
    1.666666667    0.000436433
    1.681681682    0.000489843
    1.696696697    0.000552836
    1.711711712    0.000625069
    1.726726727    0.000705194
    1.741741742    0.000790939
    1.756756757    0.000879358
    1.771771772    0.000967174
    1.786786787    0.001051159
    1.801801802    0.001128500
    1.816816817    0.001197097
    1.831831832    0.001255788
    1.846846847    0.001304459
    1.861861862    0.001344049
    1.876876877    0.001376403
    1.891891892    0.001403964
    1.906906907    0.001429314
    1.921921922    0.001454630
    1.936936937    0.001481182
    1.951951952    0.001509017
    1.966966967    0.001536959
    1.981981982    0.001562962
    1.996996997    0.001584752
    2.012012012    0.001600578
    2.027027027    0.001609851
    2.042042042    0.001613483
    2.057057057    0.001613809
    2.072072072    0.001614118
    2.087087087    0.001617919
    2.102102102    0.001628130
    2.117117117    0.001646379
    2.132132132    0.001672589
    2.147147147    0.001704912
    2.162162162    0.001740046
    2.177177177    0.001773849
    2.192192192    0.001802150
    2.207207207    0.001821582
    2.222222222    0.001830268
    2.237237237    0.001828219
    2.252252252    0.001817346
    2.267267267    0.001801110
    2.282282282    0.001783876
    2.297297297    0.001770161
    2.312312312    0.001763920
    2.327327327    0.001768014
    2.342342342    0.001783924
    2.357357357    0.001811685
    2.372372372    0.001849979
    2.387387387    0.001896322
    2.402402402    0.001947316
    2.417417417    0.001998950
    2.432432432    0.002047006
    2.447447447    0.002087540
    2.462462462    0.002117418
    2.477477477    0.002134783
    2.492492492    0.002139364
    2.507507508    0.002132529
    2.522522523    0.002117074
    2.537537538    0.002096821
    2.552552553    0.002076130
    2.567567568    0.002059426
    2.582582583    0.002050809
    2.597597598    0.002053724
    2.612612613    0.002070680
    2.627627628    0.002102956
    2.642642643    0.002150339
    2.657657658    0.002210957
    2.672672673    0.002281307
    2.687687688    0.002356588
    2.702702703    0.002431344
    2.717717718    0.002500340
    2.732732733    0.002559504
    2.747747748    0.002606712
    2.762762763    0.002642214
    2.777777778    0.002668601
    2.792792793    0.002690325
    2.807807808    0.002712890
    2.822822823    0.002741938
    2.837837838    0.002782413
    2.852852853    0.002837954
    2.867867868    0.002910581
    2.882882883    0.003000639
    2.897897898    0.003106932
    2.912912913    0.003226973
    2.927927928    0.003357299
    2.942942943    0.003493842
    2.957957958    0.003632332
    2.972972973    0.003768732
    2.987987988    0.003899629
    3.003003003    0.004022518
    3.018018018    0.004135899
    3.033033033    0.004239180
    3.048048048    0.004332415
    3.063063063    0.004415985
    3.078078078    0.004490351
    3.093093093    0.004555966
    3.108108108    0.004613396
    3.123123123    0.004663579
    3.138138138    0.004708131
    3.153153153    0.004749544
    3.168168168    0.004791169
    3.183183183    0.004836948
    3.198198198    0.004890924
    3.213213213    0.004956619
    3.228228228    0.005036424
    3.243243243    0.005131140
    3.258258258    0.005239741
    3.273273273    0.005359451
    3.288288288    0.005486090
    3.303303303    0.005614656
    3.318318318    0.005740034
    3.333333333    0.005857731
    3.348348348    0.005964537
    3.363363363    0.006059017
    3.378378378    0.006141787
    3.393393393    0.006215528
    3.408408408    0.006284720
    3.423423423    0.006355113
    3.438438438    0.006432977
    3.453453453    0.006524257
    3.468468468    0.006633780
    3.483483483    0.006764704
    3.498498498    0.006918359
    3.513513514    0.007094540
    3.528528529    0.007292179
    3.543543544    0.007510197
    3.558558559    0.007748209
    3.573573574    0.008006786
    3.588588589    0.008287036
    3.603603604    0.008589502
    3.618618619    0.008912577
    3.633633634    0.009250922
    3.648648649    0.009594403
    3.663663664    0.009928091
    3.678678679    0.010233540
    3.693693694    0.010491248
    3.708708709    0.010683770
    3.723723724    0.010798736
    3.738738739    0.010830991
    3.753753754    0.010783326
    3.768768769    0.010665719
    3.783783784    0.010493398
    3.798798799    0.010284357
    3.813813814    0.010056930
    3.828828829    0.009827854
    3.843843844    0.009610931
    3.858858859    0.009416188
    3.873873874    0.009249386
    3.888888889    0.009111842
    3.903903904    0.009000680
    3.918918919    0.008909707
    3.933933934    0.008830954
    3.948948949    0.008756713
    3.963963964    0.008681594
    3.978978979    0.008604015
    3.993993994    0.008526615
    4.009009009    0.008455390
    4.024024024    0.008397753
    4.039039039    0.008360091
    4.054054054    0.008345572
    4.069069069    0.008352892
    4.084084084    0.008376349
    4.099099099    0.008407271
    4.114114114    0.008436340
    4.129129129    0.008456149
    4.144144144    0.008463214
    4.159159159    0.008458865
    4.174174174    0.008448766
    4.189189189    0.008441262
    4.204204204    0.008445048
    4.219219219    0.008466846
    4.234234234    0.008509724
    4.249249249    0.008572420
    4.264264264    0.008649750
    4.279279279    0.008733870
    4.294294294    0.008815994
    4.309309309    0.008888162
    4.324324324    0.008944715
    4.339339339    0.008983241
    4.354354354    0.009004914
    4.369369369    0.009014196
    4.384384384    0.009017998
    4.399399399    0.009024450
    4.414414414    0.009041530
    4.429429429    0.009075843
    4.444444444    0.009131806
    4.459459459    0.009211382
    4.474474474    0.009314322
    4.489489489    0.009438743
    4.504504505    0.009581755
    4.519519520    0.009739895
    4.534534535    0.009909271
    4.549549550    0.010085476
    4.564564565    0.010263457
    4.579579580    0.010437552
    4.594594595    0.010601827
    4.609609610    0.010750679
    4.624624625    0.010879570
    4.639639640    0.010985668
    4.654654655    0.011068268
    4.669669670    0.011128901
    4.684684685    0.011171217
    4.699699700    0.011200703
    4.714714715    0.011224322
    4.729729730    0.011250054
    4.744744745    0.011286321
    4.759759760    0.011341233
    4.774774775    0.011421722
    4.789789790    0.011532683
    4.804804805    0.011676340
    4.819819820    0.011852021
    4.834834835    0.012056432
    4.849849850    0.012284351
    4.864864865    0.012529547
    4.879879880    0.012785584
    4.894894895    0.013046280
    4.909909910    0.013305652
    4.924924925    0.013557445
    4.939939940    0.013794531
    4.954954955    0.014008565
    4.969969970    0.014190251
    4.984984985    0.014330394
    5.000000000    0.014421575
    5.015015015    0.014460002
    5.030030030    0.014446949
    5.045045045    0.014389202
    5.060060060    0.014298238
    5.075075075    0.014188226
    5.090090090    0.014073348
    5.105105105    0.013965157
    5.120120120    0.013870695
    5.135135135    0.013791850
    5.150150150    0.013726057
    5.165165165    0.013668040
    5.180180180    0.013612001
    5.195195195    0.013553561
    5.210210210    0.013490890
    5.225225225    0.013424758
    5.240240240    0.013357614
    5.255255255    0.013292129
    5.270270270    0.013229809
    5.285285285    0.013170212
    5.300300300    0.013111087
    5.315315315    0.013049363
    5.330330330    0.012982615
    5.345345345    0.012910451
    5.360360360    0.012835300
    5.375375375    0.012762308
    5.390390390    0.012698372
    5.405405405    0.012650626
    5.420420420    0.012624840
    5.435435435    0.012624190
    5.450450450    0.012648689
    5.465465465    0.012695313
    5.480480480    0.012758680
    5.495495495    0.012831986
    5.510510511    0.012907957
    5.525525526    0.012979609
    5.540540541    0.013040825
    5.555555556    0.013086787
    5.570570571    0.013114375
    5.585585586    0.013122539
    5.600600601    0.013112560
    5.615615616    0.013088006
    5.630630631    0.013054244
    5.645645646    0.013017457
    5.660660661    0.012983380
    5.675675676    0.012956081
    5.690690691    0.012937223
    5.705705706    0.012926034
    5.720720721    0.012920008
    5.735735736    0.012916040
    5.750750751    0.012911564
    5.765765766    0.012905275
    5.780780781    0.012897261
    5.795795796    0.012888573
    5.810810811    0.012880549
    5.825825826    0.012874166
    5.840840841    0.012869668
    5.855855856    0.012866511
    5.870870871    0.012863516
    5.885885886    0.012859101
    5.900900901    0.012851467
    5.915915916    0.012838731
    5.930930931    0.012819057
    5.945945946    0.012790838
    5.960960961    0.012752963
    5.975975976    0.012705127
    5.990990991    0.012648111
    6.006006006    0.012583948
    6.021021021    0.012515897
    6.036036036    0.012448192
    6.051051051    0.012385552
    6.066066066    0.012332522
    6.081081081    0.012292741
    6.096096096    0.012268315
    6.111111111    0.012259448
    6.126126126    0.012264475
    6.141141141    0.012280267
    6.156156156    0.012302925
    6.171171171    0.012328520
    6.186186186    0.012353685
    6.201201201    0.012375913
    6.216216216    0.012393535
    6.231231231    0.012405492
    6.246246246    0.012411049
    6.261261261    0.012409613
    6.276276276    0.012400721
    6.291291291    0.012384200
    6.306306306    0.012360393
    6.321321321    0.012330341
    6.336336336    0.012295793
    6.351351351    0.012259035
    6.366366366    0.012222570
    6.381381381    0.012188753
    6.396396396    0.012159527
    6.411411411    0.012136316
    6.426426426    0.012120088
    6.441441441    0.012111511
    6.456456456    0.012111067
    6.471471471    0.012119025
    6.486486486    0.012135230
    6.501501502    0.012158769
    6.516516517    0.012187647
    6.531531532    0.012218652
    6.546546547    0.012247542
    6.561561562    0.012269603
    6.576576577    0.012280504
    6.591591592    0.012277289
    6.606606607    0.012259257
    6.621621622    0.012228509
    6.636636637    0.012189974
    6.651651652    0.012150836
    6.666666667    0.012119378
    6.681681682    0.012103415
    6.696696697    0.012108604
    6.711711712    0.012136986
    6.726726727    0.012186150
    6.741741742    0.012249305
    6.756756757    0.012316362
    6.771771772    0.012375864
    6.786786787    0.012417377
    6.801801802    0.012433759
    6.816816817    0.012422732
    6.831831832    0.012387342
    6.846846847    0.012335165
    6.861861862    0.012276500
    6.876876877    0.012222038
    6.891891892    0.012180676
    6.906906907    0.012158032
    6.921921922    0.012156008
    6.936936937    0.012173366
    6.951951952    0.012206959
    6.966966967    0.012253081
    6.981981982    0.012308411
    6.996996997    0.012370238
    7.012012012    0.012436027
    7.027027027    0.012502641
    7.042042042    0.012565748
    7.057057057    0.012619834
    7.072072072    0.012659027
    7.087087087    0.012678540
    7.102102102    0.012676278
    7.117117117    0.012653992
    7.132132132    0.012617480
    7.147147147    0.012575647
    7.162162162    0.012538609
    7.177177177    0.012515365
    7.192192192    0.012511723
    7.207207207    0.012529097
    7.222222222    0.012564514
    7.237237237    0.012611814
    7.252252252    0.012663649
    7.267267267    0.012713681
    7.282282282    0.012758324
    7.297297297    0.012797556
    7.312312312    0.012834605
    7.327327327    0.012874682
    7.342342342    0.012923199
    7.357357357    0.012984038
    7.372372372    0.013058416
    7.387387387    0.013144648
    7.402402402    0.013238847
    7.417417417    0.013336287
    7.432432432    0.013432987
    7.447447447    0.013526991
    7.462462462    0.013618955
    7.477477477    0.013711864
    7.492492492    0.013809942
    7.507507508    0.013917094
    7.522522523    0.014035348
    7.537537538    0.014163774
    7.552552553    0.014298247
    7.567567568    0.014432166
    7.582582583    0.014557963
    7.597597598    0.014668970
    7.612612613    0.014761099
    7.627627628    0.014833848
    7.642642643    0.014890341
    7.657657658    0.014936478
    7.672672673    0.014979511
    7.687687688    0.015026530
    7.702702703    0.015083313
    7.717717718    0.015153776
    7.732732733    0.015240000
    7.747747748    0.015342628
    7.762762763    0.015461310
    7.777777778    0.015594963
    7.792792793    0.015741755
    7.807807808    0.015898881
    7.822822823    0.016062322
    7.837837838    0.016226780
    7.852852853    0.016385931
    7.867867868    0.016533063
    7.882882883    0.016662007
    7.897897898    0.016768228
    7.912912913    0.016849846
    7.927927928    0.016908322
    7.942942943    0.016948593
    7.957957958    0.016978508
    7.972972973    0.017007569
    7.987987988    0.017045203
    8.003003003    0.017098910
    8.018018018    0.017172763
    8.033033033    0.017266649
    8.048048048    0.017376452
    8.063063063    0.017495137
    8.078078078    0.017614403
    8.093093093    0.017726489
    8.108108108    0.017825680
    8.123123123    0.017909237
    8.138138138    0.017977655
    8.153153153    0.018034323
    8.168168168    0.018084747
    8.183183183    0.018135503
    8.198198198    0.018193059
    8.213213213    0.018262595
    8.228228228    0.018347001
    8.243243243    0.018446237
    8.258258258    0.018557280
    8.273273273    0.018674732
    8.288288288    0.018792014
    8.303303303    0.018902828
    8.318318318    0.019002465
    8.333333333    0.019088513
    8.348348348    0.019160756
    8.363363363    0.019220311
    8.378378378    0.019268371
    8.393393393    0.019305046
    8.408408408    0.019328760
    8.423423423    0.019336434
    8.438438438    0.019324347
    8.453453453    0.019289325
    8.468468468    0.019229791
    8.483483483    0.019146293
    8.498498498    0.019041378
    8.513513514    0.018918935
    8.528528529    0.018783366
    8.543543544    0.018638950
    8.558558559    0.018489653
    8.573573574    0.018339391
    8.588588589    0.018192505
    8.603603604    0.018054101
    8.618618619    0.017929919
    8.633633634    0.017825633
    8.648648649    0.017745702
    8.663663664    0.017692152
    8.678678679    0.017663708
    8.693693694    0.017655608
    8.708708709    0.017660210
    8.723723724    0.017668238
    8.738738739    0.017670336
    8.753753754    0.017658533
    8.768768769    0.017627327
    8.783783784    0.017574196
    8.798798799    0.017499563
    8.813813814    0.017406303
    8.828828829    0.017298973
    8.843843844    0.017182922
    8.858858859    0.017063433
    8.873873874    0.016945019
    8.888888889    0.016830973
    8.903903904    0.016723232
    8.918918919    0.016622565
    8.933933934    0.016529017
    8.948948949    0.016442458
    8.963963964    0.016363054
    8.978978979    0.016291486
    8.993993994    0.016228815
    9.009009009    0.016176050
    9.024024024    0.016133593
    9.039039039    0.016100808
    9.054054054    0.016075959
    9.069069069    0.016056581
    9.084084084    0.016040208
    9.099099099    0.016025188
    9.114114114    0.016011275
    9.129129129    0.015999789
    9.144144144    0.015993267
    9.159159159    0.015994768
    9.174174174    0.016007061
    9.189189189    0.016031946
    9.204204204    0.016069867
    9.219219219    0.016119838
    9.234234234    0.016179611
    9.249249249    0.016246009
    9.264264264    0.016315351
    9.279279279    0.016383939
    9.294294294    0.016448577
    9.309309309    0.016507031
    9.324324324    0.016558325
    9.339339339    0.016602748
    9.354354354    0.016641517
    9.369369369    0.016676189
    9.384384384    0.016708003
    9.399399399    0.016737403
    9.414414414    0.016763939
    9.429429429    0.016786574
    9.444444444    0.016804269
    9.459459459    0.016816606
    9.474474474    0.016824185
    9.489489489    0.016828653
    9.504504505    0.016832385
    9.519519520    0.016837994
    9.534534535    0.016847891
    9.549549550    0.016864113
    9.564564565    0.016888457
    9.579579580    0.016922839
    9.594594595    0.016969647
    9.609609610    0.017031838
    9.624624625    0.017112587
    9.639639640    0.017214488
    9.654654655    0.017338453
    9.669669670    0.017482674
    9.684684685    0.017642006
    9.699699700    0.017808097
    9.714714715    0.017970353
    9.729729730    0.018117612
    9.744744745    0.018240126
    9.759759760    0.018331383
    9.774774775    0.018389285
    9.789789790    0.018416411
    9.804804805    0.018419353
    9.819819820    0.018407350
    9.834834835    0.018390633
    9.849849850    0.018378910
    9.864864865    0.018380303
    9.879879880    0.018400845
    9.894894895    0.018444431
    9.909909910    0.018513014
    9.924924925    0.018606775
    9.939939940    0.018724170
    9.954954955    0.018861866
    9.969969970    0.019014740
    9.984984985    0.019176160
   10.000000000    0.019338668
   10.015015015    0.019495019
   10.030030030    0.019639351
   10.045045045    0.019768127
   10.060060060    0.019880521
   10.075075075    0.019978088
   10.090090090    0.020063757
   10.105105105    0.020140468
   10.120120120    0.020209873
   10.135135135    0.020271516
   10.150150150    0.020322771
   10.165165165    0.020359543
   10.180180180    0.020377505
   10.195195195    0.020373469
   10.210210210    0.020346481
   10.225225225    0.020298309
   10.240240240    0.020233231
   10.255255255    0.020157217
   10.270270270    0.020076752
   10.285285285    0.019997618
   10.300300300    0.019923894
   10.315315315    0.019857348
   10.330330330    0.019797284
   10.345345345    0.019740836
   10.360360360    0.019683605
   10.375375375    0.019620528
   10.390390390    0.019546841
   10.405405405    0.019458990
   10.420420420    0.019355363
   10.435435435    0.019236746
   10.450450450    0.019106436
   10.465465465    0.018969977
   10.480480480    0.018834545
   10.495495495    0.018708043
   10.510510511    0.018598045
   10.525525526    0.018510756
   10.540540541    0.018450159
   10.555555556    0.018417519
   10.570570571    0.018411292
   10.585585586    0.018427442
   10.600600601    0.018460094
   10.615615616    0.018502407
   10.630630631    0.018547567
   10.645645646    0.018589777
   10.660660661    0.018625122
   10.675675676    0.018652174
   10.690690691    0.018672222
   10.705705706    0.018689034
   10.720720721    0.018708179
   10.735735736    0.018736021
   10.750750751    0.018778569
   10.765765766    0.018840428
   10.780780781    0.018924038
   10.795795796    0.019029320
   10.810810811    0.019153781
   10.825825826    0.019292981
   10.840840841    0.019441240
   10.855855856    0.019592397
   10.870870871    0.019740467
   10.885885886    0.019880106
   10.900900901    0.020006877
   10.915915916    0.020117382
   10.930930931    0.020209376
   10.945945946    0.020281926
   10.960960961    0.020335631
   10.975975976    0.020372823
   10.990990991    0.020397626
   11.006006006    0.020415737
   11.021021021    0.020433853
   11.036036036    0.020458757
   11.051051051    0.020496183
   11.066066066    0.020549659
   11.081081081    0.020619595
   11.096096096    0.020702840
   11.111111111    0.020792885
   11.126126126    0.020880759
   11.141141141    0.020956479
   11.156156156    0.021010801
   11.171171171    0.021036892
   11.186186186    0.021031535
   11.201201201    0.020995596
   11.216216216    0.020933637
   11.231231231    0.020852830
   11.246246246    0.020761467
   11.261261261    0.020667492
   11.276276276    0.020577420
   11.291291291    0.020495866
   11.306306306    0.020425717
   11.321321321    0.020368802
   11.336336336    0.020326771
   11.351351351    0.020301901
   11.366366366    0.020297522
   11.381381381    0.020317913
   11.396396396    0.020367615
   11.411411411    0.020450266
   11.426426426    0.020567245
   11.441441441    0.020716478
   11.456456456    0.020891801
   11.471471471    0.021083142
   11.486486486    0.021277606
   11.501501502    0.021461279
   11.516516517    0.021621360
   11.531531532    0.021748152
   11.546546547    0.021836447
   11.561561562    0.021886038
   11.576576577    0.021901331
   11.591591592    0.021890218
   11.606606607    0.021862570
   11.621621622    0.021828696
   11.636636637    0.021798071
   11.651651652    0.021778486
   11.666666667    0.021775645
   11.681681682    0.021793129
   11.696696697    0.021832617
   11.711711712    0.021894253
   11.726726727    0.021977088
   11.741741742    0.022079533
   11.756756757    0.022199746
   11.771771772    0.022335889
   11.786786787    0.022486148
   11.801801802    0.022648466
   11.816816817    0.022820012
   11.831831832    0.022996500
   11.846846847    0.023171569
   11.861861862    0.023336480
   11.876876877    0.023480376
   11.891891892    0.023591214
   11.906906907    0.023657354
   11.921921922    0.023669578
   11.936936937    0.023623154
   11.951951952    0.023519474
   11.966966967    0.023366798
   11.981981982    0.023179765
   11.996996997    0.022977598
   12.012012012    0.022781221
   12.027027027    0.022609838
   12.042042042    0.022477735
   12.057057057    0.022392081
   12.072072072    0.022352344
   12.087087087    0.022351473
   12.102102102    0.022378555
   12.117117117    0.022422140
   12.132132132    0.022473255
   12.147147147    0.022527174
   12.162162162    0.022583471
   12.177177177    0.022644473
   12.192192192    0.022712763
   12.207207207    0.022788757
   12.222222222    0.022869256
   12.237237237    0.022947541
   12.252252252    0.023014936
   12.267267267    0.023063252
   12.282282282    0.023087224
   12.297297297    0.023086097
   12.312312312    0.023063861
   12.327327327    0.023028163
   12.342342342    0.022988354
   12.357357357    0.022953385
   12.372372372    0.022930200
   12.387387387    0.022923001
   12.402402402    0.022933347
   12.417417417    0.022960785
   12.432432432    0.023003550
   12.447447447    0.023059016
   12.462462462    0.023123784
   12.477477477    0.023193555
   12.492492492    0.023263029
   12.507507508    0.023326072
   12.522522523    0.023376223
   12.537537538    0.023407461
   12.552552553    0.023415047
   12.567567568    0.023396213
   12.582582583    0.023350584
   12.597597598    0.023280261
   12.612612613    0.023189617
   12.627627628    0.023084875
   12.642642643    0.022973555
   12.657657658    0.022863852
   12.672672673    0.022764022
   12.687687688    0.022681784
   12.702702703    0.022623806
   12.717717718    0.022595246
   12.732732733    0.022599361
   12.747747748    0.022637184
   12.762762763    0.022707275
   12.777777778    0.022805637
   12.792792793    0.022925869
   12.807807808    0.023059649
   12.822822823    0.023197559
   12.837837838    0.023330148
   12.852852853    0.023449062
   12.867867868    0.023547998
   12.882882883    0.023623286
   12.897897898    0.023673992
   12.912912913    0.023701577
   12.927927928    0.023709234
   12.942942943    0.023701097
   12.957957958    0.023681519
   12.972972973    0.023654559
   12.987987988    0.023623743
   13.003003003    0.023592093
   13.018018018    0.023562344
   13.033033033    0.023537236
   13.048048048    0.023519741
   13.063063063    0.023513127
   13.078078078    0.023520774
   13.093093093    0.023545750
   13.108108108    0.023590222
   13.123123123    0.023654824
   13.138138138    0.023738186
   13.153153153    0.023836764
   13.168168168    0.023945083
   13.183183183    0.024056375
   13.198198198    0.024163447
   13.213213213    0.024259572
   13.228228228    0.024339122
   13.243243243    0.024397816
   13.258258258    0.024432578
   13.273273273    0.024441176
   13.288288288    0.024421951
   13.303303303    0.024373845
   13.318318318    0.024296871
   13.333333333    0.024192864
   13.348348348    0.024066261
   13.363363363    0.023924542
   13.378378378    0.023778067
   13.393393393    0.023639257
   13.408408408    0.023521206
   13.423423423    0.023436028
   13.438438438    0.023393225
   13.453453453    0.023398377
   13.468468468    0.023452315
   13.483483483    0.023550890
   13.498498498    0.023685347
   13.513513514    0.023843232
   13.528528529    0.024009734
   13.543543544    0.024169288
   13.558558559    0.024307264
   13.573573574    0.024411541
   13.588588589    0.024473823
   13.603603604    0.024490570
   13.618618619    0.024463465
   13.633633634    0.024399367
   13.648648649    0.024309722
   13.663663664    0.024209438
   13.678678679    0.024115294
   13.693693694    0.024044017
   13.708708709    0.024010257
   13.723723724    0.024024731
   13.738738739    0.024092829
   13.753753754    0.024213905
   13.768768769    0.024381373
   13.783783784    0.024583593
   13.798798799    0.024805403
   13.813813814    0.025030054
   13.828828829    0.025241287
   13.843843844    0.025425251
   13.858858859    0.025572033
   13.873873874    0.025676618
   13.888888889    0.025739157
   13.903903904    0.025764562
   13.918918919    0.025761497
   13.933933934    0.025740986
   13.948948949    0.025714849
   13.963963964    0.025694230
   13.978978979    0.025688407
   13.993993994    0.025703991
   14.009009009    0.025744579
   14.024024024    0.025810819
   14.039039039    0.025900838
   14.054054054    0.026010920
   14.069069069    0.026136277
   14.084084084    0.026271791
   14.099099099    0.026412566
   14.114114114    0.026554251
   14.129129129    0.026693098
   14.144144144    0.026825834
   14.159159159    0.026949397
   14.174174174    0.027060611
   14.189189189    0.027155845
   14.204204204    0.027230753
   14.219219219    0.027280177
   14.234234234    0.027298388
   14.249249249    0.027279753
   14.264264264    0.027219842
   14.279279279    0.027116788
   14.294294294    0.026972563
   14.309309309    0.026793721
   14.324324324    0.026591263
   14.339339339    0.026379492
   14.354354354    0.026174033
   14.369369369    0.025989495
   14.384384384    0.025837379
   14.399399399    0.025724773
   14.414414414    0.025654118
   14.429429429    0.025623984
   14.444444444    0.025630481
   14.459459459    0.025668801
   14.474474474    0.025734396
   14.489489489    0.025823523
   14.504504505    0.025933132
   14.519519520    0.026060300
   14.534534535    0.026201525
   14.549549550    0.026352180
   14.564564565    0.026506334
   14.579579580    0.026656996
   14.594594595    0.026796725
   14.609609610    0.026918466
   14.624624625    0.027016415
   14.639639640    0.027086722
   14.654654655    0.027127869
   14.669669670    0.027140632
   14.684684685    0.027127613
   14.699699700    0.027092506
   14.714714715    0.027039292
   14.729729730    0.026971667
   14.744744745    0.026892875
   14.759759760    0.026806003
   14.774774775    0.026714555
   14.789789790    0.026622963
   14.804804805    0.026536677
   14.819819820    0.026461608
   14.834834835    0.026403022
   14.849849850    0.026364246
   14.864864865    0.026345735
   14.879879880    0.026344983
   14.894894895    0.026357434
   14.909909910    0.026378135
   14.924924925    0.026403542
   14.939939940    0.026432774
   14.954954955    0.026467809
   14.969969970    0.026512526
   14.984984985    0.026570940
   15.000000000    0.026645278
